1528592168.00
64.000000
-0.00
-0.00
-0.00
-0.00
-0.00
-0.00
-0.00
-0.00
-0.00
-0.00
0.00
0.01
0.01
-0.00
-0.03
-0.05
-0.05
0.00
0.13
0.36
0.66
1.01
1.37
1.72
2.06
2.40
2.79
3.24
3.80
4.42
5.06
5.66
6.20
6.68
7.15
7.68
8.31
9.14
10.09
11.04
11.88
12.56
13.14
13.76
14.65
15.96
17.91
20.32
22.90
25.38
27.58
29.58
31.68
34.32
37.81
42.53
48.14
54.12
59.87
65.02
69.63
74.14
79.25
85.47
93.38
102.47
111.97
121.01
129.01
135.97
142.49
149.87
156.81
165.58
176.80
190.59
205.76
219.36
227.02
224.04
207.01
175.06
130.63
77.64
20.50
-37.56
-95.05
-151.85
-208.20
-263.89
-318.04
-369.06
-415.82
-457.44
-493.30
-522.63
-544.30
-556.80
-558.54
-548.41
-525.94
-492.00
-448.38
-397.62
-342.50
-285.65
-229.20
-174.66
-123.05
-74.94
-30.89
8.61
43.13
72.35
96.21
114.86
128.44
136.94
140.38
139.18
134.92
130.31
128.63
132.51
142.85
158.45
176.46
193.48
206.59
213.98
214.93
209.60
198.81
183.88
166.55
148.62
131.54
116.19
102.93
91.89
83.07
76.29
70.92
65.98
60.57
54.50
48.06
41.96
36.78
32.61
29.11
25.82
22.60
19.68
17.25
15.17
12.80
9.35
4.43
-1.62
-7.77
-12.64
-15.09
-14.71
-11.96
-8.00
-4.32
-2.07
-1.66
-2.59
-3.85
-4.47
-4.18
-3.44
-3.09
-3.75
-5.34
-7.12
-8.10
-7.63
-5.80
-3.41
-1.56
-1.12
-2.25
-4.38
-6.45
-7.50
-7.13
-5.72
-4.13
-3.22
-3.40
-4.37
-5.38
-5.72
-5.00
-3.39
-1.43
0.19
0.94
0.57
-0.86
-2.90
-4.85
-5.92
-5.61
-3.97
-1.65
0.37
1.31
0.92
-0.39
-1.92
-3.02
-3.32
-2.61
-0.62
2.94
8.01
13.80
18.80
21.36
20.59
16.94
12.07
8.00
6.00
5.94
6.50
6.05
3.80
0.26
-3.04
-4.61
-3.94
-1.81
0.15
0.44
-1.36
-4.39
-7.04
-7.97
-6.95
-5.11
-4.19
-5.38
-8.56
-12.26
-14.60
-14.36
-11.69
-7.84
-4.36
-2.20
-1.44
-1.54
-2.03
-2.84
-4.15
-6.01
-7.93
-8.99
-8.36
-5.89
-2.35
0.95
2.74
2.51
0.61
-1.95
-4.03
-4.82
-4.15
-2.41
-0.38
1.05
1.31
0.34
-1.28
-2.61
-2.82
-1.67
0.31
2.04
2.47
1.17
-1.44
-4.37
-6.70
-8.07
-8.72
-9.03
-9.05
-8.37
-6.49
-3.38
0.21
2.96
3.62
1.74
-2.09
-6.17
-8.42
-7.56
-3.72
1.68
6.69
9.87
10.84
10.18
8.91
7.81
7.07
6.49
5.80
4.90
3.94
3.12
2.58
2.30
2.04
1.43
0.10
-2.03
-4.51
-6.38
-6.53
-4.34
-0.22
4.37
7.44
7.62
4.90
0.70
-2.92
-4.48
-3.92
-2.46
-1.70
-2.53
-4.49
-6.17
-6.20
-4.15
-0.83
2.23
3.70
3.22
1.52
-0.08
-0.44
0.80
3.08
5.33
6.45
5.82
3.40
-0.32
-4.61
-8.68
-11.95
-14.08
-15.06
-15.18
-14.91
-14.72
-14.86
-15.34
-15.93
-16.36
-16.60
-16.90
-17.67
-19.25
-21.47
-23.56
-24.21
-22.03
-16.24
-7.05
4.15
15.29
24.38
30.20
32.71
32.80
31.70
30.28
28.62
26.17
22.22
16.65
10.24
4.54
1.10
0.69
2.85
6.09
8.67
9.44
8.31
6.12
4.03
2.80
2.42
2.25
1.48
-0.34
-3.08
-6.10
-8.58
-9.88
-9.79
-8.54
-6.68
-4.86
-3.60
-3.14
-3.41
-4.11
-4.86
-5.47
-5.92
-6.46
-7.44
-9.11
-11.43
-14.03
-16.34
-17.86
-18.46
-18.23
-17.28
-15.40
-12.06
-6.81
0.14
7.58
13.61
16.50
15.60
11.73
6.75
2.55
0.10
-0.80
-0.98
-1.01
-0.63
1.02
4.56
9.63
14.84
18.47
19.51
18.31
16.31
15.16
15.64
17.20
18.44
18.01
15.47
11.55
7.57
4.60
2.86
1.76
0.39
-1.83
-4.80
-7.89
-10.30
-11.47
-11.40
-10.50
-9.43
-8.70
-8.49
-8.63
-8.76
-8.65
-8.34
-8.16
-8.48
-9.49
-11.03
-12.72
-14.08
-14.64
-14.05
-12.08
-8.74
-4.37
0.22
4.00
6.03
5.99
4.35
2.28
1.06
1.35
2.93
4.88
6.22
6.60
6.49
6.69
7.79
9.59
11.23
11.71
10.59
8.21
5.50
3.31
1.87
0.81
-0.40
-1.93
-3.32
-3.78
-2.83
-0.70
1.69
3.20
3.14
1.62
-0.55
-2.30
-2.84
-1.98
-0.14
1.95
3.63
4.51
4.54
3.80
2.40
0.42
-1.90
-3.96
-4.89
-3.95
-1.05
3.02
6.83
9.10
9.39
8.36
7.25
7.10
8.08
9.47
10.20
9.59
7.69
5.21
3.02
1.61
0.96
0.57
-0.20
-1.90
-4.77
-8.62
-12.78
-16.19
-17.63
-16.31
-12.31
-6.71
-1.17
2.80
4.53
4.34
3.16
1.88
0.83
-0.29
-1.96
-4.32
-6.88
-8.78
-9.35
-8.62
-7.28
-6.19
-5.75
-5.60
-4.91
-2.96
0.34
4.40
8.27
11.17
12.83
13.45
13.38
12.93
12.21
11.36
10.53
9.83
9.13
7.99
5.83
2.29
-2.38
-7.32
-11.34
-13.46
-13.35
-11.45
-8.70
-6.04
-3.91
-2.16
-0.25
2.37
5.79
9.55
12.83
14.90
15.50
14.94
13.82
12.58
11.13
8.91
5.35
0.42
-5.07
-9.76
-12.38
-12.33
-9.89
-5.99
-1.70
2.09
4.82
6.07
5.49
2.93
-1.36
-6.60
-11.67
-15.63
-18.10
-19.37
-20.05
-20.60
-20.90
-20.37
-18.35
-14.66
-9.80
-4.79
-0.70
1.83
2.76
2.54
1.82
1.25
1.38
2.74
5.67
10.22
15.89
21.69
26.41
29.04
29.18
27.13
23.59
19.36
15.04
10.99
7.40
4.48
2.33
0.92
-0.03
-1.00
-2.41
-4.45
-7.03
-9.86
-12.65
-15.14
-17.14
-18.32
-18.25
-16.54
-13.18
-8.72
-4.24
-0.94
0.41
-0.18
-1.82
-3.28
-3.54
-2.32
-0.07
2.40
4.43
5.86
6.96
8.13
9.46
10.65
11.15
10.49
8.64
6.01
3.18
0.55
-1.85
-4.26
-6.85
-9.36
-11.02
-10.91
-8.57
-4.42
0.23
3.74
4.93
3.66
0.76
-2.46
-4.85
-5.76
-5.09
-3.11
-0.42
2.12
3.53
3.07
0.70
-2.72
-5.74
-7.08
-6.32
-4.09
-1.59
0.26
1.37
2.38
3.97
6.21
8.41
9.56
9.15
7.59
6.06
5.80
7.45
10.67
14.34
17.11
17.95
16.53
13.24
9.01
4.93
1.90
0.35
0.13
0.64
1.14
1.14
0.57
-0.30
-1.11
-1.74
-2.37
-3.35
-4.82
-6.58
-8.10
-8.91
-8.91
-8.58
-8.65
-9.65
-11.51
-13.52
-14.63
-13.99
-11.42
-7.42
-3.03
0.69
3.00
3.82
3.58
3.07
3.08
4.09
6.08
8.63
11.09
12.89
13.68
13.46
12.40
10.77
8.72
6.38
3.88
1.42
-0.74
-2.42
-3.61
-4.48
-5.21
-5.80
-5.96
-5.26
-3.35
-0.35
3.15
6.24
8.16
8.59
7.78
6.30
4.58
2.74
0.60
-2.01
-4.91
-7.56
-9.32
-9.86
-9.38
-8.54
-8.00
-8.00
-8.12
-7.53
-5.51
-1.87
2.84
7.56
11.15
12.80
12.25
9.65
5.42
0.09
-5.72
-11.17
-15.27
-17.19
-16.69
-14.37
-11.40
-8.85
-7.07
-5.50
-3.11
0.76
5.79
10.77
14.20
15.17
13.78
10.94
7.81
5.24
3.56
2.66
2.23
1.91
1.28
0.03
-1.92
-4.35
-6.77
-8.78
-10.27
-11.48
-12.74
-14.08
-15.09
-15.16
-13.95
-11.73
-9.36
-7.87
-7.83
-9.11
-10.94
-12.37
-12.75
-11.97
-10.32
-8.20
-5.84
-3.18
-0.05
3.59
7.48
11.14
14.03
15.80
16.40
16.03
14.97
13.45
11.69
9.90
8.30
7.02
6.03
5.05
3.63
1.37
-1.84
-5.70
-9.44
-12.06
-12.64
-10.73
-6.62
-1.36
3.64
7.13
8.52
8.10
6.85
5.84
5.77
6.58
7.67
8.21
7.68
6.04
3.80
1.70
0.37
0.00
0.32
0.73
0.69
0.01
-1.03
-1.86
-1.99
-1.31
-0.20
0.69
0.89
0.33
-0.60
-1.32
-1.38
-0.76
0.20
1.00
1.21
0.69
-0.43
-1.89
-3.42
-4.83
-6.05
-7.07
-7.92
-8.67
-9.49
-10.53
-12.00
-14.01
-16.50
-19.11
-21.10
-21.42
-19.13
-13.78
-5.80
3.52
12.48
19.60
24.08
25.93
25.62
23.64
20.33
15.93
10.95
6.29
2.96
1.59
1.97
3.17
3.95
3.57
2.08
0.21
-1.10
-1.22
-0.09
1.91
4.20
6.19
7.49
7.86
7.28
6.00
4.44
3.04
2.02
1.31
0.57
-0.47
-1.83
-3.25
-4.31
-4.79
-4.75
-4.47
-4.15
-3.75
-3.02
-1.74
-0.04
1.61
2.56
2.45
1.46
0.18
-0.70
-0.83
-0.40
0.00
-0.20
-1.25
-2.95
-4.90
-6.78
-8.47
-10.04
-11.53
-12.84
-13.81
-14.36
-14.58
-14.71
-14.95
-15.28
-15.40
-14.79
-12.94
-9.61
-4.97
0.38
5.58
9.75
12.38
13.40
13.24
12.54
11.88
11.47
11.20
10.79
10.02
8.88
7.60
6.47
5.66
5.24
5.13
5.20
5.36
5.48
5.45
5.17
4.68
4.09
3.61
3.37
3.32
3.29
3.09
2.69
2.33
2.39
3.13
4.42
5.72
6.33
5.82
4.28
2.33
0.68
-0.25
-0.63
-1.05
-2.13
-4.02
-6.38
-8.48
-9.69
-9.77
-8.96
-7.81
-6.94
-6.77
-7.52
-9.10
-11.24
-13.45
-15.12
-15.63
-14.55
-11.86
-7.97
-3.69
0.06
2.59
3.65
3.48
2.63
1.76
1.38
1.72
2.75
4.16
5.59
6.70
7.37
7.71
8.01
8.50
9.18
9.78
9.92
9.42
8.46
7.57
7.32
7.89
8.97
9.89
10.02
9.15
7.53
5.61
3.75
2.00
0.28
-1.46
-3.04
-4.11
-4.44
-4.09
-3.44
-3.03
-3.19
-3.93
-4.91
-5.67
-5.91
-5.61
-5.00
-4.37
-3.93
-3.65
-3.35
-2.80
-1.94
-0.95
-0.23
-0.20
-1.04
-2.60
-4.44
-5.91
-6.49
-5.96
-4.49
-2.58
-0.79
0.46
1.09
1.32
1.53
1.97
2.68
3.53
4.36
5.10
5.77
6.33
6.56
6.15
4.83
2.69
0.17
-2.14
-3.88
-5.08
-6.13
-7.43
-9.12
-10.92
-12.40
-13.26
-13.55
-13.51
-13.38
-13.12
-12.42
-10.86
-8.22
-4.64
-0.66
2.97
5.52
6.55
6.05
4.50
2.71
1.53
1.45
2.43
3.92
5.23
5.83
5.68
5.07
4.34
3.61
2.75
1.63
0.48
-0.14
0.48
2.59
5.76
8.95
11.02
11.32
9.99
7.78
5.62
4.06
3.17
2.61
2.05
1.37
0.73
0.38
0.42
0.74
1.06
1.10
0.78
0.23
-0.29
-0.56
-0.55
-0.47
-0.63
-1.22
-2.21
-3.31
-4.12
-4.37
-4.04
-3.39
-2.78
-2.48
-2.55
-2.84
-3.07
-3.01
-2.63
-2.05
-1.53
-1.31
-1.52
-2.16
-3.13
-4.30
-5.58
-6.82
-7.86
-8.58
-8.91
-8.96
-8.90
-8.85
-8.68
-7.99
-6.24
-3.13
1.11
5.71
9.64
12.10
12.95
12.70
12.19
12.05
12.33
12.56
12.05
10.46
8.02
5.44
3.57
2.98
3.69
5.26
7.00
8.26
8.61
7.95
6.46
4.54
2.70
1.32
0.52
0.10
-0.32
-1.02
-2.02
-2.98
-3.46
-3.23
-2.40
-1.45
-0.88
-0.94
-1.53
-2.28
-2.87
-3.22
-3.53
-4.02
-4.76
-5.54
-6.00
-5.89
-5.31
-4.60
-4.21
-4.33
-4.83
-5.39
-5.76
-6.02
-6.49
-7.48
-9.01
-10.72
-12.03
-12.40
-11.61
-9.78
-7.20
-4.20
-1.02
2.12
4.97
7.22
8.62
9.07
8.69
7.77
6.70
5.77
5.15
4.80
4.56
4.27
3.86
3.38
2.98
2.81
2.85
2.96
2.93
2.64
2.19
1.76
1.59
1.72
2.06
2.38
2.53
2.44
2.16
1.76
1.30
0.83
0.34
-0.17
-0.79
-1.61
-2.70
-3.93
-5.02
-5.65
-5.62
-5.06
-4.35
-3.97
-4.21
-5.11
-6.42
-7.83
-9.16
-10.35
-11.34
-11.97
-11.83
-10.46
-7.58
-3.35
1.61
6.36
10.03
12.12
12.68
12.16
11.23
10.45
10.12
10.26
10.69
11.13
11.33
11.09
10.36
9.22
7.85
6.42
5.04
3.68
2.24
0.68
-0.86
-2.06
-2.55
-2.09
-0.65
1.56
4.21
7.00
9.60
11.65
12.68
12.23
9.99
6.02
0.81
-4.85
-10.15
-14.53
-17.76
-19.84
-20.82
-20.73
-19.59
-17.53
-14.91
-12.25
-10.02
-8.44
-7.44
-6.71
-5.94
-5.00
-3.91
-2.80
-1.77
-0.82
0.17
1.30
2.64
4.19
5.91
7.71
9.44
10.98
12.23
13.26
14.29
15.56
17.19
18.99
20.56
21.41
21.20
19.87
17.66
14.89
11.86
8.76
5.67
2.70
-0.01
-2.25
-3.89
-4.86
-5.17
-4.95
-4.37
-3.76
-3.45
-3.70
-4.56
-5.90
-7.44
-8.91
-10.10
-10.80
-10.84
-10.05
-8.39
-6.07
-3.54
-1.37
-0.03
0.34
-0.05
-0.76
-1.41
-1.80
-2.00
-2.18
-2.47
-2.90
-3.37
-3.68
-3.66
-3.20
-2.30
-1.12
0.09
0.99
1.32
0.96
-0.02
-1.37
-2.75
-3.83
-4.31
-4.04
-2.99
-1.32
0.65
2.43
3.53
3.51
2.17
-0.27
-3.19
-5.72
-7.02
-6.73
-5.13
-3.05
-1.48
-1.11
-1.96
-3.45
-4.79
-5.38
-5.16
-4.46
-3.74
-3.29
-3.08
-2.90
-2.59
-2.10
-1.54
-1.00
-0.50
0.08
0.86
1.93
3.29
4.86
6.47
7.92
8.99
9.52
9.49
9.02
8.32
7.60
6.92
6.22
5.40
4.37
3.16
1.86
0.47
-1.09
-3.02
-5.40
-8.06
-10.47
-11.92
-11.83
-10.04
-6.89
-3.01
0.95
4.58
7.71
10.23
12.00
12.87
12.82
12.07
10.91
9.59
8.05
6.11
3.61
0.75
-2.01
-4.20
-5.66
-6.67
-7.68
-8.88
-10.00
-10.42
-9.57
-7.32
-4.13
-0.77
2.08
4.09
5.32
5.99
6.28
6.17
5.55
4.35
2.64
0.70
-1.12
-2.48
-3.24
-3.42
-3.25
-2.98
-2.85
-2.92
-3.12
-3.27
-3.21
-2.82
-2.10
-1.16
-0.13
0.83
1.56
1.91
1.68
0.79
-0.70
-2.44
-3.88
-4.49
-4.02
-2.75
-1.43
-0.91
-1.74
-3.83
-6.46
-8.68
-9.74
-9.44
-8.15
-6.51
-5.05
-3.94
-3.02
-1.99
-0.67
0.86
2.37
3.57
4.28
4.52
4.45
4.27
4.11
4.02
3.93
3.79
3.64
3.65
4.02
4.82
5.91
6.93
7.44
7.21
6.27
4.97
3.70
2.74
2.12
1.75
1.56
1.54
1.76
2.15
2.46
2.30
1.36
-0.33
-2.42
-4.32
-5.56
-5.99
-5.82
-5.46
-5.25
-5.33
-5.63
-5.95
-6.11
-5.97
-5.41
-4.31
-2.60
-0.33
2.25
4.78
6.87
8.29
9.07
9.36
9.35
9.14
8.65
7.78
6.50
4.94
3.37
2.10
1.36
1.22
1.56
2.09
2.54
2.68
2.40
1.79
1.04
0.36
-0.12
-0.40
-0.56
-0.70
-0.86
-1.03
-1.14
-1.14
-1.06
-0.98
-0.99
-1.16
-1.50
-1.95
-2.39
-2.67
-2.69
-2.45
-2.07
-1.80
-1.87
-2.40
-3.25
-4.13
-4.65
-4.58
-3.95
-3.02
-2.18
-1.72
-1.73
-2.12
-2.69
-3.28
-3.74
-3.91
-3.57
-2.52
-0.72
1.53
3.68
5.16
5.66
5.32
4.63
4.13
4.11
4.47
4.88
4.99
4.66
3.98
3.12
2.20
1.25
0.25
-0.75
-1.61
-2.15
-2.32
-2.20
-1.95
-1.76
-1.72
-1.81
-1.94
-1.99
-1.85
-1.48
-0.94
-0.35
0.13
0.38
0.40
0.32
0.32
0.57
1.09
1.79
2.48
3.01
3.29
3.26
2.86
2.07
0.88
-0.55
-1.96
-3.07
-3.68
-3.87
-3.86
-3.93
-4.27
-4.82
-5.40
-5.80
-5.93
-5.87
-5.77
-5.78
-5.97
-6.26
-6.52
-6.49
-5.95
-4.71
-2.81
-0.50
1.78
3.53
4.39
4.31
3.48
2.23
0.83
-0.55
-1.80
-2.73
-3.10
-2.67
-1.38
0.53
2.64
4.55
6.00
7.00
7.63
7.91
7.74
6.95
5.48
3.52
1.46
-0.27
-1.45
-2.07
-2.32
-2.39
-2.34
-2.11
-1.63
-0.93
-0.20
0.33
0.51
0.31
-0.16
-0.74
-1.33
-1.92
-2.54
-3.23
-3.98
-4.79
-5.63
-6.50
-7.39
-8.25
-9.03
-9.65
-10.11
-10.43
-10.64
-10.72
-10.59
-10.13
-9.20
-7.74
-5.75
-3.26
-0.35
2.91
6.42
10.03
13.48
16.43
18.51
19.39
19.03
17.76
16.30
15.59
16.34
18.62
21.78
24.61
25.96
25.33
23.24
20.99
20.08
21.42
24.81
29.03
32.36
33.42
31.79
28.16
24.04
21.34
21.76
26.34
34.95
45.68
54.62
56.50
46.48
22.36
-13.77
-55.79
-95.81
-127.09
-146.55
-155.28
-157.34
-157.60
-159.64
-164.46
-170.36
-173.61
-169.64
-154.70
-127.50
-90.17
-47.96
-7.45
25.94
49.93
65.80
77.01
87.11
98.07
109.84
120.92
129.43
133.94
133.69
128.62
119.15
105.93
89.76
71.68
53.09
35.72
21.36
11.24
5.47
2.73
0.96
-1.34
-4.11
-5.59
-3.33
4.21
16.29
29.36
37.75
35.04
15.94
-21.85
-76.29
-140.44
-203.35
-252.53
-277.81
-274.80
-246.32
-200.80
-148.66
-98.21
-53.45
-14.42
20.84
53.24
81.57
103.52
118.02
126.92
134.53
145.37
161.36
181.01
198.81
207.24
199.71
172.92
127.75
68.91
3.59
-59.56
-110.19
-139.72
-143.60
-122.97
-84.31
-37.10
9.63
49.81
82.00
110.19
138.47
167.86
195.10
214.53
221.27
213.86
193.88
155.15
97.77
27.86
-44.59
-110.84
-165.57
-206.66
-228.08
-223.19
-189.28
-126.24
-44.14
40.41
109.65
150.41
157.37
133.38
86.64
28.10
-29.42
-75.45
-103.33
-111.40
-102.63
-83.14
-59.95
-39.67
-26.63
-21.29
-22.09
-26.46
-32.08
-37.24
-40.81
-42.00
-40.69
-37.38
-32.62
-27.60
-23.78
-22.41
-23.99
-27.86
-32.35
-35.49
-35.79
-32.57
-26.46
-18.92
-11.70
-6.09
-2.51
-0.48
0.95
2.72
5.35
8.74
12.29
15.24
16.98
17.33
16.58
15.35
14.28
13.79
13.82
13.99
13.83
12.99
11.54
9.84
8.40
7.56
7.33
7.38
7.25
6.65
5.64
4.60
3.95
3.85
4.06
4.03
3.23
1.51
-0.77
-2.93
-4.34
-4.82
-4.76
-4.88
-5.84
-7.82
-10.45
-12.97
-14.64
-15.02
-14.11
-12.18
-9.68
-7.04
-4.70
-3.06
-2.45
-2.91
-4.08
-5.16
-5.16
-3.31
0.48
5.49
10.41
13.85
14.99
13.92
11.46
8.74
6.61
5.22
4.16
2.76
0.64
-2.11
-4.92
-7.18
-8.53
-9.00
-8.86
-8.30
-7.34
-5.89
-4.02
-2.09
-0.64
-0.01
-0.12
-0.46
-0.44
0.14
0.91
1.20
0.56
-0.83
-2.14
-2.38
-0.96
1.96
5.58
8.97
11.42
12.70
12.85
12.04
10.38
7.98
5.09
2.08
-0.68
-2.91
-4.47
-5.26
-5.20
-4.33
-3.03
-2.02
-2.12
-3.74
-6.47
-9.07
-10.12
-8.84
-5.65
-2.06
0.18
0.09
-2.02
-4.77
-6.59
-6.58
-5.00
-2.88
-1.35
-0.92
-1.33
-1.85
-1.88
-1.37
-0.85
-1.01
-2.24
-4.27
-6.21
-6.96
-5.73
-2.43
2.29
7.22
11.07
12.88
12.31
9.68
5.85
1.87
-1.36
-3.35
-4.06
-3.85
-3.14
-2.21
-1.10
0.36
2.31
4.71
7.22
9.27
10.22
9.62
7.39
3.86
-0.26
-4.12
-6.95
-8.31
-8.11
-6.64
-4.38
-1.87
0.43
2.23
3.40
3.98
4.05
3.75
3.17
2.35
1.34
0.24
-0.80
-1.55
-1.83
-1.61
-1.03
-0.39
-0.01
-0.06
-0.47
-1.00
-1.32
-1.24
-0.72
0.13
1.16
2.28
3.47
4.67
5.82
6.75
7.28
7.35
7.00
6.39
5.66
4.89
4.05
3.03
1.79
0.39
-1.02
-2.22
-3.06
-3.52
-3.68
-3.72
-3.79
-3.94
-4.20
-4.58
-5.10
-5.78
-6.48
-6.87
-6.43
-4.77
-1.89
1.65
4.84
6.67
6.60
4.84
2.28
0.01
-1.17
-1.06
-0.03
1.33
2.55
3.53
4.39
5.29
6.22
6.94
7.18
6.83
6.06
5.24
4.74
4.68
4.87
4.89
4.37
3.17
1.52
-0.13
-1.34
-1.88
-1.77
-1.27
-0.64
-0.07
0.38
0.73
1.02
1.30
1.68
2.29
3.20
4.32
5.33
5.77
5.22
3.59
1.11
-1.67
-4.15
-5.95
-7.08
-7.83
-8.64
-9.77
-11.20
-12.64
-13.72
-14.16
-13.87
-12.85
-11.09
-8.55
-5.23
-1.39
2.45
5.54
7.26
7.35
6.13
4.33
2.87
2.39
3.03
4.41
5.90
6.92
7.26
7.10
6.86
6.86
7.10
7.26
6.87
5.66
3.76
1.63
-0.18
-1.36
-1.99
-2.43
-3.10
-4.17
-5.49
-6.67
-7.32
-7.24
-6.48
-5.31
-4.06
-3.00
-2.23
-1.73
-1.44
-1.32
-1.41
-1.83
-2.63
-3.75
-4.96
-6.02
-6.76
-7.24
-7.68
-8.32
-9.20
-10.15
-10.76
-10.55
-9.17
-6.45
-2.55
2.05
6.67
10.51
12.97
13.85
13.40
12.24
11.04
10.23
9.82
9.45
8.67
7.22
5.20
2.99
1.05
-0.32
-1.15
-1.69
-2.30
-3.13
-4.12
-5.00
-5.47
-5.39
-4.82
-3.98
-3.13
-2.38
-1.67
-0.88
0.08
1.17
2.23
3.09
3.62
3.83
3.79
3.63
3.43
3.21
2.92
2.51
1.97
1.34
0.66
-0.04
-0.87
-1.93
-3.29
-4.82
-6.28
-7.33
-7.87
-8.03
-8.22
-8.90
-10.30
-12.26
-14.25
-15.55
-15.47
-13.64
-10.05
-5.16
0.31
5.48
9.56
12.08
12.95
12.46
11.18
9.71
8.55
7.94
7.88
8.17
8.52
8.72
8.69
8.51
8.31
8.15
7.94
7.42
6.39
4.85
3.12
1.68
0.92
0.95
1.52
2.15
2.45
2.28
1.76
1.17
0.73
0.47
0.29
-0.01
-0.54
-1.30
-2.21
-3.17
-4.11
-5.00
-5.84
-6.59
-7.23
-7.72
-8.08
-8.38
-8.76
-9.41
-10.46
-11.90
-13.48
-14.77
-15.27
-14.63
-12.88
-10.44
-7.98
-6.16
-5.27
-5.15
-5.21
-4.75
-3.14
-0.10
4.30
9.64
15.24
20.30
24.06
25.99
25.93
24.18
21.38
18.36
15.79
14.02
13.00
12.40
11.80
10.83
9.30
7.14
4.38
1.09
-2.54
-6.23
-9.59
-12.28
-14.19
-15.50
-16.60
-17.81
-19.18
-20.41
-21.05
-20.77
-19.59
-17.78
-15.56
-12.88
-9.39
-4.78
0.90
7.04
12.76
17.34
20.65
23.15
25.42
27.63
29.22
29.07
26.25
20.70
13.46
6.26
0.64
-2.76
-4.37
-5.29
-6.57
-8.66
-11.25
-13.60
-14.94
-14.90
-13.63
-11.71
-10.07
-9.68
-11.33
-15.16
-20.53
-26.02
-29.98
-31.33
-30.05
-27.18
-24.16
-21.91
-20.26
-18.14
-14.29
-8.15
-0.26
8.05
15.36
20.78
24.12
25.52
25.08
22.75
18.68
13.57
8.79
5.87
5.72
8.14
11.89
15.43
17.80
19.09
20.18
22.05
25.13
29.05
32.97
36.07
38.01
38.88
38.93
38.30
36.87
34.51
31.33
27.92
25.24
24.24
25.42
28.39
31.81
33.81
32.62
27.32
18.29
7.00
-4.50
-14.38
-21.61
-26.14
-28.88
-31.47
-35.92
-44.13
-57.12
-74.30
-93.09
-109.39
-118.98
-119.26
-110.52
-95.82
-79.58
-65.50
-55.07
-47.30
-39.83
-30.58
-18.99
-6.28
5.39
14.14
19.35
21.95
23.88
27.22
33.27
42.07
52.42
62.30
69.59
72.71
71.10
65.19
56.26
45.94
35.68
26.45
18.66
12.42
7.85
5.26
5.13
7.90
13.75
22.38
33.01
44.25
54.06
59.95
59.52
51.39
35.97
15.66
-5.94
-25.40
-40.73
-51.88
-60.03
-66.46
-71.65
-75.17
-76.34
-74.78
-70.75
-64.83
-57.58
-49.35
-40.49
-31.63
-23.74
-17.80
-14.44
-13.71
-15.09
-17.76
-20.72
-22.89
-23.18
-20.80
-15.67
-8.70
-1.55
4.00
7.05
8.06
8.82
11.54
17.79
27.70
39.78
51.55
60.56
65.31
65.64
62.45
57.07
50.59
43.54
36.08
28.41
21.11
15.03
10.98
9.19
9.12
9.62
9.50
8.14
5.92
4.01
3.78
6.05
10.50
15.70
19.64
20.56
17.65
11.36
3.06
-5.64
-13.67
-20.88
-27.92
-35.66
-44.51
-53.97
-62.69
-69.10
-72.06
-71.48
-68.28
-63.87
-59.36
-54.95
-49.86
-42.90
-33.26
-21.13
-7.75
5.15
16.25
25.18
32.59
39.62
47.07
54.81
61.85
66.88
69.06
68.48
66.03
62.74
59.02
54.32
47.54
37.86
25.57
12.28
0.35
-8.25
-12.88
-14.43
-14.56
-14.62
-14.86
-14.45
-12.41
-8.59
-4.17
-1.25
-1.71
-6.23
-13.84
-22.53
-30.25
-35.81
-39.17
-40.96
-41.87
-42.13
-41.45
-39.42
-35.86
-31.10
-25.75
-20.53
-15.89
-11.89
-8.30
-4.80
-1.15
2.64
6.35
9.74
12.72
15.44
18.19
21.17
24.28
27.08
28.97
29.52
28.76
27.19
25.53
24.33
23.78
23.59
23.32
22.66
21.53
20.09
18.52
16.89
15.27
13.77
12.66
12.14
12.16
12.24
11.58
9.40
5.38
-0.23
-6.71
-13.19
-19.01
-23.90
-27.92
-31.12
-33.39
-34.39
-33.68
-31.12
-27.06
-22.41
-18.33
-15.72
-14.77
-14.89
-14.97
-14.03
-11.66
-8.21
-4.45
-1.08
1.63
3.82
5.82
7.77
9.58
11.00
11.82
11.99
11.54
10.54
9.14
7.57
6.18
5.27
4.94
4.92
4.81
4.38
3.87
3.93
5.19
7.73
10.81
13.14
13.48
11.37
7.36
2.70
-1.38
-4.28
-6.22
-7.86
-9.68
-11.54
-12.78
-12.72
-11.23
-8.94
-6.93
-6.08
-6.51
-7.52
-8.06
-7.36
-5.42
-2.91
-0.67
0.86
1.89
3.07
4.91
7.36
9.74
11.06
10.58
8.25
4.66
0.85
-2.18
-3.77
-3.81
-2.60
-0.67
1.46
3.39
4.92
5.96
6.54
6.86
7.24
8.07
9.55
11.48
13.22
13.91
12.96
10.35
6.70
2.95
-0.10
-2.21
-3.66
-4.98
-6.53
-8.27
-9.83
-10.77
-10.85
-10.22
-9.27
-8.49
-8.25
-8.64
-9.48
-10.38
-10.89
-10.70
-9.69
-8.01
-5.95
-3.79
-1.74
0.07
1.55
2.68
3.51
4.20
4.90
5.60
6.04
5.81
4.62
2.53
0.12
-1.76
-2.38
-1.53
0.34
2.34
3.62
3.77
2.93
1.62
0.39
-0.49
-1.02
-1.39
-1.72
-2.01
-2.22
-2.31
-2.31
-2.18
-1.74
-0.71
1.03
3.23
5.33
6.53
6.23
4.33
1.29
-2.00
-4.69
-6.35
-7.18
-7.72
-8.48
-9.58
-10.60
-10.72
-9.24
-6.06
-2.02
1.28
2.43
1.04
-2.03
-4.91
-5.63
-3.13
2.01
7.46
9.88
7.01
-1.35
-13.18
-24.95
-33.11
-35.45
-32.18
-26.02
-21.66
-22.63
-30.21
-43.33
-58.98
-72.85
-79.49
-73.41
-51.08
-13.93
32.29
77.00
106.88
110.98
85.60
37.73
-16.94
-60.76
-82.07
-76.51
-47.40
-2.61
48.41
94.62
128.03
146.38
157.76
160.84
151.71
130.02
97.21
62.97
39.16
34.48
50.35
78.42
103.34
111.73
96.70
58.65
3.81
-59.88
-125.34
-181.93
-219.07
-229.75
-211.08
-165.57
-100.96
-28.48
38.94
90.18
121.82
132.99
125.10
103.49
76.22
51.56
35.70
30.95
36.05
47.73
60.09
68.38
70.85
68.33
62.84
56.19
49.32
42.83
37.72
34.67
34.26
36.69
41.08
45.44
47.49
45.73
40.45
33.63
27.52
23.42
20.55
15.80
4.68
-17.16
-52.55
-101.82
-162.37
-228.80
-292.85
-344.46
-373.65
-373.26
-341.39
-282.58
-206.99
-127.51
-56.14
-0.81
36.33
58.46
71.96
83.52
97.63
115.26
134.06
149.76
158.19
157.43
148.92
136.56
125.00
117.66
115.52
117.05
119.00
116.89
106.27
83.66
47.32
-1.70
-58.44
-113.71
-155.96
-174.99
-167.18
-136.16
-91.13
-43.14
-1.17
30.65
53.42
71.19
87.72
101.94
111.25
114.62
113.78
111.75
110.79
111.27
111.60
109.11
97.69
74.42
41.88
6.45
-26.42
-55.24
-82.07
-110.77
-145.23
-193.24
-259.11
-339.90
-426.05
-505.45
-566.81
-601.53
-605.29
-548.84
-427.12
-265.95
-106.91
21.01
112.11
174.92
219.94
253.07
275.00
281.34
268.07
237.78
198.98
160.63
128.36
104.20
87.74
77.78
69.34
60.57
53.46
51.98
58.38
71.34
87.35
102.81
115.49
122.62
123.51
120.18
116.07
113.52
112.66
112.00
109.51
103.50
91.84
73.51
49.18
20.70
-10.21
-42.35
-74.41
-104.28
-128.96
-145.76
-153.07
-151.06
-141.53
-127.11
-110.08
-91.32
-70.42
-46.61
-20.12
7.16
32.10
51.66
64.11
69.73
70.43
68.57
65.80
62.39
57.47
49.95
39.66
27.83
16.79
8.95
5.59
6.32
9.08
10.97
9.44
3.00
-8.32
-23.10
-38.95
-53.01
-62.59
-65.57
-60.86
-48.51
-29.74
-6.82
17.32
39.44
56.49
66.16
67.35
60.46
47.35
30.90
14.20
-0.30
-11.50
-19.78
-26.50
-33.10
-40.05
-46.46
-50.16
-48.65
-40.15
-24.52
-3.41
20.20
42.92
61.85
75.19
82.26
83.24
78.80
69.93
57.91
44.32
30.85
18.89
9.04
0.99
-6.30
-13.95
-22.59
-32.00
-41.31
-49.42
-55.40
-58.68
-58.79
-55.23
-47.47
-35.25
-19.07
-0.36
18.65
35.45
47.83
54.41
54.84
49.80
40.69
29.32
17.40
6.07
-4.44
-14.72
-25.75
-38.19
-51.67
-64.49
-73.94
-77.20
-72.47
-59.80
-41.22
-20.12
-0.10
16.21
27.96
36.02
42.30
48.56
55.54
62.55
67.86
69.46
65.85
56.52
42.00
23.55
2.86
-18.24
-37.83
-54.00
-65.12
-70.22
-69.48
-64.38
-57.42
-51.46
-48.66
-49.72
-53.54
-57.67
-59.21
-55.90
-46.86
-32.65
-14.83
4.70
24.18
42.06
56.95
67.54
72.85
72.59
67.48
59.17
49.88
41.73
36.42
35.07
38.19
45.70
56.73
69.59
81.94
91.28
95.47
93.26
84.51
70.13
51.82
31.79
12.27
-5.05
-19.59
-32.12
-44.64
-59.62
-79.04
-103.26
-130.26
-155.61
-173.43
-178.11
-166.39
-138.75
-99.58
-55.79
-14.46
19.28
43.38
58.27
65.50
66.51
62.28
53.89
42.98
31.75
22.03
14.35
7.75
0.52
-8.49
-18.92
-29.06
-36.82
-41.11
-42.51
-42.90
-44.49
-48.65
-55.37
-63.27
-70.02
-72.92
-69.56
-58.62
-40.46
-17.44
6.73
28.26
44.73
55.91
63.40
69.17
74.02
76.79
74.85
65.54
47.70
22.43
-7.22
-37.15
-63.37
-82.77
-93.56
-95.37
-89.23
-77.35
-62.64
-47.83
-34.80
-24.13
-15.34
-7.59
-0.57
5.31
9.44
12.02
14.90
21.34
34.66
56.50
85.59
117.62
146.51
166.37
173.14
165.51
144.91
114.92
80.35
46.27
16.79
-5.94
-22.43
-35.61
-49.49
-67.24
-89.50
-113.87
-135.72
-150.13
-153.79
-146.12
-129.27
-106.95
-82.98
-60.23
-40.28
-23.82
-11.20
-2.53
2.49
5.16
7.94
13.86
25.36
42.99
64.80
86.72
103.99
112.82
111.71
101.72
85.83
67.75
50.70
36.56
25.78
17.69
11.01
4.36
-3.41
-13.03
-24.56
-37.10
-48.96
-57.96
-62.07
-60.02
-51.63
-38.06
-21.42
-4.17
11.51
24.04
32.65
37.49
39.57
40.65
42.34
45.51
49.98
54.49
56.96
55.30
48.19
35.71
19.92
3.53
-10.78
-20.84
-25.38
-24.19
-18.11
-8.86
1.49
11.60
19.70
23.79
22.26
14.64
1.87
-13.92
-30.12
-44.36
-51.85
-50.10
-41.45
-32.35
-29.05
-34.38
-47.66
-66.58
-89.95
-112.86
-129.59
-134.71
-124.23
-96.81
-54.60
-2.58
54.68
105.94
142.39
161.21
165.46
160.17
149.11
134.10
119.21
103.71
87.41
72.18
59.55
50.02
43.35
39.14
36.56
34.80
31.56
23.86
9.38
-13.73
-46.15
-86.59
-131.01
-172.80
-203.99
-218.07
-211.64
-185.44
-144.78
-97.77
-52.22
-12.99
18.95
45.17
66.94
84.00
94.63
96.90
90.47
77.31
61.04
45.46
33.27
25.45
21.90
22.06
25.00
29.20
32.31
31.57
24.78
11.35
-7.21
-27.64
-46.19
-60.17
-68.67
-72.35
-72.63
-70.76
-67.46
-63.07
-57.95
-52.82
-48.69
-46.35
-45.83
-46.20
-46.01
-44.00
-39.48
-32.21
-22.32
-10.00
4.79
22.21
42.07
63.16
83.26
99.85
111.25
116.85
117.21
113.82
108.45
102.52
96.41
89.69
81.83
73.39
65.41
59.03
55.02
53.37
53.08
51.96
47.00
33.51
9.94
-20.73
-51.99
-77.80
-95.15
-103.97
-106.06
-104.02
-99.71
-93.98
-88.24
-84.08
-82.60
-83.85
-86.85
-90.26
-93.06
-94.89
-94.67
-94.66
-98.94
-110.68
-129.87
-152.49
-171.36
-178.57
-166.21
-131.93
-81.84
-27.39
20.62
56.43
80.67
99.08
120.02
149.09
189.47
237.97
286.94
327.76
353.23
358.61
342.14
286.92
195.57
89.96
-4.31
-73.99
-119.73
-148.55
-167.37
-180.57
-192.27
-199.16
-198.76
-191.49
-178.71
-160.38
-135.22
-102.21
-60.75
-11.63
44.19
104.04
162.55
212.25
245.40
255.92
241.60
205.81
157.47
110.08
73.84
50.59
34.04
14.10
-17.17
-60.75
-109.92
-153.15
-178.43
-180.08
-161.13
-130.29
-96.56
-65.01
-35.20
-5.37
22.86
47.21
65.49
75.12
74.82
66.33
54.17
43.95
39.34
40.96
47.17
54.91
60.62
61.87
59.84
54.93
48.69
42.40
36.34
30.03
22.23
11.66
-1.51
-15.28
-26.51
-31.84
-29.72
-21.02
-8.49
4.47
13.46
14.79
6.31
-11.21
-32.99
-52.81
-66.34
-72.39
-72.58
-69.64
-65.71
-61.86
-58.08
-53.72
-48.50
-42.78
-37.15
-32.48
-29.36
-27.93
-28.12
-29.39
-30.77
-31.53
-31.49
-30.88
-30.64
-32.40
-36.25
-42.36
-50.78
-61.51
-74.44
-88.58
-99.50
-103.67
-96.98
-77.27
-46.48
-10.37
23.58
49.14
63.73
68.79
67.95
65.02
62.04
58.88
54.82
49.82
45.09
42.37
42.71
45.61
49.44
52.31
52.67
50.50
47.08
44.28
44.10
47.07
52.81
60.24
67.81
73.76
76.58
74.93
67.96
55.90
40.27
23.82
9.51
-0.44
-5.51
-6.57
-5.24
-3.06
-0.66
2.19
5.87
9.89
12.98
14.14
13.44
12.54
13.30
17.52
25.92
37.09
47.89
55.17
57.02
53.47
46.10
35.83
24.48
14.54
7.70
3.45
-0.32
-5.80
-14.28
-25.78
-38.49
-49.67
-56.17
-57.35
-56.28
-57.83
-66.13
-83.41
-110.12
-148.72
-198.39
-253.16
-303.75
-339.97
-352.67
-336.29
-291.43
-207.12
-97.21
9.51
90.07
139.13
163.89
175.03
181.41
188.64
202.06
218.35
234.09
246.54
251.13
241.82
215.31
173.73
123.93
73.92
30.93
1.67
-9.92
-5.84
6.42
18.60
24.69
21.32
7.94
-17.35
-53.87
-89.80
-111.52
-112.90
-97.07
-71.74
-51.11
-36.65
-29.96
-31.93
-42.54
-56.62
-72.77
-89.66
-104.18
-111.68
-106.82
-88.74
-61.95
-34.81
-16.16
-11.25
-17.33
-25.32
-25.63
-13.27
8.64
31.46
46.56
49.67
40.97
24.63
5.97
-11.03
-24.09
-33.24
-41.60
-54.30
-75.73
-108.11
-148.87
-190.49
-223.23
-238.73
-232.63
-207.16
-168.36
-121.25
-68.63
-10.64
53.26
120.26
176.97
215.71
233.65
226.25
198.81
164.93
141.20
140.19
164.62
205.55
246.97
271.08
266.33
232.82
179.21
115.86
51.41
-8.18
-58.22
-93.59
-110.59
-107.96
-86.49
-49.86
-5.41
40.44
84.09
124.09
158.37
181.92
188.85
176.63
147.49
104.34
51.98
-4.87
-62.56
-119.47
-175.26
-228.72
-276.65
-299.12
-284.23
-237.33
-178.62
-126.60
-89.45
-66.79
-53.55
-43.45
-31.48
-21.76
-16.81
-19.00
-28.62
-44.96
-67.25
-94.53
-125.35
-147.83
-156.89
-149.30
-124.41
-84.64
-36.50
10.73
48.89
74.15
87.89
92.14
90.38
85.37
78.66
70.94
62.73
55.52
51.40
51.97
55.67
60.22
63.44
63.73
61.78
58.22
54.84
53.54
55.69
60.57
66.76
72.48
75.64
75.15
71.55
67.49
66.72
72.18
83.64
97.26
106.21
102.33
79.94
38.11
-18.92
-83.22
-145.64
-198.07
-235.01
-248.55
-235.84
-199.89
-149.63
-97.74
-57.18
-37.22
-40.31
-61.39
-89.91
-114.55
-126.26
-120.67
-98.71
-65.50
-28.50
5.78
34.44
58.99
83.18
110.27
140.63
171.15
197.01
213.95
221.26
222.16
221.38
221.12
219.82
213.95
201.22
182.96
162.66
144.08
129.02
116.26
102.07
83.10
59.24
33.96
12.00
-5.30
-20.38
-37.32
-59.06
-86.18
-117.01
-148.64
-178.61
-197.31
-197.90
-182.72
-161.24
-140.87
-122.88
-105.40
-87.01
-68.31
-51.12
-38.52
-32.33
-31.30
-32.00
-30.80
-25.98
-18.05
-9.01
-1.34
2.21
0.15
-7.33
-17.03
-25.79
-31.99
-35.98
-39.32
-43.80
-51.32
-63.11
-76.50
-91.26
-105.65
-116.41
-119.28
-110.27
-87.72
-54.13
-15.77
19.59
45.60
59.99
64.39
62.68
58.65
54.39
50.10
45.27
39.93
35.04
32.14
32.07
34.22
36.91
38.55
38.40
37.55
37.33
39.25
44.08
51.41
59.73
67.05
72.12
74.96
76.54
77.98
80.26
83.62
88.05
93.24
97.69
99.82
97.97
90.52
76.47
56.53
32.62
8.05
-13.92
-32.10
-46.08
-55.90
-62.46
-67.30
-71.75
-77.73
-86.81
-100.57
-121.31
-148.42
-178.03
-204.65
-223.56
-225.20
-205.70
-166.28
-106.29
-38.72
19.10
56.66
74.90
81.51
84.08
85.70
86.26
84.70
79.75
73.48
69.40
69.97
76.81
87.75
99.56
110.64
120.96
130.08
138.34
145.49
150.43
152.03
150.10
144.49
135.70
124.43
107.62
85.46
60.38
36.63
18.58
7.99
1.07
-8.16
-24.12
-46.76
-70.49
-88.18
-95.47
-93.62
-88.76
-90.12
-102.86
-125.27
-150.76
-172.43
-188.12
-200.75
-215.71
-222.52
-213.32
-186.85
-149.04
-107.65
-68.40
-35.30
-10.70
5.12
14.43
18.59
19.58
19.72
21.06
24.36
28.40
31.33
31.56
29.46
25.12
19.70
15.07
11.98
11.30
11.83
11.48
7.67
-0.72
-14.59
-32.90
-52.12
-66.87
-71.38
-62.00
-35.39
1.83
40.19
70.56
87.91
92.75
89.67
84.97
83.70
88.10
96.03
103.86
105.78
97.12
76.11
44.35
6.84
-29.70
-58.34
-75.46
-82.32
-83.15
-83.68
-85.52
-89.46
-96.18
-106.26
-119.06
-132.72
-143.13
-144.53
-132.29
-105.40
-67.83
-26.89
5.55
22.48
23.31
12.59
-2.50
-15.88
-24.15
-25.78
-23.52
-20.47
-18.75
-19.70
-23.47
-27.89
-30.12
-27.77
-20.19
-9.06
2.98
14.22
25.25
34.20
43.74
57.51
78.42
107.38
143.25
183.45
224.26
260.19
284.19
290.18
275.07
242.00
200.91
165.31
146.69
148.46
163.59
177.76
177.05
154.35
112.72
63.14
17.85
-16.06
-39.38
-58.05
-76.91
-94.50
-103.45
-95.02
-65.24
-19.05
30.75
68.46
82.76
71.88
43.83
10.75
-17.39
-36.85
-50.71
-65.19
-86.56
-117.43
-154.93
-192.19
-221.74
-237.49
-235.39
-213.64
-172.64
-117.12
-55.92
0.44
42.57
64.42
65.87
52.66
30.61
10.03
-3.28
-14.53
-34.78
-65.88
-100.11
-126.21
-132.24
-113.07
-72.50
-22.88
20.34
45.83
49.26
32.63
1.13
-39.01
-80.55
-115.65
-137.59
-141.68
-125.40
-89.72
-39.22
20.08
73.74
109.19
123.86
123.31
114.70
108.29
107.89
115.97
132.85
156.09
182.62
203.62
212.03
203.39
177.76
139.96
97.79
57.03
18.94
-18.72
-59.97
-107.23
-159.05
-209.30
-248.11
-265.85
-258.63
-230.19
-189.11
-144.89
-103.68
-62.21
-20.52
20.02
57.86
89.77
110.72
116.74
107.55
86.77
59.56
29.94
1.16
-24.02
-42.93
-52.79
-50.97
-36.81
-13.00
14.43
38.64
55.88
68.00
78.79
91.42
104.77
115.54
118.40
106.55
77.66
36.19
-9.40
-46.81
-68.04
-72.49
-66.03
-57.81
-55.76
-62.91
-76.51
-89.75
-95.28
-86.87
-62.29
-24.22
19.53
58.06
80.72
80.91
58.35
19.35
-25.44
-64.33
-87.64
-90.32
-72.93
-40.93
-2.97
31.79
56.80
69.77
72.63
69.68
64.56
58.45
50.21
38.21
21.44
1.76
-16.63
-29.12
-32.96
-28.76
-19.98
-11.22
-5.83
-4.74
-6.37
-7.98
-7.35
-4.04
0.60
4.29
5.17
2.91
-1.06
-4.29
-4.64
-1.71
2.77
5.69
4.09
-3.24
-15.08
-28.31
-39.20
-45.08
-45.37
-41.55
-36.27
-32.01
-30.10
-30.44
-32.00
-33.58
-34.51
-34.94
-35.54
-36.81
-38.62
-40.06
-39.74
-36.50
-29.84
-20.23
-8.83
2.93
13.77
22.87
29.86
34.72
37.61
38.80
38.70
37.91
37.24
37.59
39.59
43.27
47.82
51.64
52.92
50.36
43.89
34.74
25.02
16.72
10.86
7.19
4.54
1.74
-1.63
-5.03
-7.49
-8.37
-7.96
-7.35
-7.78
-9.76
-12.68
-15.02
-15.16
-12.25
-6.67
0.13
6.29
10.24
11.20
9.21
4.87
-0.96
-7.49
-14.04
-20.25
-25.85
-30.71
-34.66
-37.43
-38.64
-37.79
-34.45
-28.40
-19.85
-9.48
1.59
12.13
21.08
27.88
32.51
35.36
36.95
37.66
37.64
36.89
35.29
32.75
29.20
24.57
19.01
12.92
7.07
2.40
-0.34
-0.96
0.03
1.67
3.04
3.71
3.94
4.38
5.57
7.49
9.53
10.79
10.66
9.24
7.24
5.50
4.34
3.30
1.49
-1.73
-6.05
-10.21
-12.58
-12.07
-8.82
-4.06
0.54
3.77
5.44
6.12
6.60
7.18
7.44
6.56
3.90
-0.53
-6.03
-11.59
-16.46
-20.56
-24.36
-28.50
-33.13
-37.67
-40.84
-41.27
-38.11
-31.53
-22.63
-13.04
-4.19
3.06
8.61
12.79
16.02
18.53
20.34
21.33
21.34
20.24
17.92
14.38
9.87
4.97
0.57
-2.53
-3.93
-3.83
-2.81
-1.37
0.54
3.43
7.84
13.65
19.74
24.40
26.16
24.63
20.71
16.11
12.36
10.02
8.52
6.72
3.79
-0.15
-4.11
-6.95
-8.20
-8.52
-9.31
-11.82
-16.17
-21.12
-24.66
-25.19
-22.43
-17.51
-12.25
-8.14
-5.69
-4.44
-3.59
-2.61
-1.46
-0.29
1.01
2.97
6.33
11.62
18.67
26.44
33.12
36.51
34.66
26.79
14.09
-0.20
-11.69
-16.58
-13.39
-3.71
8.59
19.27
25.79
28.08
27.83
26.79
25.40
22.53
16.65
7.33
-3.82
-13.51
-18.29
-16.29
-8.24
2.79
12.77
18.48
18.80
14.80
8.81
3.01
-1.62
-5.42
-9.21
-13.31
-16.97
-18.67
-17.27
-13.01
-7.75
-4.16
-4.32
-8.59
-15.43
-22.22
-26.70
-28.08
-27.25
-26.10
-26.35
-28.53
-31.72
-33.96
-33.22
-28.22
-19.15
-7.63
3.81
12.57
17.01
17.03
14.17
10.85
9.24
10.20
12.99
15.76
16.68
15.00
11.55
8.23
6.94
8.55
12.31
16.25
18.15
16.75
12.37
6.83
2.43
0.76
1.85
4.22
5.88
5.52
3.35
0.87
-0.23
0.85
3.41
5.77
6.29
4.37
0.73
-3.22
-6.22
-7.89
-8.77
-9.73
-11.37
-13.62
-15.83
-17.13
-16.94
-15.28
-12.68
-10.04
-8.19
-7.53
-7.90
-8.69
-9.21
-9.13
-8.63
-8.30
-8.71
-9.96
-11.65
-13.08
-13.70
-13.24
-11.70
-9.06
-5.20
-0.09
5.91
11.85
16.45
18.69
18.34
16.13
13.31
11.04
9.85
9.59
9.65
9.43
8.68
7.48
6.19
5.27
5.07
5.71
6.98
8.47
9.75
10.67
11.41
12.42
13.95
15.75
16.96
16.45
13.56
8.52
2.50
-2.99
-6.77
-8.54
-8.81
-8.38
-7.68
-6.57
-4.51
-1.22
2.91
6.79
9.20
9.51
8.05
5.99
4.61
4.60
5.73
7.13
7.82
7.11
4.68
0.50
-5.30
-12.32
-19.60
-25.72
-29.25
-29.45
-26.83
-22.97
-19.67
-18.01
-17.82
-18.05
-17.71
-16.41
-14.31
-11.53
-7.62
-1.79
6.18
15.14
22.69
26.21
24.35
17.98
9.99
3.84
1.85
4.27
9.57
15.76
21.52
26.67
31.62
36.38
40.09
41.29
38.87
33.00
25.39
18.53
14.36
13.27
13.85
13.82
11.34
6.07
-0.82
-7.46
-12.52
-15.94
-18.80
-22.58
-27.99
-34.35
-39.89
-42.62
-41.39
-36.46
-29.32
-22.01
-16.26
-13.02
-12.52
-14.66
-19.26
-26.05
-34.37
-42.98
-50.20
-54.55
-55.30
-52.73
-47.78
-41.37
-33.87
-25.24
-15.37
-4.71
5.52
13.73
18.63
19.83
17.98
14.47
10.68
7.56
5.36
3.77
2.28
0.54
-1.31
-2.64
-2.42
0.39
6.45
15.61
26.81
38.30
48.09
54.48
56.43
53.77
47.07
37.43
26.14
14.46
3.58
-5.47
-11.85
-15.15
-15.56
-14.11
-12.37
-11.94
-13.79
-17.80
-22.86
-27.42
-30.13
-30.19
-27.34
-21.56
-12.87
-1.32
12.52
27.31
40.98
51.35
56.97
57.65
54.28
48.01
39.36
27.81
12.44
-6.69
-27.50
-45.95
-57.43
-58.80
-50.02
-34.38
-17.03
-2.79
5.94
9.68
10.75
11.32
12.17
12.51
11.11
7.49
2.26
-3.05
-6.98
-9.12
-10.18
-11.12
-12.22
-12.75
-11.51
-8.21
-3.08
3.24
9.79
15.51
19.69
22.19
23.30
23.58
22.90
22.36
23.83
28.40
35.17
41.63
45.32
45.02
41.22
33.68
23.82
14.03
5.92
-0.55
-6.51
-13.82
-25.44
-45.33
-79.04
-126.73
-181.01
-229.50
-259.87
-264.23
-241.61
-197.77
-129.18
-47.63
26.81
80.92
115.18
136.46
150.26
158.83
162.37
160.23
149.31
128.14
97.68
60.41
19.39
-21.92
-59.99
-92.19
-116.97
-134.39
-141.90
-134.73
-109.79
-69.54
-21.97
22.25
54.33
70.83
73.43
68.96
65.46
68.30
77.50
88.75
95.61
92.45
75.27
44.00
4.43
-32.84
-56.17
-58.00
-37.90
-2.44
38.04
74.20
101.53
120.94
135.70
147.28
152.73
146.40
123.95
85.77
37.95
-9.88
-48.54
-73.18
-82.73
-81.60
-76.45
-72.13
-69.85
-67.91
-63.72
-55.93
-45.42
-34.67
-26.60
-22.74
-22.59
-24.10
-24.89
-23.29
-19.03
-13.10
-7.14
-2.81
-0.76
-0.48
-0.79
-0.46
1.23
4.25
7.96
11.50
14.09
15.55
16.20
16.64
17.35
18.49
19.86
21.01
21.39
20.38
18.06
14.59
10.21
5.16
-0.39
-6.38
-12.65
-18.53
-24.07
-29.11
-33.45
-36.92
-39.44
-40.97
-41.54
-41.03
-40.08
-38.01
-34.54
-29.66
-23.43
-16.12
-8.06
0.34
9.39
18.20
26.45
33.79
39.90
44.48
47.18
47.80
45.99
42.18
36.70
30.13
22.94
15.42
7.67
-0.41
-8.26
-16.08
-23.32
-29.22
-32.73
-33.17
-31.13
-26.68
-20.72
-14.29
-8.11
-2.05
4.48
12.31
21.71
31.94
41.22
47.26
48.23
43.41
33.87
21.92
10.40
1.23
-4.05
-6.92
-9.34
-13.04
-18.91
-26.83
-36.23
-45.91
-53.53
-55.35
-47.19
-26.60
4.42
38.41
64.81
74.43
64.20
38.90
8.82
-15.57
-28.49
-30.97
-28.81
-28.18
-31.80
-37.97
-42.50
-42.05
-36.55
-28.76
-22.70
-21.41
-25.38
-32.85
-41.36
-48.77
-54.48
-58.29
-58.84
-53.36
-39.23
-16.44
10.53
33.62
44.61
39.35
20.31
-4.60
-25.66
-36.12
-34.40
-23.62
-8.80
6.15
19.54
31.30
41.36
48.69
51.30
47.97
38.62
24.63
8.06
-9.30
-27.12
-46.55
-68.27
-92.53
-116.28
-133.51
-137.62
-124.63
-95.85
-58.02
-20.66
7.86
23.89
29.63
31.06
34.75
45.07
63.18
87.47
114.36
138.99
156.07
160.38
150.13
127.12
96.84
66.17
40.77
22.77
10.26
-1.22
-15.93
-36.04
-60.69
-86.14
-107.15
-118.84
-117.65
-104.58
-83.68
-60.63
-40.16
-24.34
-12.21
-0.95
11.74
26.64
43.15
60.74
79.76
100.76
121.89
139.49
147.62
140.88
117.73
81.32
38.44
-3.39
-39.97
-69.55
-91.67
-105.69
-110.18
-104.08
-88.32
-68.12
-50.49
-41.40
-42.93
-52.52
-64.95
-75.34
-81.13
-82.81
-82.50
-81.77
-80.72
-78.01
-71.99
-61.53
-47.02
-29.82
-11.88
5.20
20.74
34.75
47.68
59.10
69.24
77.62
83.48
86.17
85.41
81.75
76.19
69.87
63.73
58.37
53.83
49.87
46.58
43.44
40.48
37.78
35.44
33.40
31.49
29.41
26.90
24.30
21.39
18.42
15.66
13.26
11.24
9.58
8.27
7.30
6.76
6.58
6.73
6.91
6.66
5.48
3.16
-0.16
-3.95
-7.41
-9.93
-11.17
-11.36
-11.29
-11.86
-13.65
-16.48
-19.43
-21.22
-20.83
-18.05
-13.83
-10.05
-8.61
-10.62
-15.60
-21.66
-26.14
-26.94
-23.40
-16.92
-10.59
-7.59
-9.96
-17.45
-27.80
-37.93
-45.12
-47.76
-45.67
-40.20
-33.83
-30.93
-37.22
-58.52
-97.73
-151.98
-211.24
-260.95
-287.84
-285.06
-256.13
-213.31
-171.89
-142.80
-130.61
-131.57
-136.07
-134.12
-118.72
-89.11
-49.73
-7.16
33.42
69.81
102.28
131.67
158.26
184.33
212.86
246.89
288.14
336.11
386.90
432.49
461.64
463.22
434.31
380.31
313.77
250.19
203.84
183.30
189.16
214.00
226.67
204.65
143.61
58.79
-28.78
-104.86
-165.58
-213.19
-251.96
-284.80
-309.25
-322.13
-321.03
-309.87
-294.46
-280.34
-270.42
-265.48
-264.40
-262.39
-254.76
-238.84
-215.02
-184.67
-153.09
-123.11
-96.22
-72.64
-50.16
-26.34
0.22
29.10
59.26
89.96
121.89
155.84
191.52
227.06
257.84
277.50
280.27
264.33
233.13
194.74
158.24
130.46
114.56
109.91
113.73
122.70
134.10
145.56
154.89
159.58
157.53
148.05
132.33
113.01
93.09
74.89
59.41
46.55
35.46
25.16
14.99
4.83
-4.95
-13.53
-19.99
-23.58
-24.09
-22.29
-19.89
-19.31
-22.90
-32.07
-46.67
-64.99
-84.26
-101.50
-114.36
-121.52
-122.75
-118.65
-110.37
-99.38
-87.25
-75.47
-65.18
-56.92
-50.58
-45.61
-41.36
-37.33
-33.32
-29.32
-25.38
-21.50
-17.69
-14.08
-10.93
-8.52
-7.05
-6.48
-6.51
-6.75
-6.84
-6.65
-6.24
-5.77
-5.36
-5.04
-4.66
-4.10
-3.25
-2.19
-1.12
-0.29
0.06
-0.16
-0.92
-2.05
-3.34
-4.57
-5.59
-6.31
-6.72
-6.86
-6.74
-6.33
-5.55
-4.28
-2.51
-0.38
1.88
3.99
5.76
7.16
8.28
9.22
9.99
10.50
10.60
10.21
9.35
8.13
6.63
4.88
2.84
0.44
-2.31
-5.38
-8.68
-12.14
-15.70
-19.30
-22.78
-25.93
-28.50
-30.25
-31.03
-30.79
-29.57
-27.45
-24.57
-21.07
-17.16
-13.05
-8.95
-5.02
-1.41
1.77
4.38
6.32
7.54
8.03
7.93
7.41
6.66
5.86
5.15
4.64
4.38
4.36
4.47
4.51
4.25
3.50
2.21
0.51
-1.36
-3.04
-4.27
-4.89
-4.90
-4.47
-3.78
-3.01
-2.28
-1.63
-1.04
-0.51
-0.04
0.32
0.51
0.50
0.33
0.07
-0.18
-0.42
-0.68
-1.07
-1.65
-2.43
-3.31
-4.12
-4.63
-4.68
-4.17
-3.10
-1.56
0.22
1.99
3.44
4.34
4.53
4.04
3.04
1.75
0.43
-0.72
-1.60
-2.15
-2.38
-2.35
-2.20
-2.06
-2.07
-2.25
-2.49
-2.57
-2.27
-1.44
-0.13
1.46
3.08
4.53
5.75
6.77
7.63
8.35
8.86
9.07
8.94
8.48
7.80
7.01
6.21
5.42
4.65
3.84
2.93
1.92
0.87
-0.10
-0.87
-1.32
-1.46
-1.43
-1.46
-1.75
-2.43
-3.41
-4.51
-5.48
-6.16
-6.53
-6.75
-7.09
-7.80
-9.01
-10.65
-12.49
-14.18
-15.49
-16.25
-16.50
-16.35
-15.93
-15.37
-14.74
-14.14
-13.60
-13.11
-12.56
-11.80
-10.67
-9.10
-7.16
-5.01
-2.84
-0.78
1.10
2.80
4.30
5.49
6.30
6.65
6.64
6.48
6.43
6.70
7.35
8.29
9.37
10.46
11.50
12.52
13.52
14.42
15.10
15.42
15.30
14.73
13.70
12.24
10.38
8.27
6.20
4.53
3.62
3.60
4.36
5.59
6.91
8.00
8.70
8.94
8.74
8.16
7.29
6.23
5.12
4.00
2.88
1.77
0.69
-0.29
-1.07
-1.61
-1.98
-2.36
-2.92
-3.76
-4.86
-6.07
-7.22
-8.18
-8.90
-9.38
-9.67
-9.83
-9.90
-9.91
-9.84
-9.58
-8.99
-7.90
-6.18
-3.84
-1.05
1.88
4.57
6.73
8.18
8.85
8.80
8.14
7.04
5.67
4.18
2.68
1.30
0.08
-0.93
-1.70
-2.10
-1.97
-1.12
0.55
2.94
5.83
8.88
11.74
14.21
16.26
18.05
19.71
21.24
22.41
22.98
22.68
21.18
18.26
13.83
8.01
1.16
-6.24
-13.54
-19.64
-23.58
-24.87
-23.74
-21.04
-17.94
-15.38
-13.77
-12.77
-10.78
-6.10
2.15
13.42
26.00
37.63
46.53
51.91
54.12
55.08
56.81
60.42
65.50
70.57
73.41
71.91
64.18
44.33
9.74
-37.34
-89.56
-137.33
-172.19
-188.85
-185.45
-164.07
-130.35
-90.95
-51.68
-15.78
16.18
46.43
74.84
98.67
113.44
115.05
102.78
79.88
52.38
26.84
8.06
-2.25
-4.79
-1.70
4.49
11.16
16.71
20.09
20.69
18.24
12.86
5.49
-2.30
-8.58
-11.40
-9.58
-3.47
5.01
12.95
17.60
17.60
13.38
6.82
0.22
-4.73
-7.96
-11.00
-16.15
-25.26
-38.49
-54.01
-68.60
-78.97
-83.24
-81.74
-76.77
-71.42
-68.17
-67.84
-69.66
-71.85
-72.64
-70.93
-66.50
-59.82
-51.75
-43.34
-35.61
-29.44
-25.17
-22.32
-19.53
-14.95
-6.96
5.01
20.09
36.22
50.81
61.69
67.65
68.54
64.97
57.92
48.59
38.32
28.62
21.01
16.61
15.76
17.85
21.47
25.02
27.20
27.47
26.07
23.73
21.26
19.24
17.86
16.96
16.17
15.17
13.77
12.00
10.09
8.34
7.05
6.35
6.17
6.26
6.28
5.98
5.33
4.49
3.77
3.44
3.62
4.17
4.80
5.20
5.20
4.92
4.63
4.63
5.09
5.97
7.02
7.90
8.37
8.44
8.35
8.58
9.58
11.65
14.65
18.12
21.31
23.51
24.31
23.73
22.16
20.22
18.67
18.32
20.01
24.35
31.17
39.15
45.73
47.85
43.09
30.77
12.33
-9.17
-30.46
-49.22
-64.66
-77.01
-86.55
-92.91
-95.11
-92.39
-85.07
-74.83
-64.06
-54.76
-47.62
-41.85
-35.88
-28.43
-19.26
-9.31
-0.16
6.77
10.87
12.41
12.24
11.30
10.28
9.41
8.61
7.70
6.62
5.49
4.61
4.29
4.63
5.50
6.53
7.29
7.47
7.00
6.07
4.99
4.08
3.57
3.52
3.91
4.62
5.55
6.56
7.52
8.28
8.72
8.77
8.46
7.92
7.32
6.80
6.44
6.24
6.16
6.20
6.43
6.93
7.69
8.56
9.27
9.52
9.15
8.24
7.08
6.08
5.54
5.57
6.04
6.67
7.14
7.21
6.78
5.83
4.42
2.65
0.69
-1.24
-2.94
-4.24
-5.07
-5.50
-5.71
-5.89
-6.13
-6.44
-6.67
-6.67
-6.36
-5.79
-5.10
-4.47
-4.05
-3.82
-3.69
-3.46
-2.98
-2.19
-1.14
-0.02
0.96
1.65
2.02
2.17
2.25
2.41
2.71
3.09
3.43
3.62
3.58
3.33
2.89
2.32
1.65
0.93
0.26
-0.23
-0.40
-0.14
0.58
1.65
2.90
4.11
5.06
5.62
5.77
5.60
5.25
4.93
4.79
4.91
5.26
5.74
6.25
6.71
7.16
7.66
8.27
9.04
9.95
10.96
12.07
13.27
14.54
15.85
17.10
18.16
18.94
19.39
19.64
19.89
20.43
21.54
23.41
26.02
29.09
32.14
34.50
35.55
34.78
31.91
26.83
19.63
10.53
-0.07
-11.69
-23.90
-36.51
-49.65
-63.59
-78.30
-93.04
-106.17
-115.48
-118.95
-115.58
-105.69
-90.80
-72.95
-53.85
-34.58
-15.56
2.93
20.36
35.81
48.28
57.11
62.32
64.56
64.82
64.07
62.96
61.83
60.82
60.06
59.62
59.28
58.40
55.86
50.37
41.00
27.64
11.32
-5.94
-21.56
-33.03
-38.51
-37.37
-30.30
-19.16
-6.43
5.46
14.77
20.68
23.20
22.77
20.00
15.58
10.50
6.16
4.11
5.60
10.81
18.58
26.64
32.27
33.31
28.89
19.64
7.48
-4.98
-15.18
-21.25
-22.43
-19.09
-12.53
-4.42
3.53
9.68
12.36
10.06
2.06
-10.66
-25.13
-37.02
-42.33
-39.26
-29.11
-15.72
-3.62
3.99
6.29
4.43
0.13
-5.74
-13.52
-23.99
-37.20
-51.71
-64.89
-74.08
-77.93
-76.87
-72.70
-67.42
-62.06
-56.21
-48.49
-37.80
-24.30
-9.74
3.27
12.36
16.62
17.00
15.71
15.12
16.70
20.43
25.06
28.74
29.78
27.39
22.07
15.36
9.26
5.40
4.54
6.45
10.26
14.82
19.32
23.68
28.34
33.80
40.16
46.98
53.41
58.55
61.16
60.58
57.16
52.19
47.20
43.20
40.46
38.63
37.03
33.95
28.18
20.02
11.29
4.28
0.69
1.33
6.22
14.79
24.17
31.39
34.94
35.39
34.31
33.03
32.04
30.83
27.81
18.11
-3.15
-37.99
-84.06
-135.89
-187.20
-232.80
-270.06
-284.63
-268.71
-227.23
-175.82
-128.56
-90.35
-59.25
-32.08
-7.56
13.63
28.19
34.25
33.36
29.96
28.34
30.34
35.30
41.42
47.14
50.03
48.92
44.65
39.69
36.43
35.72
37.00
39.14
41.21
41.80
40.16
36.77
33.10
30.53
29.54
29.80
30.68
31.66
32.04
31.46
30.12
28.70
27.87
27.87
28.59
29.83
31.37
32.93
34.33
35.48
36.41
36.88
36.82
35.99
34.12
31.04
26.73
21.32
15.03
8.18
1.62
-4.59
-10.14
-14.78
-18.37
-20.84
-22.23
-22.71
-22.45
-21.67
-20.59
-19.37
-18.09
-16.84
-15.64
-14.46
-13.34
-12.26
-11.19
-10.18
-9.21
-8.28
-7.39
-6.77
-6.22
-5.71
-5.26
-4.84
-4.51
-4.25
-4.06
-3.95
-3.92
-3.91
-3.97
-4.09
-4.25
-4.48
-4.77
-5.10
-5.47
-5.87
-6.27
-6.72
-7.26
-7.86
-8.58
-9.40
-10.24
-11.07
-11.86
-12.61
-13.44
-14.42
-15.56
-16.89
-18.34
-19.80
-21.05
-21.96
-22.38
-22.25
-21.85
-20.74
-18.75
-15.75
-11.65
-6.52
-0.68
5.42
11.10
15.68
18.84
20.43
20.63
19.91
18.71
17.23
15.22
12.09
6.99
-0.30
-9.51
-19.86
-30.17
-39.30
-46.57
-52.00
-56.09
-59.67
-62.57
-63.92
-62.24
-56.03
-44.40
-27.99
-8.71
11.78
29.88
43.96
53.58
58.59
58.58
53.78
45.38
36.25
30.61
31.41
39.33
50.78
59.20
58.53
46.78
27.19
6.07
-10.60
-21.30
-27.97
-34.17
-42.10
-49.99
-52.91
-46.09
-28.70
-2.28
25.63
49.19
67.40
80.81
89.46
90.96
80.69
53.64
8.78
-49.64
-110.57
-160.40
-188.26
-189.83
-168.81
-130.50
-86.14
-43.75
-12.69
2.77
4.79
0.23
-3.42
-1.38
7.16
20.91
38.26
55.83
69.51
72.48
59.70
32.66
-0.01
-26.10
-36.17
-28.33
-10.33
6.21
11.32
-0.53
-25.18
-51.04
-68.04
-74.37
-73.07
-65.48
-47.28
-13.62
35.70
93.22
144.75
174.21
172.12
140.72
94.17
55.91
47.98
81.20
150.99
239.88
324.24
385.35
414.53
400.94
348.10
273.46
198.82
137.59
94.55
59.21
25.81
-5.04
-29.94
-45.42
-52.22
-56.96
-69.10
-96.24
-141.16
-199.14
-260.99
-316.11
-353.68
-366.88
-354.98
-322.52
-276.79
-226.11
-177.26
-136.34
-108.15
-93.83
-91.22
-96.15
-104.33
-113.19
-122.99
-135.00
-149.74
-164.68
-173.33
-168.36
-146.14
-109.51
-66.32
-25.42
8.38
36.22
63.98
98.74
144.61
200.01
257.83
307.95
340.50
348.99
332.04
293.53
241.19
183.65
127.77
76.86
30.78
-12.68
-56.17
-101.53
-149.41
-199.09
-248.28
-292.87
-327.31
-345.78
-344.28
-322.32
-283.06
-232.37
-176.74
-121.73
-71.44
-28.64
5.07
29.55
46.77
60.67
75.91
95.92
121.21
149.36
176.41
198.96
215.67
227.49
236.81
245.94
255.94
266.01
273.42
273.95
262.92
236.78
194.86
140.55
80.77
23.95
-22.86
-56.25
-77.12
-89.52
-98.31
-106.89
-116.23
-125.45
-133.14
-138.38
-140.78
-139.76
-133.89
-121.29
-101.35
-76.39
-51.93
-34.65
-29.23
-35.66
-48.95
-61.72
-68.22
-67.43
-63.05
-60.47
-62.52
-66.92
-67.23
-56.59
-32.02
3.29
41.05
71.74
88.99
92.00
84.97
74.27
65.15
59.66
56.78
54.07
49.76
43.74
37.41
32.76
31.17
32.59
35.41
37.21
35.45
28.38
15.23
-3.72
-26.97
-51.58
-72.94
-85.37
-83.83
-66.49
-36.58
-2.04
27.30
44.05
46.53
38.99
28.69
21.34
17.71
13.95
5.10
-10.48
-28.78
-41.71
-41.66
-26.32
-0.64
25.39
41.97
44.40
35.04
21.42
11.49
9.49
14.32
21.20
25.03
23.24
16.60
7.96
0.34
-4.41
-6.10
-5.74
-4.92
-4.99
-6.75
-10.41
-15.76
-22.46
-29.98
-37.07
-41.27
-38.92
-26.62
-3.33
28.09
60.98
87.35
101.43
102.43
94.64
84.76
77.94
75.31
74.48
72.67
69.78
69.23
75.76
91.81
114.58
136.16
147.22
141.95
121.67
95.05
75.06
73.63
96.66
141.58
197.69
250.70
287.96
302.38
293.40
264.99
222.83
172.29
118.18
64.94
19.08
-10.80
-16.42
5.49
49.61
102.08
144.81
162.11
144.69
93.69
19.68
-61.27
-134.52
-191.04
-228.50
-249.59
-258.76
-262.29
-265.19
-270.64
-280.19
-295.85
-320.26
-355.89
-403.99
-448.87
-475.36
-475.76
-454.75
-423.24
-390.01
-356.29
-316.85
-265.16
-198.31
-121.50
-44.72
18.55
66.31
99.52
120.77
132.93
138.54
140.31
139.62
138.21
138.28
142.28
149.02
154.38
153.25
142.53
122.83
96.75
67.77
39.01
13.21
-8.63
-26.14
-39.26
-48.37
-54.31
-58.67
-63.40
-69.65
-77.12
-85.33
-93.32
-99.99
-104.41
-106.00
-104.80
-101.89
-97.08
-89.58
-78.88
-64.53
-46.26
-24.15
1.23
28.88
57.39
83.66
106.10
123.81
136.58
144.72
148.78
149.41
147.19
142.36
135.51
127.45
118.67
109.59
100.54
91.80
83.48
75.64
67.98
60.59
53.88
47.84
42.25
36.94
31.72
26.33
22.02
17.49
12.28
6.58
0.36
-6.43
-13.48
-20.33
-26.53
-31.66
-35.66
-38.16
-38.59
-37.08
-34.19
-30.23
-25.42
-20.08
-14.42
-8.95
-5.86
-4.22
-3.40
-3.36
-3.81
-4.29
-4.68
-4.83
-5.18
-5.80
-6.56
-6.34
-6.89
-9.11
-13.02
-18.71
-25.97
-34.82
-44.68
-54.69
-64.56
-74.43
-83.63
-91.03
-96.17
-98.77
-99.37
-98.26
-95.73
-92.42
-89.16
-89.02
-91.75
-97.30
-102.67
-109.04
-116.64
-124.72
-132.29
-138.90
-143.86
-147.16
-149.81
-152.64
-156.21
-159.53
-160.72
-157.14
-151.84
-144.64
-134.41
-120.28
-101.78
-79.60
-54.83
-29.11
-4.19
18.66
39.94
60.80
82.21
104.55
127.09
148.75
168.20
184.70
198.55
211.80
226.95
246.00
269.75
297.44
327.12
355.94
380.78
398.35
405.63
399.16
375.90
334.87
278.63
213.35
146.69
84.76
30.14
-17.41
-58.74
-92.30
-113.40
-116.61
-99.84
-67.44
-29.55
2.30
20.97
26.71
25.89
26.19
31.65
40.91
48.83
50.63
45.08
35.41
27.18
24.85
29.31
37.45
44.64
46.55
41.08
29.13
14.31
1.34
-5.87
-5.88
-0.07
9.50
20.17
29.80
37.57
44.23
51.16
59.19
68.01
76.66
86.35
98.21
112.16
126.24
137.49
143.23
142.16
134.98
124.22
115.52
112.93
116.94
124.71
132.27
136.39
134.91
126.23
94.73
35.05
-44.89
-127.19
-195.36
-241.65
-266.41
-274.42
-271.67
-263.25
-250.09
-232.55
-212.01
-191.25
-173.05
-158.68
-148.01
-139.98
-133.27
-124.96
-113.47
-99.29
-84.57
-71.58
-61.26
-53.40
-47.12
-41.37
-34.27
-24.89
-13.80
-2.68
6.17
12.07
14.86
14.82
12.43
8.70
4.30
-0.64
-5.48
-10.77
-16.31
-21.61
-26.08
-29.29
-30.92
-31.04
-30.07
-28.58
-27.16
-25.82
-24.43
-22.76
-20.73
-18.60
-16.81
-15.79
-15.73
-16.49
-17.37
-17.57
-16.53
-14.22
-11.38
-9.18
-8.68
-10.35
-13.73
-17.40
-19.65
-19.26
-16.15
-11.69
-8.09
-7.46
-10.84
-17.50
-25.08
-30.63
-32.33
-29.52
-23.87
-18.44
-16.30
-19.49
-28.33
-41.33
-55.42
-66.21
-68.60
-58.69
-35.84
-4.08
27.57
48.25
49.83
31.01
-1.18
-34.32
-55.60
-57.62
-40.94
-12.90
16.02
37.04
45.76
42.83
32.42
20.15
11.44
10.15
17.26
30.61
45.44
55.97
57.98
50.26
34.96
16.33
-1.57
-16.50
-28.13
-37.08
-43.80
-47.42
-46.91
-42.28
-35.41
-29.74
-28.61
-34.08
-45.44
-60.32
-75.98
-90.72
-104.40
-117.23
-128.69
-137.04
-139.78
-134.78
-121.57
-101.12
-75.53
-47.24
-18.19
9.98
35.71
57.39
73.87
81.76
82.05
77.81
71.94
66.37
61.16
55.22
47.25
36.56
25.76
14.33
2.35
-10.20
-22.79
-35.30
-47.82
-60.53
-73.52
-86.81
-100.23
-113.45
-126.50
-138.80
-150.19
-160.60
-169.90
-177.78
-183.65
-186.57
-184.67
-181.12
-176.61
-171.54
-166.09
-160.33
-154.16
-147.46
-140.25
-132.03
-122.75
-112.04
-100.22
-87.70
-74.85
-62.04
-49.71
-38.49
-28.57
-20.41
-14.08
-9.89
-7.96
-7.94
-9.21
-11.11
-13.10
-13.86
-12.75
-9.66
-5.23
-0.01
6.01
13.28
22.21
32.85
47.34
66.14
87.56
108.35
125.82
139.22
149.52
158.40
167.32
182.46
206.91
239.09
274.05
307.47
338.22
367.93
399.04
433.06
478.63
539.25
610.63
682.81
746.48
797.16
835.30
864.04
887.59
921.37
974.46
1043.69
1114.36
1168.14
1190.53
1174.83
1121.97
967.82
696.44
345.45
-13.00
-318.50
-547.13
-703.43
-802.47
-859.62
-887.57
-885.50
-855.70
-807.40
-753.74
-703.85
-659.26
-616.39
-571.34
-523.88
-468.31
-403.63
-334.53
-268.99
-213.14
-173.60
-149.16
-137.35
-136.05
-137.45
-135.52
-128.46
-118.71
-109.34
-101.65
-93.91
-84.31
-73.02
-60.24
-49.34
-45.71
-55.41
-80.09
-115.59
-152.63
-181.27
-194.25
-187.79
-163.88
-129.75
-95.50
-70.65
-61.42
-69.01
-89.87
-117.03
-140.64
-151.10
-142.25
-112.82
-65.69
-6.20
60.41
129.80
194.52
247.59
283.52
299.32
295.43
276.29
248.52
218.32
188.65
157.44
121.43
78.63
29.99
-21.26
-71.56
-119.11
-164.87
-210.84
-258.20
-302.11
-333.07
-341.62
-323.52
-282.66
-229.93
-178.61
-129.97
-88.04
-54.66
-29.02
-9.34
4.94
13.29
15.93
15.23
14.99
16.87
21.57
28.29
35.15
40.10
42.06
41.13
38.38
35.58
33.36
32.44
33.35
35.57
37.91
39.04
38.25
35.88
33.12
30.70
29.61
30.43
32.90
36.15
39.11
41.01
41.85
42.28
42.84
43.95
45.65
47.05
46.62
42.74
34.40
21.72
5.97
-11.02
-26.97
-40.67
-51.86
-61.01
-68.90
-76.27
-83.68
-91.75
-100.63
-109.32
-115.32
-114.76
-103.99
-81.57
-49.83
-14.40
17.48
40.18
51.74
53.98
50.89
46.33
42.26
38.69
34.84
30.35
25.92
22.75
21.55
21.97
22.77
22.59
20.38
16.22
10.92
5.71
1.34
-2.07
-5.08
-8.47
-12.64
-17.40
-21.74
-24.47
-24.57
-21.65
-16.12
-8.89
-0.90
7.35
15.91
25.29
35.66
46.66
57.25
65.79
70.58
70.52
65.52
56.68
46.36
37.36
32.18
32.08
35.74
39.26
37.50
26.25
3.67
-26.85
-58.77
-85.17
-99.74
-98.70
-81.81
-52.12
-15.35
21.60
52.29
70.90
75.92
69.28
54.96
37.12
18.95
2.10
-12.53
-23.98
-31.29
-33.36
-30.46
-24.03
-16.21
-8.76
-2.56
2.96
9.27
17.72
29.09
43.08
58.78
75.06
90.71
104.20
113.42
116.03
110.10
95.61
74.66
51.13
29.33
12.52
2.24
-1.49
0.49
6.74
15.49
24.42
31.03
33.65
32.35
29.23
27.73
30.92
39.81
52.74
65.77
74.22
74.18
63.54
42.91
15.32
-14.30
-40.65
-59.89
-71.14
-76.91
-82.07
-91.93
-109.45
-133.54
-158.71
-176.45
-178.27
-158.66
-117.06
-57.94
10.33
77.83
135.44
177.01
200.58
208.37
205.63
198.77
193.22
191.72
193.76
195.94
193.29
180.99
155.82
117.29
67.65
11.37
-46.00
-99.13
-144.69
-182.46
-215.26
-247.88
-284.88
-328.98
-380.41
-436.19
-490.05
-532.89
-554.86
-548.79
-514.09
-458.73
-397.78
-348.03
-320.93
-317.66
-328.83
-339.62
-336.91
-314.47
-273.79
-220.97
-162.26
-101.16
-39.05
22.80
80.68
128.60
161.69
179.99
189.62
200.86
223.71
263.10
317.24
376.87
427.87
456.89
456.17
425.79
374.07
315.38
266.48
242.90
251.24
285.36
328.91
361.83
368.29
343.31
295.13
241.78
204.71
196.15
212.83
239.61
257.98
254.35
224.81
174.78
103.52
23.07
-47.85
-96.93
-124.70
-138.33
-142.88
-138.60
-123.96
-99.47
-68.83
-37.77
-14.63
-5.03
-8.75
-20.83
-35.11
-47.39
-56.84
-64.28
-70.24
-77.54
-87.91
-101.12
-116.42
-134.28
-156.61
-185.17
-218.30
-250.94
-275.88
-284.70
-270.73
-232.43
-175.12
-109.85
-49.51
-4.20
20.79
24.65
10.38
-16.87
-51.05
-85.64
-113.58
-128.02
-124.07
-101.40
-65.76
-27.37
2.37
15.00
7.92
-15.21
-46.46
-77.09
-100.55
-114.10
-118.32
-115.55
-108.25
-97.99
-85.40
-70.70
-54.36
-37.37
-20.97
-5.93
7.95
21.91
37.57
55.72
75.44
94.08
108.24
115.40
115.24
109.85
102.69
96.82
93.50
91.90
90.06
86.49
81.18
75.70
72.16
71.96
74.89
79.25
82.71
83.48
81.02
76.05
69.88
63.52
57.07
49.75
40.51
28.88
15.44
1.81
-9.90
-17.86
-21.33
-20.91
-18.34
-15.77
-14.83
-16.07
-19.01
-22.57
-25.83
-28.45
-30.78
-33.36
-36.41
-39.54
-41.81
-42.09
-39.68
-34.76
-28.56
-22.92
-19.35
-18.18
-18.02
-16.27
-10.52
-0.12
13.07
25.42
33.43
35.57
33.05
28.88
26.03
25.63
26.57
26.56
23.91
18.87
13.65
11.14
13.18
19.41
27.31
33.50
35.40
32.45
26.32
19.97
16.11
15.72
17.68
19.41
18.47
14.00
7.15
0.43
-3.75
-4.39
-2.34
0.37
1.62
0.38
-3.03
-7.30
-11.04
-13.50
-14.73
-15.21
-15.33
-15.17
-14.53
-13.29
-11.83
-11.06
-12.01
-14.96
-18.82
-21.18
-19.35
-11.92
0.04
13.15
23.30
27.84
26.95
23.32
20.41
20.29
22.49
24.67
24.47
21.38
17.25
14.97
16.55
21.69
27.94
32.09
31.98
27.49
20.34
12.89
6.93
3.05
0.79
-0.66
-1.91
-3.16
-4.32
-5.35
-6.33
-7.26
-7.98
-8.22
-7.74
-6.59
-5.15
-3.91
-3.33
-3.64
-4.80
-6.59
-8.70
-10.66
-11.99
-12.31
-11.61
-10.31
-9.21
-9.23
-11.06
-14.79
-19.67
-24.11
-26.07
-23.75
-16.42
-5.11
7.62
18.52
25.10
26.68
24.51
20.90
17.85
16.00
14.60
12.42
8.98
5.13
2.62
2.94
6.30
11.36
15.88
17.89
16.69
13.13
9.00
6.03
5.02
5.50
6.14
5.51
3.06
-0.55
-3.92
-5.74
-5.63
-4.32
-3.10
-2.94
-3.95
-5.45
-6.70
-7.51
-8.52
-10.59
-14.06
-18.26
-21.79
-23.31
-22.41
-19.81
-16.91
-14.88
-14.14
-14.43
-15.29
-16.33
-17.20
-17.26
-15.45
-10.74
-2.94
6.74
15.99
22.51
25.15
24.46
22.23
20.24
19.15
18.26
16.28
12.58
7.94
4.31
3.59
6.37
11.49
16.55
19.25
18.51
14.97
10.40
6.75
5.16
5.51
6.73
7.45
6.80
4.78
2.01
-0.69
-2.71
-3.86
-4.37
-4.60
-4.96
-5.74
-7.05
-8.90
-11.12
-13.48
-15.71
-17.59
-18.86
-19.29
-18.76
-17.30
-15.26
-13.30
-12.32
-12.99
-15.24
-17.94
-19.13
-16.86
-10.32
-0.54
9.92
18.18
22.49
23.02
21.51
20.04
19.69
20.04
19.73
17.68
14.12
10.54
8.82
9.84
12.84
15.82
16.74
14.76
10.68
6.44
3.87
3.70
5.20
6.77
6.94
5.20
2.16
-0.87
-2.74
-3.05
-2.23
-1.22
-0.95
-1.90
-3.94
-6.43
-8.51
-9.48
-9.09
-7.62
-5.76
-4.36
-4.03
-5.01
-7.12
-9.92
-12.95
-15.86
-18.34
-20.12
-20.98
-20.83
-19.85
-18.59
-17.96
-18.79
-21.27
-24.49
-26.57
-25.36
-19.59
-9.82
1.60
11.54
17.66
19.51
18.55
16.99
16.34
16.58
16.47
14.71
11.19
7.32
5.16
6.02
9.53
13.77
16.41
16.12
13.28
9.63
7.07
6.57
7.63
8.81
8.73
6.95
4.18
1.79
0.95
1.87
3.76
5.34
5.55
4.08
1.47
-1.25
-3.12
-3.69
-3.23
-2.56
-2.64
-4.07
-6.78
-10.02
-12.83
-14.49
-14.80
-14.11
-12.99
-11.93
-11.15
-10.76
-11.00
-12.15
-14.28
-16.78
-18.25
-17.04
-12.21
-4.34
4.53
11.86
15.96
16.73
15.48
13.85
12.77
11.99
10.51
7.59
3.60
-0.10
-1.88
-1.00
1.93
5.33
7.50
7.62
6.07
4.04
2.72
2.59
3.26
3.82
3.49
2.16
0.45
-0.73
-0.86
-0.10
0.80
1.06
0.33
-1.13
-2.69
-3.80
-4.25
-4.29
-4.37
-4.88
-5.98
-7.56
-9.33
-11.00
-12.37
-13.35
-13.94
-14.11
-13.86
-13.29
-12.67
-12.48
-13.15
-14.78
-16.78
-17.93
-16.71
-12.09
-4.23
5.36
14.38
20.82
23.81
23.88
22.42
20.76
19.39
17.87
15.41
11.69
7.36
3.79
2.36
3.50
6.42
9.47
11.05
10.43
8.05
5.12
2.78
1.48
0.82
-0.00
-1.56
-3.72
-5.66
-6.51
-5.95
-4.39
-2.77
-1.96
-2.27
-3.35
-4.45
-4.90
-4.57
-3.83
-3.44
-4.02
-5.77
-8.32
-11.00
-13.13
-14.25
-14.26
-13.34
-11.84
-10.20
-8.99
-8.87
-10.33
-13.34
-16.91
-19.27
-18.53
-13.68
-5.38
4.12
12.05
16.48
17.24
15.70
13.75
12.50
11.78
10.63
8.30
5.16
2.63
2.30
4.71
8.92
12.95
15.04
14.59
12.46
10.25
9.29
9.85
11.09
11.75
11.03
8.97
6.44
4.53
3.93
4.58
5.83
6.80
6.83
5.69
3.51
0.67
-2.34
-5.12
-7.37
-9.01
-10.23
-11.35
-12.72
-14.55
-16.80
-19.15
-21.15
-22.33
-22.38
-21.29
-19.38
-17.25
-15.63
-15.14
-15.99
-17.80
-19.48
-19.56
-16.81
-10.80
-2.32
6.86
14.82
20.31
23.23
24.41
24.78
24.73
23.96
21.88
18.37
14.19
10.72
9.17
9.83
11.82
13.71
14.28
13.21
11.09
8.80
6.94
5.46
3.87
1.76
-0.88
-3.59
-5.79
-7.12
-7.60
-7.59
-7.48
-7.52
-7.73
-8.05
-8.36
-8.60
-8.69
-8.50
-8.00
-7.36
-6.91
-7.08
-8.01
-9.41
-10.67
-11.23
-10.89
-9.98
-9.08
-8.64
-8.71
-9.09
-9.60
-10.33
-11.50
-13.05
-14.26
-13.84
-10.55
-4.10
4.39
12.79
18.92
21.63
21.18
18.93
16.38
14.32
12.60
10.58
7.91
4.99
2.85
2.48
4.13
7.04
9.84
11.27
10.84
8.99
6.76
5.17
4.63
4.86
5.13
4.79
3.67
2.09
0.55
-0.65
-1.50
-2.21
-3.01
-3.92
-4.80
-5.47
-5.89
-6.20
-6.70
-7.60
-8.93
-10.53
-12.14
-13.48
-14.35
-14.66
-14.43
-13.86
-13.25
-13.09
-13.87
-15.81
-18.54
-20.97
-21.59
-19.13
-13.30
-5.14
3.28
9.86
13.42
14.11
13.08
11.55
10.10
8.47
6.12
3.00
-0.04
-1.58
-0.59
2.77
7.10
10.45
11.38
9.74
6.58
3.47
1.62
1.30
1.94
2.67
2.89
2.54
2.02
1.82
2.15
2.85
3.52
3.80
3.51
2.65
1.38
-0.14
-1.77
-3.34
-4.66
-5.59
-6.09
-6.39
-6.86
-7.90
-9.65
-11.87
-14.06
-15.63
-16.27
-16.00
-15.15
-14.14
-13.30
-12.86
-13.01
-13.92
-15.50
-17.19
-17.83
-16.12
-11.32
-3.84
4.66
12.03
16.63
18.15
17.47
16.00
14.68
13.57
12.08
9.75
6.86
4.48
3.75
5.08
7.80
10.48
11.74
11.05
8.84
6.17
4.02
2.76
2.10
1.53
0.73
-0.19
-0.81
-0.75
0.07
1.31
2.47
3.18
3.24
2.69
1.74
0.60
-0.49
-1.31
-1.75
-1.93
-2.13
-2.72
-3.90
-5.54
-7.15
-8.10
-8.03
-7.10
-6.00
-5.69
-6.94
-9.85
-13.65
-16.86
-17.87
-15.60
-10.12
-2.71
4.69
10.34
13.37
14.09
13.53
12.77
12.23
11.54
9.95
7.04
3.25
-0.15
-1.75
-0.81
2.24
5.97
8.74
9.52
8.39
6.39
4.76
4.26
4.75
5.41
5.32
4.07
1.94
-0.30
-1.88
-2.41
-2.04
-1.32
-0.89
-1.18
-2.14
-3.41
-4.48
-5.05
-5.20
-5.28
-5.70
-6.67
-7.98
-9.19
-9.89
-9.96
-9.61
-9.31
-9.54
-10.62
-12.54
-14.74
-16.21
-15.76
-12.54
-6.54
1.06
8.41
13.72
16.15
16.07
14.68
13.15
11.94
10.72
8.88
6.26
3.45
1.55
1.39
2.96
5.42
7.55
8.48
8.06
6.79
5.40
4.39
3.86
3.65
3.55
3.48
3.49
3.62
3.88
4.15
4.29
4.20
3.90
3.46
2.97
2.49
2.01
1.47
0.79
-0.17
-1.46
-3.08
-4.85
-6.46
-7.55
-7.87
-7.37
-6.30
-5.18
-4.64
-5.22
-7.02
-9.49
-11.47
-11.59
-8.96
-3.73
2.80
8.69
12.31
13.11
11.86
10.02
8.83
8.62
8.68
7.92
5.75
2.57
-0.38
-1.81
-1.16
0.98
3.28
4.41
3.84
2.09
0.29
-0.54
-0.09
1.12
2.15
2.30
1.48
0.25
-0.63
-0.77
-0.29
0.28
0.42
0.00
-0.74
-1.47
-2.02
-2.52
-3.25
-4.33
-5.64
-6.83
-7.65
-8.00
-8.05
-7.99
-7.91
-7.81
-7.71
-7.80
-8.32
-9.25
-10.11
-10.00
-8.02
-3.93
1.59
7.14
11.25
13.01
12.46
10.42
7.96
5.82
4.16
2.77
1.45
0.25
-0.47
-0.28
0.95
2.90
4.90
6.18
6.31
5.28
3.57
1.81
0.46
-0.36
-0.85
-1.23
-1.53
-1.49
-0.77
0.78
2.97
5.22
6.83
7.30
6.57
4.91
2.83
0.72
-1.17
-2.81
-4.24
-5.48
-6.47
-7.25
-8.02
-9.05
-10.46
-12.01
-12.97
-12.38
-9.64
-4.91
0.72
5.76
8.99
10.03
9.46
8.28
7.23
6.38
5.29
3.58
1.49
-0.10
-0.23
1.34
3.86
5.93
6.32
4.73
1.99
-0.52
-1.69
-1.31
-0.04
1.12
1.49
1.04
0.34
-0.00
0.25
0.88
1.35
1.25
0.45
-0.85
-2.25
-3.36
-3.99
-4.18
-4.14
-4.11
-4.25
-4.57
-4.95
-5.26
-5.50
-5.76
-6.17
-6.61
-6.68
-5.79
-3.55
-0.02
4.10
7.85
10.42
11.54
11.55
11.01
10.36
9.60
8.42
6.61
4.38
2.37
1.29
1.48
2.59
3.81
4.33
3.82
2.57
1.24
0.43
0.27
0.45
0.48
0.04
-0.75
-1.48
-1.69
-1.22
-0.26
0.73
1.30
1.24
0.60
-0.34
-1.30
-2.03
-2.47
-2.66
-2.74
-2.86
-3.10
-3.47
-3.94
-4.56
-5.39
-6.49
-7.67
-8.46
-8.22
-6.46
-3.19
1.02
5.15
8.29
9.95
10.20
9.51
8.35
6.96
5.36
3.61
1.98
0.97
0.97
2.05
3.75
5.37
6.32
6.34
5.62
4.57
3.55
2.69
2.01
1.49
1.18
1.16
1.38
1.62
1.51
0.85
-0.33
-1.71
-2.90
-3.65
-4.03
-4.24
-4.46
-4.68
-4.71
-4.41
-3.90
-3.55
-3.84
-4.96
-6.59
-7.93
-8.06
-6.42
-3.18
0.86
4.63
7.35
8.81
9.32
9.37
9.22
8.74
7.59
5.60
3.10
0.83
-0.41
-0.19
1.28
3.29
5.02
5.93
5.95
5.31
4.35
3.26
2.11
0.98
-0.01
-0.70
-1.00
-1.00
-0.98
-1.23
-1.86
-2.82
-3.86
-4.81
-5.57
-6.13
-6.48
-6.56
-6.34
-5.92
-5.59
-5.70
-6.47
-7.75
-8.98
-9.39
-8.34
-5.71
-2.00
1.92
5.15
7.21
8.07
8.08
7.67
7.08
6.31
5.32
4.14
3.04
2.39
2.43
3.09
3.98
4.62
4.69
4.19
3.38
2.63
2.18
2.04
2.03
1.95
1.65
1.16
0.62
0.13
-0.23
-0.51
-0.78
-1.15
-1.69
-2.43
-3.34
-4.32
-5.22
-5.85
-6.12
-6.05
-5.80
-5.61
-5.77
-6.39
-7.33
-8.18
-8.32
-7.21
-4.71
-1.22
2.47
5.47
7.29
7.96
7.90
7.58
7.21
6.62
5.55
3.97
2.22
0.97
0.72
1.52
2.88
4.05
4.46
4.01
3.04
2.08
1.49
1.27
1.13
0.79
0.12
-0.71
-1.39
-1.69
-1.60
-1.30
-1.07
-1.08
-1.39
-1.90
-2.49
-3.06
-3.55
-3.92
-4.16
-4.26
-4.28
-4.36
-4.66
-5.26
-6.12
-6.94
-7.27
-6.66
-4.88
-2.07
1.26
4.43
6.84
8.13
8.30
7.58
6.32
4.77
3.14
1.59
0.34
-0.38
-0.41
0.19
1.14
2.03
2.53
2.53
2.13
1.51
0.84
0.17
-0.45
-0.91
-1.05
-0.74
-0.06
0.66
0.96
0.53
-0.59
-2.03
-3.29
-4.03
-4.23
-4.10
-3.94
-3.85
-3.77
-3.55
-3.19
-2.91
-2.98
-3.56
-4.44
-5.09
-4.87
-3.39
-0.80
2.24
4.87
6.48
6.94
6.62
6.03
5.51
5.03
4.32
3.16
1.68
0.32
-0.41
-0.27
0.56
1.57
2.26
2.39
2.11
1.71
1.39
1.12
0.69
-0.07
-1.14
-2.22
-2.94
-3.10
-2.79
-2.32
-2.00
-2.04
-2.39
-2.90
-3.41
-3.85
-4.16
-4.32
-4.23
-3.86
-3.29
-2.72
-2.48
-2.82
-3.79
-5.09
-6.19
-6.44
-5.39
-3.02
0.15
3.33
5.70
6.85
6.88
6.23
5.42
4.73
4.14
3.46
2.62
1.79
1.34
1.50
2.24
3.19
3.88
4.04
3.70
3.18
2.83
2.83
3.08
3.35
3.43
3.25
2.88
2.43
1.98
1.46
0.80
0.03
-0.75
-1.37
-1.78
-2.10
-2.54
-3.25
-4.20
-5.14
-5.79
-5.95
-5.67
-5.21
-4.84
-4.78
-5.09
-5.72
-6.56
-7.41
-7.90
-7.63
-6.22
-3.63
-0.23
3.28
6.20
8.10
8.95
9.03
8.66
7.97
6.97
5.66
4.22
3.07
2.61
2.95
3.84
4.75
5.21
5.07
4.54
3.97
3.59
3.36
2.99
2.19
0.93
-0.53
-1.77
-2.44
-2.46
-2.08
-1.65
-1.50
-1.71
-2.17
-2.66
-2.99
-3.14
-3.13
-3.06
-2.98
-2.92
-2.87
-2.90
-3.13
-3.70
-4.64
-5.78
-6.77
-7.11
-6.38
-4.41
-1.45
1.95
5.10
7.40
8.56
8.66
8.02
6.94
5.65
4.21
2.67
1.20
0.15
-0.17
0.37
1.55
2.82
3.63
3.66
3.01
2.09
1.33
0.91
0.72
0.49
0.00
-0.74
-1.50
-2.04
-2.24
-2.17
-2.02
-1.96
-2.07
-2.38
-2.83
-3.35
-3.92
-4.47
-4.92
-5.21
-5.30
-5.25
-5.17
-5.17
-5.37
-5.77
-6.28
-6.63
-6.44
-5.38
-3.29
-0.41
2.70
5.34
6.99
7.52
7.23
6.52
5.74
4.93
3.92
2.62
1.18
0.01
-0.43
-0.00
1.03
2.15
2.81
2.80
2.26
1.54
0.93
0.50
0.18
-0.18
-0.59
-0.94
-1.10
-1.03
-0.86
-0.80
-1.02
-1.51
-2.11
-2.65
-3.03
-3.28
-3.49
-3.76
-4.07
-4.33
-4.41
-4.25
-3.85
-3.33
-2.88
-2.69
-2.93
-3.60
-4.50
-5.21
-5.24
-4.20
-2.11
0.63
3.35
5.42
6.53
6.75
6.37
5.68
4.80
3.62
2.10
0.42
-0.96
-1.56
-1.17
-0.01
1.35
2.30
2.52
2.10
1.41
0.81
0.46
0.21
-0.15
-0.71
-1.39
-1.97
-2.24
-2.16
-1.87
-1.59
-1.48
-1.61
-2.00
-2.61
-3.38
-4.15
-4.73
-4.96
-4.79
-4.39
-4.02
-4.00
-4.45
-5.27
-6.19
-6.82
-6.80
-5.90
-4.09
-1.55
1.34
4.10
6.28
7.56
7.90
7.43
6.40
5.02
3.45
1.86
0.53
-0.21
-0.07
1.00
2.70
4.45
5.62
5.85
5.15
3.85
2.42
1.17
0.19
-0.64
-1.48
-2.38
-3.24
-3.90
-4.25
-4.37
-4.42
-4.65
-5.19
-6.00
-6.91
-7.64
-7.98
-7.85
-7.30
-6.50
-5.63
-4.90
-4.47
-4.46
-4.80
-5.23
-5.28
-4.48
-2.53
0.43
3.83
6.90
9.02
9.96
9.90
9.25
8.33
7.24
5.90
4.26
2.54
1.16
0.54
0.81
1.71
2.72
3.40
3.57
3.37
3.05
2.73
2.33
1.64
0.54
-0.80
-2.02
-2.77
-2.90
-2.59
-2.21
-2.02
-2.12
-2.29
-2.31
-2.03
-1.55
-1.06
-0.75
-0.69
-0.82
-1.10
-1.58
-2.39
-3.55
-4.82
-5.64
-5.42
-3.87
-1.26
1.63
3.94
5.13
5.26
4.83
4.38
4.08
3.68
2.83
1.40
-0.19
-1.21
-1.08
0.27
2.26
4.02
4.89
4.66
3.66
2.39
1.25
0.35
-0.41
-1.14
-1.77
-2.09
-1.93
-1.34
-0.67
-0.33
-0.58
-1.30
-1.99
-2.13
-1.48
-0.25
0.96
1.50
1.05
-0.26
-1.98
-3.56
-4.66
-5.14
-4.98
-4.17
-2.71
-0.69
1.66
3.94
5.72
6.70
6.82
6.20
5.08
3.68
2.23
0.96
0.14
-0.00
0.55
1.58
2.68
3.39
3.44
2.79
1.66
0.39
-0.69
-1.36
-1.54
-1.37
-1.11
-1.08
-1.51
-2.38
-3.40
-4.16
-4.32
-3.84
-2.97
-2.11
-1.51
-1.24
-1.23
-1.40
-1.80
-2.49
-3.36
-4.02
-3.90
-2.54
-0.00
3.14
5.96
7.65
7.89
6.94
5.35
3.65
2.04
0.48
-1.08
-2.53
-3.53
-3.70
-2.96
-1.64
-0.31
0.42
0.28
-0.55
-1.62
-2.48
-2.88
-2.89
-2.72
-2.58
-2.58
-2.71
-2.92
-3.17
-3.40
-3.54
-3.54
-3.35
-2.99
-2.55
-2.18
-2.10
-2.43
-3.17
-4.06
-4.64
-4.41
-3.10
-0.83
1.83
4.16
5.57
5.94
5.55
4.89
4.27
3.66
2.75
1.36
-0.35
-1.83
-2.48
-1.98
-0.56
1.11
2.31
2.59
2.01
0.98
-0.02
-0.69
-1.04
-1.20
-1.34
-1.51
-1.66
-1.77
-1.88
-2.14
-2.62
-3.33
-4.08
-4.67
-4.89
-4.72
-4.24
-3.66
-3.23
-3.13
-3.41
-3.92
-4.29
-4.06
-2.88
-0.73
1.98
4.58
6.42
7.19
7.03
6.37
5.65
5.00
4.29
3.28
1.93
0.52
-0.47
-0.65
0.00
1.14
2.24
2.86
2.83
2.27
1.47
0.62
-0.14
-0.79
-1.30
-1.60
-1.57
-1.15
-0.47
0.19
0.51
0.27
-0.53
-1.66
-2.80
-3.68
-4.17
-4.34
-4.31
-4.20
-4.08
-4.03
-4.15
-4.52
-5.09
-5.57
-5.49
-4.40
-2.16
0.86
3.95
6.35
7.60
7.71
7.07
6.15
5.25
4.37
3.39
2.31
1.29
0.67
0.65
1.24
2.20
3.18
3.89
4.22
4.15
3.72
2.95
1.91
0.72
-0.40
-1.19
-1.47
-1.23
-0.69
-0.18
0.02
-0.24
-0.88
-1.72
-2.55
-3.22
-3.66
-3.86
-3.81
-3.50
-3.05
-2.65
-2.56
-2.94
-3.64
-4.22
-4.02
-2.54
0.21
3.68
6.90
9.01
9.58
8.79
7.23
5.54
4.02
2.66
1.29
-0.08
-1.18
-1.60
-1.10
0.16
1.65
2.73
3.02
2.54
1.63
0.67
-0.15
-0.89
-1.70
-2.62
-3.49
-4.03
-4.02
-3.47
-2.53
-1.47
-0.55
0.07
0.28
0.04
-0.58
-1.45
-2.31
-2.93
-3.21
-3.20
-3.09
-3.15
-3.56
-4.29
-5.13
-5.65
-5.37
-3.99
-1.52
1.60
4.67
6.99
8.18
8.27
7.63
6.67
5.65
4.61
3.48
2.32
1.39
1.01
1.35
2.30
3.44
4.29
4.54
4.16
3.42
2.64
2.03
1.57
1.12
0.53
-0.22
-1.01
-1.62
-1.92
-1.90
-1.70
-1.47
-1.37
-1.41
-1.55
-1.77
-2.06
-2.46
-3.05
-3.79
-4.55
-5.10
-5.23
-4.88
-4.20
-3.52
-3.19
-3.37
-3.87
-4.21
-3.84
-2.41
-0.00
2.90
5.64
7.69
8.84
9.15
8.80
7.91
6.50
4.61
2.47
0.57
-0.57
-0.63
0.28
1.66
2.88
3.47
3.36
2.76
1.99
1.23
0.49
-0.28
-1.03
-1.57
-1.70
-1.36
-0.75
-0.27
-0.27
-0.81
-1.69
-2.52
-3.02
-3.13
-3.02
-2.90
-2.91
-3.00
-3.05
-2.99
-2.91
-2.99
-3.44
-4.30
-5.37
-6.25
-6.45
-5.58
-3.54
-0.60
2.69
5.65
7.74
8.73
8.69
7.95
6.79
5.37
3.73
1.95
0.29
-0.86
-1.10
-0.33
1.17
2.78
3.81
3.86
2.99
1.63
0.28
-0.69
-1.27
-1.58
-1.85
-2.12
-2.30
-2.27
-1.97
-1.49
-0.99
-0.65
-0.58
-0.84
-1.43
-2.22
-3.07
-3.76
-4.15
-4.18
-3.98
-3.74
-3.66
-3.83
-4.18
-4.62
-4.99
-5.13
-4.85
-3.94
-2.25
0.16
2.97
5.63
7.62
8.63
8.68
8.04
7.05
5.92
4.74
3.54
2.45
1.66
1.34
1.53
2.01
2.49
2.69
2.55
2.12
1.58
1.01
0.42
-0.23
-0.95
-1.62
-2.08
-2.19
-1.92
-1.42
-0.92
-0.65
-0.71
-1.05
-1.54
-2.06
-2.58
-3.15
-3.80
-4.46
-4.94
-5.02
-4.60
-3.77
-2.81
-2.10
-1.94
-2.40
-3.33
-4.34
-4.95
-4.73
-3.44
-1.17
1.69
4.54
6.84
8.23
8.69
8.33
7.32
5.80
3.87
1.75
-0.15
-1.36
-1.53
-0.70
0.73
2.13
2.94
2.97
2.34
1.41
0.51
-0.19
-0.67
-0.99
-1.20
-1.27
-1.16
-0.89
-0.51
-0.13
0.17
0.36
0.49
0.55
0.48
0.17
-0.46
-1.38
-2.37
-3.16
-3.47
-3.24
-2.62
-1.96
-1.66
-1.99
-2.92
-4.16
-5.17
-5.41
-4.50
-2.47
0.34
3.30
5.77
7.35
7.94
7.69
6.90
5.79
4.49
3.10
1.73
0.63
0.07
0.19
0.92
1.90
2.68
2.90
2.51
1.72
0.89
0.29
-0.05
-0.25
-0.51
-0.94
-1.48
-1.99
-2.30
-2.35
-2.17
-1.86
-1.57
-1.44
-1.60
-2.07
-2.80
-3.64
-4.39
-4.89
-5.07
-4.97
-4.70
-4.38
-4.13
-4.06
-4.26
-4.75
-5.31
-5.53
-4.92
-3.13
-0.26
3.12
6.21
8.29
9.12
8.91
8.15
7.23
6.28
5.15
3.69
1.94
0.28
-0.83
-1.09
-0.60
0.23
0.89
1.03
0.63
-0.10
-0.89
-1.56
-2.09
-2.55
-2.99
-3.32
-3.45
-3.27
-2.77
-2.09
-1.41
-0.88
-0.53
-0.30
-0.09
0.13
0.26
0.17
-0.25
-1.01
-1.96
-2.87
-3.53
-3.86
-3.94
-3.94
-4.07
-4.42
-5.02
-5.79
-6.50
-6.86
-6.49
-5.12
-2.72
0.37
3.55
6.11
7.62
8.04
7.67
6.96
6.18
5.34
4.32
3.05
1.71
0.66
0.24
0.55
1.34
2.18
2.68
2.63
2.12
1.39
0.68
0.14
-0.20
-0.35
-0.37
-0.30
-0.19
-0.15
-0.26
-0.54
-0.93
-1.25
-1.34
-1.16
-0.82
-0.53
-0.51
-0.88
-1.57
-2.37
-3.03
-3.39
-3.39
-3.07
-2.58
-2.07
-1.78
-1.90
-2.57
-3.70
-4.97
-5.87
-5.85
-4.63
-2.27
0.74
3.71
6.02
7.35
7.71
7.33
6.48
5.33
3.92
2.35
0.84
-0.27
-0.59
0.04
1.45
3.09
4.31
4.68
4.14
3.04
1.88
1.07
0.67
0.46
0.15
-0.38
-1.00
-1.43
-1.45
-1.12
-0.69
-0.45
-0.57
-0.95
-1.40
-1.76
-2.06
-2.53
-3.33
-4.45
-5.61
-6.44
-6.64
-6.23
-5.50
-4.82
-4.49
-4.55
-4.89
-5.32
-5.61
-5.49
-4.70
-3.00
-0.38
2.84
6.03
8.46
9.70
9.73
8.93
7.79
6.67
5.58
4.40
3.09
1.81
0.97
0.85
1.50
2.55
3.46
3.79
3.38
2.46
1.47
0.78
0.57
0.76
1.08
1.30
1.26
0.98
0.59
0.20
-0.12
-0.40
-0.69
-1.03
-1.35
-1.60
-1.75
-1.87
-2.10
-2.58
-3.32
-4.19
-4.98
-5.45
-5.50
-5.14
-4.53
-3.83
-3.24
-2.90
-2.93
-3.38
-4.16
-5.03
-5.57
-5.25
-3.71
-0.91
2.75
6.50
9.50
11.15
11.26
10.09
8.18
6.05
4.02
2.24
0.76
-0.30
-0.74
-0.42
0.61
2.01
3.28
3.98
3.90
3.15
2.01
0.81
-0.23
-0.97
-1.38
-1.45
-1.27
-0.93
-0.60
-0.45
-0.51
-0.69
-0.78
-0.64
-0.24
0.25
0.59
0.57
0.14
-0.62
-1.49
-2.28
-2.87
-3.20
-3.31
-3.28
-3.20
-3.20
-3.37
-3.80
-4.46
-5.16
-5.52
-5.11
-3.59
-0.95
2.41
5.78
8.41
9.80
9.88
8.95
7.52
6.01
4.64
3.46
2.45
1.67
1.27
1.42
2.10
3.11
4.05
4.54
4.33
3.46
2.17
0.81
-0.30
-1.06
-1.48
-1.69
-1.86
-2.06
-2.31
-2.60
-2.95
-3.38
-3.97
-4.79
-5.90
-7.42
-9.45
-12.01
-15.01
-18.16
-21.01
-23.06
-23.88
-23.30
-21.38
-18.40
-14.77
-10.89
-7.08
-3.58
-0.50
2.21
4.75
7.36
10.25
13.34
16.28
18.57
19.78
19.77
18.74
17.08
15.19
13.31
11.48
9.69
8.03
6.73
6.01
5.92
6.28
6.71
6.84
6.49
5.73
4.80
3.93
3.24
2.69
2.20
1.67
1.08
0.46
-0.09
-0.52
-0.82
-1.00
-1.10
-1.15
-1.18
-1.23
-1.32
-1.52
-1.87
-2.35
-2.85
-3.19
-3.22
-2.90
-2.39
-1.96
-1.85
-2.13
-2.65
-3.15
-3.46
-3.65
-3.95
-4.58
-5.49
-6.20
-6.07
-4.55
-1.63
2.13
5.77
8.40
9.51
9.17
7.84
6.12
4.40
2.87
1.52
0.37
-0.48
-0.85
-0.65
0.01
0.82
1.38
1.43
0.94
0.14
-0.65
-1.22
-1.51
-1.65
-1.77
-1.93
-2.08
-2.13
-2.02
-1.86
-1.75
-1.80
-1.99
-2.23
-2.41
-2.51
-2.64
-2.90
-3.40
-4.09
-4.81
-5.34
-5.52
-5.30
-4.74
-3.97
-3.20
-2.61
-2.36
-2.55
-3.12
-3.87
-4.40
-4.26
-3.10
-0.86
2.14
5.26
7.73
9.04
9.06
8.03
6.44
4.69
2.96
1.28
-0.33
-1.68
-2.46
-2.37
-1.35
0.27
1.96
3.19
3.70
3.56
3.03
2.38
1.74
1.11
0.45
-0.18
-0.64
-0.77
-0.52
-0.01
0.51
0.84
0.93
0.84
0.71
0.61
0.47
0.13
-0.53
-1.57
-2.85
-4.11
-5.12
-5.79
-6.20
-6.61
-7.31
-8.51
-10.39
-12.95
-16.06
-19.37
-22.27
-24.03
-23.97
-21.73
-17.59
-12.31
-6.88
-2.09
1.73
4.73
7.24
9.43
11.22
12.36
12.69
12.41
12.00
11.92
12.41
13.25
13.94
13.97
13.16
11.71
10.02
8.47
7.19
6.13
5.17
4.25
3.40
2.74
2.31
2.01
1.71
1.28
0.77
0.32
0.07
0.04
0.04
-0.18
-0.77
-1.69
-2.67
-3.40
-3.66
-3.45
-2.92
-2.32
-1.84
-1.56
-1.52
-1.73
-2.18
-2.77
-3.26
-3.26
-2.36
-0.40
2.38
5.41
7.97
9.46
9.64
8.66
6.91
4.86
2.86
1.16
-0.12
-0.87
-1.05
-0.69
0.04
0.87
1.53
1.81
1.68
1.24
0.65
0.06
-0.41
-0.73
-0.90
-1.02
-1.16
-1.41
-1.75
-2.06
-2.17
-1.94
-1.37
-0.65
-0.10
0.00
-0.49
-1.45
-2.57
-3.48
-3.87
-3.66
-2.96
-2.02
-1.18
-0.77
-0.97
-1.83
-3.15
-4.53
-5.46
-5.47
-4.25
-1.91
1.07
3.96
6.10
7.11
7.01
6.19
5.08
3.98
2.97
1.97
0.94
-0.07
-0.93
-1.64
-2.36
-3.46
-5.25
-7.85
-11.05
-14.36
-17.29
-19.39
-20.41
-20.21
-18.80
-16.28
-12.84
-8.83
-4.70
-0.92
2.22
4.62
6.35
7.58
8.45
8.99
9.14
8.84
8.07
6.92
5.55
4.22
3.19
2.68
2.74
3.20
3.79
4.17
4.04
3.36
2.31
1.31
0.89
1.44
3.14
5.79
8.86
11.60
13.35
13.77
12.89
11.08
8.87
6.68
4.76
3.18
1.89
0.91
0.29
0.08
0.24
0.61
0.99
1.17
1.04
0.63
0.06
-0.51
-0.97
-1.23
-1.33
-1.31
-1.22
-1.04
-0.71
-0.21
0.42
1.06
1.57
1.82
1.79
1.55
1.23
0.91
0.56
0.10
-0.54
-1.37
-2.26
-3.03
-3.52
-3.68
-3.53
-3.21
-2.86
-2.66
-2.75
-3.20
-3.89
-4.53
-4.71
-4.01
-2.21
0.51
3.61
6.40
8.32
9.16
9.03
8.30
7.28
6.16
4.98
3.75
2.61
1.81
1.62
2.09
3.01
3.90
4.32
4.06
3.21
2.11
1.10
0.34
-0.22
-0.72
-1.28
-1.88
-2.41
-2.79
-3.05
-3.36
-3.88
-4.72
-5.87
-7.34
-9.18
-11.47
-14.26
-17.37
-20.45
-22.94
-24.35
-24.31
-22.79
-19.96
-16.22
-12.03
-7.85
-4.14
-1.22
0.85
2.30
3.59
5.24
7.58
10.49
13.51
15.95
17.29
17.38
16.46
14.96
13.28
11.60
9.91
8.20
6.59
5.30
4.59
4.49
4.80
5.15
5.20
4.85
4.23
3.58
3.08
2.75
2.48
2.11
1.65
1.18
0.85
0.73
0.74
0.70
0.43
-0.10
-0.76
-1.32
-1.64
-1.71
-1.63
-1.58
-1.67
-1.92
-2.30
-2.79
-3.37
-4.01
-4.63
-5.09
-5.24
-5.03
-4.55
-4.00
-3.60
-3.51
-3.73
-4.15
-4.51
-4.50
-3.78
-2.16
0.37
3.49
6.64
9.20
10.73
11.09
10.46
9.20
7.65
6.03
4.41
2.89
1.59
0.72
0.40
0.59
1.04
1.40
1.38
0.88
0.01
-0.95
-1.75
-2.25
-2.47
-2.55
-2.58
-2.59
-2.52
-2.28
-1.89
-1.43
-1.00
-0.69
-0.43
-0.17
0.15
0.46
0.60
0.42
-0.10
-0.88
-1.74
-2.52
-3.12
-3.47
-3.53
-3.25
-2.60
-1.72
-0.92
-0.58
-1.02
-2.27
-3.97
-5.46
-5.99
-5.05
-2.63
0.81
4.44
7.43
9.21
9.63
8.93
7.51
5.75
3.84
1.92
0.12
-1.26
-1.85
-1.37
0.06
1.94
3.50
4.04
3.26
1.40
-0.88
-2.82
-3.86
-3.94
-3.37
-2.70
-2.33
-2.46
-3.06
-3.95
-5.00
-6.14
-7.50
-9.16
-11.13
-13.25
-15.28
-17.01
-18.31
-19.14
-19.44
-19.05
-17.69
-15.15
-11.49
-7.11
-2.74
0.83
3.09
3.98
3.90
3.56
3.67
4.70
6.81
9.76
13.03
15.95
17.97
18.79
18.39
17.04
15.07
12.80
10.43
8.17
6.21
4.79
4.10
4.14
4.63
5.15
5.29
4.85
3.89
2.66
1.42
0.34
-0.56
-1.35
-2.04
-2.54
-2.68
-2.40
-1.76
-0.98
-0.34
-0.00
-0.00
-0.19
-0.37
-0.42
-0.37
-0.38
-0.61
-1.13
-1.91
-2.77
-3.51
-3.99
-4.19
-4.17
-4.04
-3.89
-3.75
-3.66
-3.67
-3.90
-4.42
-5.16
-5.80
-5.84
-4.81
-2.53
0.72
4.26
7.31
9.26
9.93
9.52
8.43
7.05
5.62
4.29
3.12
2.26
1.86
1.99
2.59
3.42
4.10
4.32
3.92
2.98
1.78
0.70
0.00
-0.25
-0.22
-0.15
-0.24
-0.49
-0.72
-0.75
-0.48
-0.03
0.39
0.56
0.42
0.05
-0.31
-0.50
-0.47
-0.29
-0.16
-0.27
-0.71
-1.43
-2.26
-2.97
-3.42
-3.54
-3.39
-3.05
-2.66
-2.30
-2.13
-2.28
-2.82
-3.63
-4.37
-4.49
-3.53
-1.31
1.85
5.22
7.92
9.23
8.86
6.96
3.99
0.36
-3.66
-7.90
-12.19
-16.18
-19.34
-21.15
-21.30
-19.86
-17.23
-13.95
-10.48
-7.09
-3.91
-1.00
1.56
3.66
5.29
6.52
7.49
8.30
8.92
9.27
9.30
9.06
8.67
8.26
7.83
7.21
6.23
4.78
3.04
1.33
0.01
-0.75
-0.99
-0.94
-0.83
-0.82
-0.93
-1.11
-1.38
-1.82
-2.52
-3.41
-4.21
-4.38
-3.43
-1.15
2.17
5.80
8.81
10.55
10.86
10.03
8.65
7.17
5.78
4.42
3.01
1.62
0.49
-0.08
0.00
0.58
1.30
1.80
1.91
1.64
1.12
0.45
-0.37
-1.38
-2.56
-3.74
-4.62
-4.91
-4.48
-3.49
-2.29
-1.25
-0.59
-0.28
-0.13
0.08
0.50
1.02
1.45
1.55
1.19
0.35
-0.84
-2.22
-3.60
-4.83
-5.77
-6.33
-6.47
-6.18
-5.58
-4.83
-4.16
-3.84
-4.03
-4.70
-5.51
-5.87
-5.16
-2.97
0.53
4.63
8.36
10.86
11.78
11.32
10.05
8.47
6.84
5.19
3.47
1.88
0.79
0.52
1.12
2.18
3.09
3.31
2.67
1.45
0.19
-0.67
-1.00
-0.97
-0.96
-1.22
-1.79
-2.45
-2.88
-2.84
-2.29
-1.40
-0.47
0.20
0.48
0.36
-0.03
-0.54
-1.01
-1.40
-1.74
-2.06
-2.46
-2.95
-3.50
-4.00
-4.36
-4.54
-4.58
-4.54
-4.48
-4.38
-4.18
-3.88
-3.63
-3.66
-4.09
-4.79
-5.23
-4.73
-2.81
0.43
4.28
7.72
9.92
10.57
9.97
8.65
7.10
5.46
3.67
1.67
-0.32
-1.85
-2.42
-1.86
-0.47
1.16
2.37
2.80
2.47
1.71
0.89
0.24
-0.18
-0.42
-0.51
-0.45
-0.21
0.23
0.76
1.24
1.50
1.47
1.18
0.74
0.28
-0.14
-0.51
-0.87
-1.37
-2.17
-3.42
-5.14
-7.26
-9.51
-11.70
-13.68
-15.47
-17.13
-18.70
-20.12
-21.21
-21.77
-21.56
-20.39
-18.06
-14.42
-9.40
-3.19
3.68
10.37
15.96
19.81
21.71
21.91
20.91
19.18
17.05
14.67
12.20
9.87
8.02
6.96
6.75
7.19
7.80
8.16
8.02
7.36
6.34
5.19
4.04
2.96
2.01
1.24
0.72
0.53
0.69
1.12
1.71
2.32
2.85
3.21
3.38
3.30
3.00
2.54
2.01
1.52
1.12
0.75
0.29
-0.40
-1.35
-2.48
-3.57
-4.45
-4.98
-5.18
-5.18
-5.14
-5.23
-5.57
-6.17
-6.93
-7.60
-7.80
-7.10
-5.14
-1.88
2.35
6.78
10.53
12.84
13.35
12.20
9.95
7.25
4.70
2.62
1.12
0.18
-0.24
-0.19
0.25
0.88
1.42
1.53
1.03
-0.09
-1.58
-3.11
-4.31
-4.91
-4.85
-4.26
-3.42
-2.63
-2.09
-1.88
-1.91
-2.03
-2.11
-2.12
-2.13
-2.19
-2.33
-2.44
-2.37
-2.05
-1.53
-1.06
-0.91
-1.26
-2.03
-2.96
-3.69
-3.92
-3.55
-2.67
-1.58
-0.65
-0.23
-0.58
-1.75
-3.53
-5.44
-6.86
-7.17
-6.05
-3.60
-0.29
3.18
6.18
8.33
9.49
9.68
9.01
7.63
5.78
3.78
2.03
0.92
0.68
1.28
2.45
3.73
4.69
5.00
4.58
3.52
2.04
0.36
-1.35
-2.97
-4.39
-5.52
-6.25
-6.47
-6.19
-5.51
-4.62
-3.72
-2.96
-2.35
-1.89
-1.49
-1.09
-0.67
-0.31
-0.10
-0.17
-0.56
-1.18
-1.88
-2.47
-2.84
-2.98
-3.00
-3.07
-3.38
-4.14
-5.53
-7.71
-10.68
-14.09
-17.30
-19.49
-20.01
-18.64
-15.77
-12.10
-8.38
-5.01
-2.02
0.77
3.47
5.94
7.89
9.09
9.61
9.75
9.89
10.28
10.84
11.33
11.48
11.18
10.50
9.59
8.62
7.65
6.70
5.76
4.93
4.33
4.06
4.13
4.42
4.71
4.79
4.56
4.06
3.43
2.79
2.18
1.54
0.79
-0.08
-0.95
-1.69
-2.21
-2.55
-2.90
-3.41
-4.17
-5.06
-5.88
-6.41
-6.52
-6.26
-5.78
-5.29
-4.97
-4.88
-4.95
-4.97
-4.60
-3.48
-1.36
1.72
5.38
8.95
11.75
13.29
13.47
12.48
10.68
8.37
5.77
3.07
0.52
-1.53
-2.74
-2.94
-2.32
-1.30
-0.36
0.16
0.19
-0.10
-0.47
-0.78
-1.01
-1.24
-1.48
-1.65
-1.62
-1.28
-0.66
0.12
0.85
1.38
1.65
1.66
1.48
1.17
0.78
0.36
-0.06
-0.46
-0.93
-1.60
-2.58
-3.84
-5.16
-6.19
-6.68
-6.50
-5.77
-4.79
-3.99
-3.75
-4.31
-5.69
-7.63
-9.69
-11.37
-12.19
-11.94
-10.71
-8.81
-6.70
-4.76
-3.18
-2.01
-1.15
-0.42
0.38
1.41
2.78
4.48
6.43
8.48
10.42
12.03
13.09
13.36
12.76
11.34
9.34
7.13
5.07
3.49
2.54
2.23
2.41
2.94
3.62
4.25
4.68
4.84
4.73
4.48
4.22
4.08
4.07
4.13
4.12
3.86
3.19
2.01
0.34
-1.63
-3.59
-5.15
-6.06
-6.24
-5.85
-5.20
-4.65
-4.46
-4.73
-5.37
-6.06
-6.35
-5.80
-4.09
-1.23
2.37
6.03
9.06
10.99
11.73
11.44
10.43
8.90
7.00
4.84
2.69
0.95
0.03
0.13
1.08
2.36
3.30
3.42
2.58
1.04
-0.75
-2.34
-3.44
-4.00
-4.12
-3.94
-3.54
-2.96
-2.21
-1.34
-0.45
0.32
0.84
1.01
0.81
0.33
-0.27
-0.82
-1.22
-1.47
-1.72
-2.15
-2.86
-3.79
-4.72
-5.40
-5.68
-5.59
-5.24
-4.78
-4.30
-3.86
-3.52
-3.39
-3.60
-4.13
-4.76
-5.02
-4.36
-2.49
0.51
4.07
7.38
9.70
10.66
10.31
9.02
7.26
5.37
3.53
1.84
0.39
-0.66
-1.16
-1.07
-0.56
0.08
0.50
0.48
-0.02
-0.86
-1.84
-2.83
-3.79
-4.80
-5.95
-7.37
-9.14
-11.20
-13.42
-15.55
-17.33
-18.52
-18.95
-18.50
-17.15
-14.91
-11.87
-8.29
-4.53
-1.00
1.94
4.10
5.52
6.34
6.77
6.93
6.86
6.65
6.40
6.18
5.97
5.62
4.91
3.72
2.28
1.05
0.69
1.64
3.91
7.01
10.15
12.55
13.80
13.87
13.03
11.61
9.84
7.77
5.47
3.14
1.16
-0.03
-0.20
0.52
1.67
2.60
2.83
2.23
1.08
-0.19
-1.16
-1.69
-1.88
-1.93
-2.01
-2.11
-2.13
-1.93
-1.50
-0.93
-0.39
-0.02
0.12
0.07
-0.10
-0.32
-0.57
-0.86
-1.20
-1.57
-1.97
-2.37
-2.80
-3.31
-3.90
-4.52
-5.05
-5.32
-5.21
-4.70
-3.95
-3.21
-2.80
-2.92
-3.58
-4.50
-5.15
-4.92
-3.38
-0.48
3.33
7.26
10.50
12.52
13.30
13.14
12.42
11.40
10.07
8.39
6.42
4.44
2.82
1.83
1.42
1.31
1.16
0.75
0.04
-0.88
-1.98
-3.35
-5.14
-7.47
-10.27
-13.29
-16.14
-18.42
-19.83
-20.18
-19.41
-17.58
-14.83
-11.48
-7.87
-4.37
-1.21
1.56
3.96
6.04
7.75
8.95
9.46
9.24
8.36
7.09
5.74
4.58
3.76
3.33
3.22
3.25
3.17
2.71
1.80
0.65
-0.25
-0.34
0.78
3.08
6.07
9.00
11.20
12.31
12.35
11.56
10.28
8.73
7.09
5.46
4.08
3.22
3.14
3.85
5.11
6.41
7.21
7.17
6.31
4.88
3.29
1.78
0.42
-0.86
-2.12
-3.29
-4.17
-4.59
-4.49
-4.06
-3.58
-3.26
-3.15
-3.19
-3.22
-3.19
-3.16
-3.24
-3.55
-4.08
-4.69
-5.21
-5.46
-5.34
-4.89
-4.19
-3.39
-2.61
-1.94
-1.45
-1.22
-1.31
-1.73
-2.32
-2.72
-2.44
-1.08
1.40
4.57
7.65
9.82
10.60
10.00
8.48
6.62
4.83
3.22
1.69
0.18
-1.19
-2.11
-2.28
-1.63
-0.46
0.72
1.43
1.42
0.82
-0.03
-0.77
-1.22
-1.41
-1.46
-1.47
-1.45
-1.32
-1.00
-0.52
-0.00
0.38
0.50
0.33
-0.03
-0.43
-0.75
-0.92
-0.96
-0.98
-1.15
-1.66
-2.62
-3.99
-5.53
-6.91
-7.85
-8.17
-7.91
-7.32
-6.74
-6.49
-6.81
-7.81
-9.52
-11.81
-14.32
-16.51
-17.72
-17.43
-15.53
-12.32
-8.50
-4.73
-1.47
1.21
3.45
5.40
7.09
8.39
9.20
9.56
9.67
9.78
9.97
10.06
9.81
9.08
7.94
6.65
5.55
4.79
4.30
3.82
3.12
2.17
1.20
0.57
0.56
1.26
2.45
3.73
4.68
5.05
4.79
4.09
3.19
2.36
1.73
1.26
0.86
0.36
-0.35
-1.25
-2.27
-3.29
-4.22
-4.97
-5.52
-5.86
-6.00
-6.07
-6.20
-6.56
-7.16
-7.79
-8.02
-7.33
-5.39
-2.17
1.87
5.98
9.42
11.70
12.75
12.78
12.09
10.89
9.21
7.06
4.59
2.19
0.35
-0.52
-0.41
0.28
0.91
0.92
0.11
-1.30
-2.86
-4.15
-4.96
-5.33
-5.40
-5.26
-4.87
-4.16
-3.07
-1.74
-0.40
0.66
1.30
1.53
1.51
1.43
1.41
1.46
1.49
1.38
0.99
0.30
-0.64
-1.70
-2.76
-3.65
-4.35
-4.86
-5.25
-5.61
-5.97
-6.33
-6.65
-6.85
-6.72
-6.02
-4.52
-2.11
1.06
4.56
7.73
9.91
10.70
9.97
7.88
4.72
0.79
-3.56
-7.90
-11.74
-14.58
-16.07
-16.15
-15.04
-13.15
-10.84
-8.35
-5.77
-3.11
-0.38
2.32
4.83
6.94
8.51
9.48
9.88
9.85
9.60
9.35
9.20
9.11
8.94
8.54
7.84
6.94
5.99
5.19
4.66
4.33
4.02
3.51
2.66
1.49
0.15
-1.10
-2.06
-2.61
-2.80
-2.76
-2.64
-2.60
-2.74
-3.10
-3.58
-3.93
-3.76
-2.68
-0.45
2.82
6.62
10.16
12.73
13.94
13.83
12.76
11.15
9.28
7.28
5.15
2.99
1.05
-0.35
-0.97
-0.79
-0.07
0.81
1.46
1.66
1.34
0.62
-0.33
-1.33
-2.20
-2.76
-2.91
-2.59
-1.84
-0.84
0.18
0.90
1.13
0.84
0.18
-0.63
-1.33
-1.82
-2.15
-2.46
-2.95
-3.66
-4.52
-5.32
-5.82
-5.83
-5.34
-4.48
-3.55
-2.84
-2.59
-2.85
-3.49
-4.17
-4.50
-4.06
-2.63
-0.20
2.92
6.22
9.09
11.04
11.78
11.30
9.81
7.65
5.17
2.65
0.41
-1.33
-2.33
-2.50
-1.99
-1.15
-0.43
-0.20
-0.58
-1.36
-2.17
-2.65
-2.64
-2.26
-1.77
-1.43
-1.33
-1.37
-1.31
-0.99
-0.38
0.37
1.00
1.29
1.17
0.75
0.23
-0.20
-0.54
-0.94
-1.61
-2.66
-3.94
-5.15
-5.93
-6.10
-5.74
-5.19
-4.88
-5.13
-6.10
-7.73
-9.83
-12.08
-14.07
-15.35
-15.53
-14.51
-12.51
-10.00
-7.48
-5.26
-3.30
-1.40
0.63
2.76
4.79
6.45
7.65
8.51
9.23
9.91
10.42
10.45
9.81
8.55
7.02
5.66
4.73
4.21
3.82
3.30
2.56
1.83
1.41
1.54
2.16
3.01
3.68
3.93
3.73
3.22
2.62
2.08
1.63
1.25
0.90
0.59
0.30
-0.02
-0.48
-1.16
-2.12
-3.27
-4.38
-5.17
-5.45
-5.21
-4.66
-4.17
-4.06
-4.46
-5.15
-5.62
-5.29
-3.72
-0.95
2.56
6.04
8.75
10.23
10.41
9.48
7.81
5.71
3.43
1.24
-0.60
-1.78
-2.08
-1.51
-0.34
0.97
2.01
2.51
2.42
1.84
0.94
-0.13
-1.22
-2.16
-2.76
-2.94
-2.75
-2.40
-2.14
-2.14
-2.38
-2.63
-2.59
-2.10
-1.29
-0.46
-0.00
-0.13
-0.81
-1.76
-2.66
-3.27
-3.52
-3.50
-3.36
-3.16
-2.96
-2.80
-2.75
-2.95
-3.47
-4.18
-4.74
-4.67
-3.55
-1.27
1.84
5.09
7.75
9.28
9.56
8.87
7.67
6.34
5.07
3.82
2.55
1.28
0.18
-0.45
-0.47
0.03
0.77
1.33
1.37
0.75
-0.47
-2.16
-4.13
-6.29
-8.52
-10.64
-12.43
-13.67
-14.21
-14.10
-13.48
-12.49
-11.21
-9.59
-7.59
-5.22
-2.62
0.03
2.52
4.69
6.37
7.39
7.57
6.90
5.55
4.01
2.85
2.46
2.91
3.85
4.72
5.07
4.72
3.82
2.77
2.06
2.03
2.89
4.63
7.06
9.81
12.40
14.35
15.28
15.10
13.95
12.19
10.23
8.41
6.92
5.83
5.13
4.72
4.48
4.24
3.79
3.00
1.82
0.34
-1.24
-2.73
-4.00
-5.00
-5.74
-6.21
-6.39
-6.22
-5.68
-4.82
-3.79
-2.77
-1.88
-1.21
-0.70
-0.32
-0.03
0.15
0.14
-0.10
-0.57
-1.20
-1.90
-2.57
-3.17
-3.68
-4.10
-4.45
-4.72
-4.89
-4.98
-5.02
-5.05
-5.13
-5.30
-5.57
-5.86
-5.93
-5.44
-4.03
-1.50
1.98
5.84
9.30
11.62
12.42
11.72
9.89
7.40
4.68
2.02
-0.34
-2.13
-3.06
-2.97
-1.99
-0.52
0.84
1.60
1.59
0.98
0.15
-0.53
-0.90
-1.04
-1.12
-1.30
-1.62
-1.94
-2.12
-2.10
-1.91
-1.68
-1.49
-1.38
-1.32
-1.28
-1.29
-1.43
-1.74
-2.17
-2.58
-2.81
-2.78
-2.51
-2.14
-1.77
-1.46
-1.22
-1.07
-1.09
-1.44
-2.24
-3.37
-4.48
-4.99
-4.35
-2.32
0.86
4.50
7.69
9.75
10.41
9.88
8.64
7.14
5.61
4.07
2.49
0.97
-0.21
-0.70
-0.44
0.37
1.21
1.62
1.33
0.40
-0.92
-2.40
-3.96
-5.74
-7.89
-10.42
-13.12
-15.63
-17.54
-18.59
-18.72
-18.00
-16.59
-14.63
-12.25
-9.52
-6.56
-3.51
-0.57
2.06
4.18
5.68
6.52
6.79
6.64
6.30
5.95
5.69
5.45
5.13
4.68
4.07
3.38
2.66
1.90
1.05
0.12
-0.72
-1.06
-0.44
1.43
4.38
7.77
10.72
12.50
12.83
11.94
10.38
8.69
7.10
5.62
4.15
2.68
1.42
0.69
0.65
1.19
1.94
2.39
2.22
1.41
0.25
-0.88
-1.69
-2.16
-2.46
-2.75
-3.12
-3.45
-3.54
-3.25
-2.62
-1.85
-1.17
-0.74
-0.57
-0.59
-0.70
-0.88
-1.11
-1.38
-1.65
-1.83
-1.90
-1.86
-1.80
-1.84
-2.07
-2.52
-3.13
-3.71
-4.04
-3.97
-3.47
-2.74
-2.13
-1.97
-2.38
-3.09
-3.55
-3.06
-1.22
1.86
5.53
8.85
11.06
11.84
11.43
10.30
8.85
7.19
5.25
3.01
0.75
-0.96
-1.62
-1.06
0.30
1.69
2.40
2.16
1.28
0.41
0.09
0.39
0.92
1.12
0.66
-0.35
-1.39
-1.80
-1.21
0.31
2.28
4.11
5.37
5.99
6.19
6.36
6.83
7.76
9.12
10.73
12.28
13.45
13.99
13.86
13.30
12.73
12.65
13.44
15.24
17.96
21.27
24.58
27.13
28.14
27.21
24.70
21.96
20.90
23.22
29.50
38.74
48.83
57.56
63.67
67.44
70.29
73.88
79.20
86.08
93.57
100.47
105.99
109.87
112.26
113.40
113.54
113.12
112.65
112.39
111.74
108.80
100.34
82.68
53.17
11.72
-38.45
-91.65
-141.43
-182.86
-213.83
-235.23
-249.88
-261.33
-273.14
-288.38
-309.12
-335.34
-363.93
-388.76
-402.02
-397.01
-370.66
-324.78
-265.05
-198.65
-131.66
-67.94
-9.64
42.09
86.64
124.43
157.38
188.60
220.60
253.40
283.64
305.57
313.88
306.29
285.00
255.79
225.49
198.77
176.37
155.29
130.75
98.90
58.45
10.93
-40.50
-92.64
-143.03
-189.58
-229.69
-259.45
-274.08
-269.57
-244.60
-201.30
-144.77
-81.10
-15.82
46.83
103.61
151.62
188.09
210.86
219.39
215.14
201.16
181.05
158.04
134.61
112.27
91.62
72.18
52.33
29.74
2.31
-31.02
-69.92
-113.14
-158.95
-205.05
-247.88
-282.00
-300.71
-297.98
-271.04
-221.97
-157.19
-85.50
-15.39
46.12
93.55
122.58
130.58
118.12
90.21
56.01
26.02
8.24
5.18
13.57
26.89
38.90
46.30
49.07
49.06
47.92
46.04
42.80
37.57
30.64
23.37
17.71
15.09
15.72
18.44
21.31
22.46
21.01
17.38
13.03
9.70
8.49
9.40
11.39
13.00
13.14
11.58
9.00
6.52
5.11
5.08
6.08
7.27
7.82
7.22
5.50
3.17
0.88
-0.79
-1.67
-1.97
-2.20
-2.79
-3.92
-5.36
-6.61
-7.16
-6.77
-5.57
-4.06
-2.83
-2.28
-2.48
-3.10
-3.54
-3.14
-1.41
1.79
6.11
10.78
14.85
17.51
18.41
17.74
16.06
13.96
11.84
9.77
7.70
5.65
3.87
2.74
2.50
3.00
3.72
3.98
3.32
1.72
-0.41
-2.50
-4.14
-5.21
-5.86
-6.27
-6.47
-6.33
-5.62
-4.33
-2.67
-1.06
0.13
0.73
0.84
0.73
0.67
0.77
0.95
1.03
0.89
0.48
-0.13
-0.89
-1.75
-2.75
-3.92
-5.21
-6.46
-7.39
-7.77
-7.51
-6.75
-5.84
-5.18
-5.04
-5.44
-6.09
-6.49
-6.12
-4.55
-1.63
2.39
6.94
11.21
14.42
16.02
15.85
14.18
11.58
8.63
5.78
3.28
1.25
-0.24
-1.08
-1.20
-0.72
0.07
0.73
0.87
0.31
-0.89
-2.47
-4.10
-5.45
-6.30
-6.54
-6.22
-5.53
-4.75
-4.23
-4.16
-4.47
-4.86
-4.95
-4.50
-3.57
-2.44
-1.48
-0.96
-0.88
-1.08
-1.31
-1.41
-1.32
-1.07
-0.68
-0.19
0.35
0.78
0.86
0.34
-0.86
-2.51
-4.08
-4.86
-4.23
-1.93
1.69
5.81
9.41
11.68
12.30
11.49
9.76
7.58
5.19
2.63
-0.00
-2.41
-4.03
-4.33
-3.17
-1.01
1.25
2.68
2.78
1.69
0.10
-1.25
-1.91
-1.95
-1.74
-1.67
-1.82
-1.98
-1.84
-1.24
-0.34
0.47
0.80
0.51
-0.23
-1.03
-1.50
-1.46
-1.02
-0.55
-0.43
-0.92
-2.05
-3.58
-5.15
-6.38
-7.00
-6.95
-6.35
-5.45
-4.55
-3.91
-3.72
-4.02
-4.69
-5.34
-5.34
-4.05
-1.05
3.54
8.93
13.91
17.27
18.35
17.25
14.70
11.63
8.78
6.39
4.43
2.80
1.55
0.90
0.93
1.44
1.90
1.75
0.71
-1.02
-2.87
-4.21
-4.75
-4.64
-4.32
-4.24
-4.56
-5.07
-5.40
-5.25
-4.61
-3.72
-2.90
-2.34
-2.01
-1.73
-1.33
-0.80
-0.25
0.17
0.40
0.49
0.52
0.54
0.46
0.13
-0.54
-1.48
-2.50
-3.36
-3.88
-4.05
-4.00
-3.95
-4.13
-4.70
-5.70
-7.01
-8.29
-8.97
-8.41
-6.18
-2.32
2.49
7.21
10.75
12.48
12.40
11.05
9.16
7.29
5.64
4.16
2.79
1.68
1.15
1.45
2.56
4.03
5.23
5.57
4.80
3.10
0.95
-1.11
-2.70
-3.66
-4.04
-4.00
-3.74
-3.39
-3.07
-2.83
-2.65
-2.44
-2.12
-1.65
-1.05
-0.44
0.04
0.29
0.24
-0.14
-0.79
-1.57
-2.24
-2.51
-2.17
-1.18
0.25
1.66
2.56
2.55
1.54
-0.24
-2.23
-3.75
-4.14
-2.97
-0.24
3.57
7.59
10.89
12.78
13.06
12.00
10.15
8.07
6.13
4.46
3.08
2.05
1.48
1.52
2.10
2.97
3.70
3.90
3.43
2.42
1.17
-0.01
-1.00
-1.88
-2.82
-3.95
-5.19
-6.28
-6.86
-6.66
-5.71
-4.31
-2.90
-1.89
-1.40
-1.29
-1.22
-0.92
-0.37
0.20
0.41
-0.03
-1.10
-2.51
-3.80
-4.55
-4.60
-4.08
-3.28
-2.54
-2.11
-2.11
-2.58
-3.54
-4.91
-6.45
-7.66
-7.91
-6.60
-3.55
0.84
5.66
9.79
12.41
13.28
12.70
11.26
9.47
7.55
5.49
3.28
1.10
-0.66
-1.55
-1.43
-0.55
0.49
1.04
0.71
-0.49
-2.19
-3.90
-5.23
-6.04
-6.39
-6.44
-6.29
-5.93
-5.28
-4.28
-3.00
-1.61
-0.37
0.50
0.89
0.76
0.17
-0.73
-1.76
-2.68
-3.32
-3.57
-3.49
-3.26
-3.13
-3.28
-3.75
-4.40
-4.97
-5.22
-5.07
-4.58
-3.94
-3.38
-3.07
-3.14
-3.61
-4.43
-5.31
-5.82
-5.39
-3.62
-0.51
3.38
7.09
9.66
10.54
9.82
8.10
6.18
4.62
3.57
2.87
2.27
1.72
1.40
1.56
2.27
3.24
3.94
3.85
2.81
1.12
-0.58
-1.69
-1.93
-1.50
-0.87
-0.49
-0.49
-0.68
-0.72
-0.36
0.35
1.12
1.62
1.65
1.20
0.46
-0.34
-1.01
-1.41
-1.47
-1.25
-0.91
-0.70
-0.89
-1.59
-2.65
-3.72
-4.35
-4.24
-3.37
-2.00
-0.62
0.26
0.32
-0.50
-1.94
-3.44
-4.35
-4.06
-2.26
0.93
4.92
8.81
11.77
13.26
13.23
11.98
9.98
7.68
5.33
3.09
1.14
-0.25
-0.82
-0.46
0.63
1.96
2.93
3.13
2.51
1.39
0.21
-0.64
-1.00
-0.98
-0.74
-0.43
-0.11
0.25
0.69
1.17
1.58
1.82
1.77
1.42
0.77
-0.10
-1.04
-1.87
-2.42
-2.56
-2.32
-1.85
-1.41
-1.25
-1.52
-2.22
-3.22
-4.32
-5.29
-5.93
-6.07
-5.66
-4.82
-3.82
-3.00
-2.70
-3.06
-3.96
-5.01
-5.62
-5.19
-3.33
-0.02
4.30
8.84
12.65
14.97
15.46
14.23
11.74
8.58
5.28
2.22
-0.32
-2.14
-3.06
-3.04
-2.23
-1.05
0.01
0.53
0.38
-0.28
-1.10
-1.76
-2.09
-2.07
-1.82
-1.45
-1.02
-0.55
-0.05
0.46
0.88
1.12
1.15
0.95
0.59
0.11
-0.43
-1.00
-1.54
-2.02
-2.41
-2.70
-2.95
-3.21
-3.51
-3.83
-4.08
-4.16
-3.99
-3.60
-3.16
-2.94
-3.19
-4.02
-5.26
-6.47
-7.06
-6.48
-4.45
-1.09
3.02
7.05
10.20
11.92
12.08
10.94
8.95
6.60
4.21
2.03
0.22
-1.01
-1.47
-1.08
-0.03
1.23
2.13
2.25
1.54
0.37
-0.75
-1.40
-1.48
-1.23
-0.97
-0.88
-0.92
-0.81
-0.34
0.47
1.37
2.02
2.20
1.90
1.32
0.66
0.06
-0.44
-0.89
-1.31
-1.70
-2.15
-2.74
-3.56
-4.59
-5.66
-6.48
-6.80
-6.49
-5.66
-4.63
-3.75
-3.33
-3.56
-4.41
-5.67
-6.90
-7.46
-6.71
-4.29
-0.33
4.46
9.02
12.37
13.92
13.64
11.94
9.38
6.49
3.68
1.28
-0.41
-1.14
-0.91
-0.00
1.06
1.75
1.75
1.10
0.08
-0.96
-1.83
-2.53
-3.15
-3.75
-4.30
-4.65
-4.64
-4.19
-3.39
-2.42
-1.53
-0.88
-0.51
-0.35
-0.31
-0.29
-0.27
-0.29
-0.40
-0.63
-1.01
-1.56
-2.32
-3.29
-4.41
-5.50
-6.37
-6.82
-6.77
-6.30
-5.67
-5.15
-5.02
-5.37
-6.10
-6.87
-7.14
-6.32
-3.98
-0.15
4.63
9.38
13.13
15.22
15.55
14.50
12.63
10.38
7.97
5.45
2.95
0.76
-0.70
-1.10
-0.47
0.74
1.91
2.47
2.12
0.95
-0.68
-2.31
-3.55
-4.09
-3.89
-3.08
-1.95
-0.83
-0.03
0.32
0.18
-0.37
-1.25
-2.49
-4.20
-6.47
-9.23
-12.21
-15.01
-17.20
-18.45
-18.60
-17.64
-15.65
-12.77
-9.24
-5.37
-1.61
1.53
3.63
4.51
4.36
3.77
3.55
4.43
6.77
10.35
14.36
17.78
19.79
20.09
18.97
17.05
14.88
12.81
10.90
9.11
7.51
6.33
5.77
5.85
6.27
6.51
6.14
5.04
3.49
2.02
1.05
0.72
0.82
1.00
0.95
0.56
-0.07
-0.77
-1.36
-1.72
-1.78
-1.48
-0.83
0.03
0.86
1.34
1.27
0.66
-0.32
-1.40
-2.39
-3.26
-4.04
-4.74
-5.29
-5.58
-5.50
-5.07
-4.40
-3.71
-3.23
-3.15
-3.54
-4.31
-5.13
-5.48
-4.78
-2.67
0.73
4.81
8.61
11.27
12.34
11.90
10.40
8.37
6.20
4.06
2.04
0.31
-0.87
-1.26
-0.80
0.27
1.44
2.18
2.18
1.41
0.14
-1.24
-2.40
-3.15
-3.52
-3.63
-3.60
-3.52
-3.42
-3.26
-3.08
-2.91
-2.83
-2.88
-3.03
-3.18
-3.21
-3.02
-2.62
-2.11
-1.69
-1.54
-1.80
-2.42
-3.28
-4.16
-4.85
-5.23
-5.26
-5.00
-4.54
-3.99
-3.51
-3.24
-3.26
-3.52
-3.79
-3.72
-2.92
-1.17
1.47
4.58
7.54
9.78
10.89
10.78
9.65
7.81
5.59
3.24
0.99
-0.92
-2.21
-2.63
-2.09
-0.77
0.86
2.27
3.04
3.02
2.31
1.18
-0.14
-1.45
-2.62
-3.51
-3.99
-3.94
-3.37
-2.49
-1.60
-0.96
-0.73
-0.87
-1.24
-1.67
-2.03
-2.31
-2.55
-2.84
-3.22
-3.69
-4.16
-4.51
-4.58
-4.29
-3.75
-3.15
-2.77
-2.84
-3.41
-4.30
-5.13
-5.39
-4.61
-2.48
0.90
5.07
9.22
12.49
14.26
14.35
13.01
10.79
8.24
5.78
3.60
1.79
0.42
-0.36
-0.46
0.03
0.82
1.45
1.53
0.92
-0.21
-1.48
-2.49
-3.02
-3.11
-2.87
-2.46
-1.92
-1.21
-0.31
0.65
1.44
1.81
1.69
1.26
0.81
0.64
0.79
1.07
1.16
0.78
-0.12
-1.37
-2.67
-3.75
-4.49
-4.96
-5.26
-5.47
-5.62
-5.76
-6.02
-6.59
-7.68
-9.37
-11.50
-13.62
-15.14
-15.51
-14.46
-12.17
-9.15
-6.05
-3.39
-1.35
0.20
1.48
2.70
3.89
4.96
5.81
6.52
7.27
8.19
9.25
10.19
10.60
10.24
9.13
7.54
5.88
4.45
3.34
2.49
1.79
1.22
0.89
0.99
1.57
2.51
3.53
4.30
4.59
4.41
3.92
3.38
2.95
2.71
2.60
2.55
2.44
2.21
1.77
1.08
0.19
-0.81
-1.73
-2.38
-2.62
-2.48
-2.12
-1.87
-2.01
-2.70
-3.86
-5.10
-5.87
-5.59
-3.94
-1.04
2.59
6.17
9.02
10.71
11.20
10.70
9.45
7.64
5.39
2.87
0.40
-1.52
-2.40
-2.02
-0.55
1.42
3.16
4.06
3.90
2.84
1.35
-0.11
-1.23
-1.91
-2.22
-2.28
-2.15
-1.87
-1.48
-1.09
-0.80
-0.66
-0.62
-0.57
-0.43
-0.27
-0.28
-0.70
-1.66
-3.06
-4.57
-5.77
-6.30
-6.04
-5.13
-3.94
-2.88
-2.27
-2.27
-2.84
-3.81
-4.83
-5.42
-5.05
-3.27
-0.02
4.28
8.76
12.38
14.37
14.45
12.89
10.30
7.32
4.42
1.88
-0.07
-1.26
-1.52
-0.87
0.39
1.74
2.62
2.65
1.78
0.29
-1.41
-2.90
-3.92
-4.39
-4.36
-3.98
-3.44
-2.89
-2.42
-2.07
-1.83
-1.66
-1.53
-1.42
-1.34
-1.31
-1.37
-1.56
-1.96
-2.57
-3.29
-3.93
-4.29
-4.24
-3.83
-3.25
-2.80
-2.69
-3.00
-3.63
-4.47
-5.38
-6.24
-6.83
-6.77
-5.64
-3.13
0.62
4.95
8.90
11.50
12.24
11.18
8.89
6.13
3.51
1.34
-0.30
-1.39
-1.85
-1.58
-0.61
0.79
2.14
2.94
2.89
2.05
0.71
-0.72
-1.95
-2.86
-3.41
-3.60
-3.40
-2.86
-2.14
-1.50
-1.21
-1.39
-1.88
-2.32
-2.35
-1.82
-0.92
-0.05
0.34
0.01
-0.97
-2.27
-3.47
-4.24
-4.47
-4.22
-3.66
-3.00
-2.42
-2.06
-2.03
-2.36
-2.95
-3.49
-3.51
-2.54
-0.34
2.90
6.57
9.85
12.03
12.79
12.20
10.65
8.53
6.14
3.67
1.30
-0.67
-1.87
-2.00
-1.06
0.54
2.14
3.03
2.84
1.61
-0.20
-1.98
-3.23
-3.75
-3.63
-3.16
-2.58
-2.02
-1.47
-0.91
-0.32
0.29
0.86
1.39
1.89
2.32
2.60
2.55
2.07
1.15
-0.01
-1.11
-1.88
-2.20
-2.14
-1.90
-1.79
-2.04
-2.87
-4.35
-6.43
-8.91
-11.34
-13.11
-13.67
-12.74
-10.52
-7.67
-4.99
-3.06
-2.02
-1.58
-1.24
-0.60
0.48
1.89
3.44
5.02
6.59
8.14
9.53
10.49
10.73
10.17
8.96
7.46
6.01
4.83
3.95
3.31
2.83
2.45
2.18
2.01
1.91
1.82
1.75
1.74
1.85
2.11
2.42
2.60
2.48
1.96
1.05
-0.12
-1.39
-2.62
-3.66
-4.39
-4.70
-4.54
-3.98
-3.25
-2.68
-2.58
-3.12
-4.27
-5.73
-7.04
-7.65
-7.13
-5.21
-2.01
2.02
6.15
9.58
11.77
12.46
11.75
9.94
7.43
4.60
1.80
-0.58
-2.23
-2.90
-2.60
-1.59
-0.35
0.62
1.01
0.78
0.07
-0.89
-1.92
-2.86
-3.59
-3.97
-3.89
-3.35
-2.47
-1.52
-0.76
-0.35
-0.27
-0.35
-0.44
-0.48
-0.56
-0.86
-1.52
-2.51
-3.63
-4.57
-5.04
-4.89
-4.17
-3.06
-1.84
-0.80
-0.19
-0.16
-0.78
-1.94
-3.34
-4.54
-5.01
-4.29
-2.18
1.15
5.15
9.00
11.90
13.29
13.03
11.35
8.76
5.85
3.10
0.82
-0.78
-1.63
-1.68
-1.03
0.09
1.27
2.04
2.10
1.36
0.03
-1.54
-2.98
-4.04
-4.57
-4.56
-4.04
-3.12
-1.94
-0.72
0.30
0.96
1.23
1.19
1.00
0.79
0.60
0.36
-0.04
-0.71
-1.64
-2.72
-3.73
-4.42
-4.60
-4.28
-3.64
-3.01
-2.72
-2.99
-3.80
-4.87
-5.73
-5.85
-4.79
-2.34
1.30
5.53
9.54
12.55
14.09
14.11
12.91
10.92
8.55
6.06
3.64
1.54
0.06
-0.54
-0.22
0.71
1.69
2.13
1.70
0.50
-1.03
-2.33
-3.06
-3.21
-3.03
-2.84
-2.83
-2.92
-2.90
-2.57
-1.89
-1.05
-0.32
0.08
0.11
-0.11
-0.39
-0.61
-0.79
-1.05
-1.53
-2.28
-3.23
-4.15
-4.82
-5.11
-4.98
-4.52
-3.91
-3.31
-2.87
-2.71
-2.96
-3.67
-4.73
-5.80
-6.29
-5.59
-3.36
0.25
4.53
8.53
11.38
12.65
12.40
11.02
8.97
6.59
4.08
1.62
-0.51
-2.00
-2.58
-2.22
-1.16
0.15
1.28
1.93
2.02
1.62
0.88
-0.03
-0.93
-1.63
-2.03
-2.12
-2.05
-2.03
-2.25
-2.72
-3.23
-3.46
-3.19
-2.40
-1.39
-0.56
-0.24
-0.51
-1.22
-2.04
-2.70
-3.02
-2.99
-2.65
-2.10
-1.46
-0.95
-0.83
-1.31
-2.42
-3.83
-4.98
-5.19
-3.99
-1.34
2.25
5.93
8.82
10.35
10.41
9.27
7.42
5.33
3.28
1.42
-0.13
-1.20
-1.62
-1.23
-0.12
1.36
2.69
3.39
3.20
2.22
0.82
-0.56
-1.57
-2.07
-2.12
-1.85
-1.39
-0.81
-0.20
0.34
0.62
0.55
0.17
-0.36
-0.80
-0.99
-0.94
-0.81
-0.85
-1.22
-1.93
-2.82
-3.62
-4.15
-4.26
-3.96
-3.39
-2.81
-2.53
-2.85
-3.99
-6.01
-8.78
-11.90
-14.71
-16.52
-16.74
-15.23
-12.35
-8.86
-5.60
-3.11
-1.49
-0.47
0.32
1.15
1.98
2.68
3.19
3.67
4.45
5.73
7.42
9.06
10.08
10.12
9.20
7.71
6.18
5.00
4.24
3.73
3.26
2.78
2.42
2.36
2.69
3.28
3.85
4.08
3.83
3.15
2.24
1.38
0.74
0.41
0.32
0.32
0.24
-0.07
-0.67
-1.52
-2.47
-3.32
-3.90
-4.15
-4.09
-3.82
-3.49
-3.27
-3.29
-3.60
-4.11
-4.49
-4.25
-2.93
-0.29
3.41
7.47
11.00
13.19
13.65
12.51
10.29
7.53
4.70
2.02
-0.32
-2.07
-2.91
-2.57
-1.14
0.86
2.62
3.37
2.74
0.98
-1.23
-3.12
-4.22
-4.45
-4.13
-3.60
-3.07
-2.55
-1.91
-1.10
-0.15
0.79
1.63
2.31
2.83
3.10
3.03
2.50
1.53
0.34
-0.75
-1.45
-1.65
-1.46
-1.14
-1.00
-1.24
-1.90
-2.86
-3.88
-4.64
-4.76
-3.89
-1.85
1.22
4.78
8.09
10.37
11.16
10.46
8.62
6.22
3.82
1.82
0.45
-0.19
-0.01
0.94
2.50
4.27
5.73
6.41
6.07
4.77
2.85
0.76
-1.11
-2.53
-3.40
-3.78
-3.77
-3.54
-3.26
-3.10
-3.18
-3.50
-3.98
-4.45
-4.75
-4.78
-4.57
-4.20
-3.77
-3.38
-3.08
-2.90
-2.84
-2.86
-2.85
-2.69
-2.30
-1.68
-0.97
-0.37
-0.10
-0.34
-1.12
-2.28
-3.52
-4.33
-4.23
-2.85
-0.19
3.31
6.82
9.47
10.66
10.25
8.56
6.19
3.70
1.49
-0.22
-1.33
-1.74
-1.46
-0.59
0.58
1.65
2.27
2.31
1.85
1.16
0.48
-0.06
-0.51
-0.93
-1.38
-1.80
-2.04
-2.00
-1.64
-1.10
-0.60
-0.35
-0.44
-0.86
-1.52
-2.24
-2.90
-3.39
-3.69
-3.86
-4.03
-4.37
-4.99
-5.86
-6.80
-7.59
-8.01
-7.97
-7.52
-6.75
-5.81
-4.84
-4.00
-3.48
-3.39
-3.68
-4.01
-3.80
-2.49
0.19
3.99
8.18
11.79
13.98
14.34
13.00
10.47
7.40
4.37
1.72
-0.38
-1.81
-2.52
-2.46
-1.74
-0.62
0.48
1.13
1.07
0.34
-0.77
-1.83
-2.48
-2.58
-2.20
-1.56
-0.85
-0.16
0.53
1.20
1.79
2.19
2.34
2.27
2.10
1.99
2.00
2.09
2.07
1.76
1.06
-0.01
-1.35
-2.72
-3.93
-4.82
-5.30
-5.40
-5.37
-5.58
-6.37
-7.92
-10.04
-12.24
-13.87
-14.38
-13.53
-11.46
-8.67
-5.77
-3.24
-1.30
0.05
0.98
1.66
2.23
2.75
3.28
3.94
4.86
6.15
7.71
9.30
10.51
10.95
10.46
9.12
7.20
5.09
3.14
1.66
0.87
0.89
1.66
2.95
4.33
5.40
5.83
5.55
4.70
3.55
2.38
1.41
0.80
0.65
1.01
1.80
2.84
3.82
4.39
4.29
3.41
1.85
-0.12
-2.11
-3.72
-4.63
-4.73
-4.15
-3.22
-2.34
-1.80
-1.67
-1.72
-1.55
-0.75
0.94
3.47
6.41
9.13
11.03
11.75
11.28
9.92
8.08
6.08
4.06
2.06
0.16
-1.47
-2.59
-3.03
-2.83
-2.24
-1.57
-1.10
-0.94
-1.06
-1.36
-1.78
-2.31
-2.93
-3.54
-3.98
-4.05
-3.64
-2.80
-1.78
-0.85
-0.22
-0.00
-0.17
-0.62
-1.25
-1.92
-2.49
-2.78
-2.70
-2.34
-1.95
-1.90
-2.42
-3.50
-4.86
-6.05
-6.74
-6.75
-6.14
-5.10
-3.87
-2.66
-1.64
-0.87
-0.26
0.42
1.53
3.32
5.82
8.67
11.24
12.88
13.21
12.26
10.41
8.17
5.95
3.91
2.03
0.32
-1.12
-2.03
-2.19
-1.63
-0.63
0.29
0.76
0.63
0.08
-0.58
-1.13
-1.55
-2.00
-2.58
-3.20
-3.52
-3.18
-2.01
-0.15
1.96
3.90
5.48
6.83
8.23
9.93
11.88
13.76
15.15
15.75
15.54
14.69
13.52
12.30
11.25
10.56
10.40
10.79
11.49
11.88
11.02
8.00
2.30
-5.78
-15.15
-24.15
-31.25
-35.62
-37.42
-37.62
-37.47
-37.84
-38.90
-40.18
-40.93
-40.55
-38.83
-35.89
-31.96
-27.18
-21.58
-15.26
-8.55
-2.09
3.39
7.34
9.63
10.60
10.85
11.03
11.50
12.30
13.18
13.83
14.09
14.03
13.86
13.77
13.81
13.81
13.53
12.79
11.59
10.08
8.52
7.09
5.85
4.73
3.63
2.48
1.33
0.31
-0.43
-0.78
-0.77
-0.54
-0.27
-0.17
-0.32
-0.70
-1.19
-1.58
-1.63
-1.07
0.29
2.55
5.51
8.67
11.39
13.04
13.29
12.25
10.35
8.13
5.99
4.10
2.39
0.79
-0.67
-1.80
-2.42
-2.47
-2.09
-1.55
-1.12
-0.97
-1.12
-1.45
-1.81
-2.04
-2.01
-1.60
-0.81
0.29
1.52
2.64
3.44
3.81
3.79
3.53
3.23
3.02
2.88
2.69
2.23
1.39
0.19
-1.20
-2.62
-3.87
-4.83
-5.40
-5.51
-5.20
-4.66
-4.32
-4.70
-6.27
-9.11
-12.82
-16.58
-19.41
-20.55
-19.66
-16.95
-12.96
-8.43
-3.98
-0.04
3.19
5.70
7.52
8.69
9.17
8.98
8.32
7.59
7.31
7.82
9.08
10.57
11.50
11.25
9.73
7.41
5.09
3.45
2.73
2.75
3.04
3.19
3.01
2.52
1.89
1.25
0.76
0.53
0.69
1.23
2.00
2.72
3.02
2.65
1.60
0.13
-1.35
-2.43
-2.91
-2.80
-2.32
-1.73
-1.31
-1.20
-1.47
-2.12
-2.97
-3.74
-3.97
-3.23
-1.25
1.84
5.42
8.61
10.60
11.02
9.99
8.01
5.65
3.31
1.18
-0.64
-2.01
-2.73
-2.66
-1.89
-0.79
0.13
0.47
0.15
-0.58
-1.27
-1.59
-1.48
-1.11
-0.78
-0.68
-0.84
-1.12
-1.31
-1.27
-1.03
-0.73
-0.50
-0.46
-0.63
-1.00
-1.48
-2.03
-2.60
-3.16
-3.71
-4.25
-4.79
-5.26
-5.52
-5.42
-4.84
-3.83
-2.60
-1.52
-0.92
-1.01
-1.77
-2.94
-4.06
-4.59
-4.06
-2.21
0.85
4.64
8.37
11.26
12.79
12.83
11.65
9.69
7.37
4.95
2.57
0.36
-1.45
-2.60
-2.90
-2.42
-1.51
-0.68
-0.32
-0.62
-1.40
-2.37
-3.18
-3.68
-3.87
-3.87
-3.79
-3.67
-3.48
-3.16
-2.70
-2.14
-1.55
-1.00
-0.52
-0.12
0.17
0.30
0.26
0.05
-0.29
-0.76
-1.36
-2.12
-3.03
-3.97
-4.75
-5.15
-5.06
-4.49
-3.66
-2.87
-2.39
-2.36
-2.74
-3.27
-3.63
-3.43
-2.34
-0.27
2.55
5.64
8.33
10.05
10.50
9.78
8.25
6.38
4.54
2.88
1.44
0.24
-0.61
-0.90
-0.50
0.52
1.79
2.83
3.18
2.67
1.46
-0.06
-1.42
-2.30
-2.59
-2.39
-1.90
-1.28
-0.65
-0.13
0.24
0.37
0.24
-0.09
-0.54
-0.98
-1.35
-1.73
-2.20
-2.88
-3.77
-4.75
-5.60
-6.09
-6.08
-5.57
-4.70
-3.71
-2.88
-2.38
-2.32
-2.65
-3.17
-3.53
-3.25
-1.93
0.61
4.16
8.12
11.69
14.15
15.10
14.53
12.75
10.25
7.51
4.93
2.77
1.20
0.30
0.05
0.33
0.88
1.41
1.63
1.39
0.70
-0.30
-1.41
-2.41
-3.15
-3.51
-3.45
-2.98
-2.17
-1.14
-0.12
0.70
1.16
1.27
1.18
1.13
1.30
1.72
2.29
2.77
2.90
2.51
1.57
0.17
-1.46
-3.07
-4.39
-5.27
-5.62
-5.53
-5.18
-4.85
-4.88
-5.55
-6.98
-9.05
-11.44
-13.60
-14.93
-14.98
-13.58
-11.02
-7.91
-4.96
-2.71
-1.32
-0.58
-0.05
0.67
1.74
3.05
4.37
5.54
6.55
7.52
8.48
9.29
9.62
9.16
7.81
5.79
3.55
1.56
0.13
-0.67
-1.01
-1.09
-1.00
-0.69
-0.07
0.82
1.80
2.65
3.18
3.38
3.38
3.35
3.33
3.23
2.90
2.25
1.34
0.34
-0.56
-1.22
-1.63
-1.85
-1.96
-2.02
-2.05
-2.14
-2.43
-3.08
-4.14
-5.41
-6.47
-6.74
-5.73
-3.33
0.12
3.88
7.14
9.31
10.16
9.86
8.77
7.18
5.30
3.25
1.26
-0.33
-1.08
-0.76
0.50
2.19
3.63
4.26
3.89
2.71
1.07
-0.68
-2.32
-3.74
-4.80
-5.33
-5.15
-4.29
-2.98
-1.65
-0.70
-0.30
-0.38
-0.66
-0.89
-1.00
-1.11
-1.41
-2.05
-2.98
-4.01
-4.84
-5.25
-5.11
-4.48
-3.53
-2.50
-1.65
-1.20
-1.25
-1.77
-2.55
-3.23
-3.34
-2.47
-0.40
2.67
6.16
9.29
11.35
12.01
11.34
9.77
7.77
5.68
3.65
1.76
0.14
-0.98
-1.39
-1.06
-0.26
0.51
0.82
0.47
-0.39
-1.43
-2.30
-2.85
-3.12
-3.25
-3.31
-3.21
-2.84
-2.12
-1.15
-0.18
0.51
0.76
0.65
0.43
0.38
0.61
1.02
1.34
1.28
0.69
-0.35
-1.59
-2.71
-3.49
-3.90
-4.02
-4.04
-4.07
-4.21
-4.47
-4.85
-5.37
-5.91
-6.25
-6.00
-4.74
-2.25
1.29
5.27
8.87
11.35
12.35
11.93
10.50
8.56
6.50
4.55
2.83
1.46
0.60
0.37
0.71
1.34
1.80
1.69
0.87
-0.50
-2.02
-3.26
-3.96
-4.10
-3.80
-3.27
-2.66
-2.03
-1.39
-0.75
-0.13
0.43
0.94
1.44
1.93
2.35
2.58
2.51
2.05
1.23
0.14
-1.04
-2.11
-2.91
-3.33
-3.35
-3.09
-2.79
-2.80
-3.34
-4.45
-5.84
-7.06
-7.53
-6.84
-4.85
-1.78
1.85
5.36
8.16
9.83
10.29
9.71
8.45
6.84
5.14
3.52
2.07
0.98
0.45
0.61
1.41
2.51
3.39
3.55
2.75
1.11
-0.99
-3.06
-4.71
-5.75
-6.17
-6.09
-5.66
-5.01
-4.27
-3.55
-2.95
-2.50
-2.19
-2.00
-1.84
-1.68
-1.55
-1.54
-1.75
-2.26
-3.06
-3.99
-4.83
-5.33
-5.38
-5.05
-4.59
-4.32
-4.49
-5.19
-6.32
-7.56
-8.48
-8.59
-7.50
-5.10
-1.69
2.09
5.42
7.63
8.48
8.27
7.71
7.63
8.66
11.15
15.20
20.77
27.64
35.42
43.35
50.39
55.38
57.38
55.89
51.00
43.23
33.37
22.29
10.90
0.09
-9.32
-16.77
-22.06
-25.33
-27.05
-27.74
-27.81
-27.47
-26.77
-25.67
-24.19
-22.47
-20.74
-19.28
-18.22
-17.61
-17.36
-17.29
-17.17
-16.82
-16.11
-15.01
-13.61
-12.07
-10.63
-9.51
-8.87
-8.66
-8.68
-8.54
-7.83
-6.23
-3.75
-0.72
2.29
4.69
6.07
6.34
5.70
4.49
3.02
1.52
0.12
-1.00
-1.67
-1.74
-1.16
-0.12
1.03
1.94
2.35
2.20
1.61
0.75
-0.20
-1.02
-1.53
-1.54
-1.00
-0.05
0.99
1.74
1.91
1.49
0.73
-0.02
-0.50
-0.70
-0.84
-1.22
-2.03
-3.25
-4.60
-5.71
-6.26
-6.09
-5.19
-3.78
-2.22
-0.89
-0.13
-0.08
-0.58
-1.28
-1.71
-1.47
-0.37
1.54
3.99
6.56
8.83
10.42
11.12
10.82
9.63
7.76
5.52
3.25
1.27
-0.18
-0.95
-1.01
-0.49
0.32
1.04
1.32
0.96
0.01
-1.27
-2.49
-3.33
-3.53
-3.04
-2.00
-0.71
0.51
1.38
1.81
1.87
1.76
1.69
1.72
1.77
1.63
1.13
0.25
-0.88
-1.99
-2.84
-3.33
-3.47
-3.37
-3.13
-2.84
-2.59
-2.47
-2.58
-2.96
-3.50
-3.95
-3.91
-3.06
-1.23
1.45
4.53
7.41
9.60
10.82
11.08
10.55
9.45
7.92
6.05
3.90
1.74
-0.08
-1.17
-1.36
-0.78
0.09
0.69
0.66
-0.02
-1.02
-1.88
-2.33
-2.35
-2.17
-2.05
-2.08
-2.14
-2.04
-1.68
-1.19
-0.82
-0.77
-1.05
-1.44
-1.64
-1.47
-1.00
-0.49
-0.29
-0.66
-1.65
-3.05
-4.54
-5.74
-6.42
-6.50
-6.08
-5.39
-4.68
-4.15
-3.94
-4.07
-4.47
-4.89
-4.99
-4.31
-2.55
0.31
3.88
7.41
10.11
11.45
11.31
10.00
8.03
5.85
3.69
1.65
-0.18
-1.61
-2.37
-2.33
-1.59
-0.53
0.35
0.66
0.30
-0.59
-1.72
-2.83
-3.77
-4.47
-4.88
-5.00
-4.83
-4.45
-3.98
-3.51
-3.04
-2.48
-1.71
-0.72
0.27
0.96
1.10
0.64
-0.22
-1.07
-1.55
-1.47
-0.86
0.04
0.90
1.41
1.36
0.69
-0.45
-1.76
-2.77
-2.97
-1.98
0.31
3.59
7.16
10.23
12.08
12.36
11.10
8.60
5.27
1.51
-2.43
-6.32
-9.89
-12.82
-14.83
-15.86
-16.04
-15.69
-15.09
-14.35
-13.33
-11.82
-9.64
-6.85
-3.68
-0.47
2.49
5.03
7.08
8.59
9.46
9.58
8.95
7.77
6.37
5.11
4.24
3.81
3.65
3.53
3.24
2.71
2.02
1.30
0.70
0.31
0.18
0.26
0.45
0.60
0.54
0.16
-0.53
-1.35
-1.92
-1.84
-0.76
1.43
4.55
8.10
11.37
13.72
14.71
14.25
12.59
10.15
7.41
4.73
2.37
0.50
-0.75
-1.31
-1.22
-0.65
0.05
0.52
0.49
-0.06
-0.94
-1.82
-2.43
-2.70
-2.70
-2.66
-2.70
-2.77
-2.67
-2.19
-1.25
-0.03
1.10
1.78
1.83
1.35
0.65
0.07
-0.22
-0.33
-0.51
-1.01
-1.89
-2.99
-3.98
-4.57
-4.66
-4.35
-3.89
-3.54
-3.43
-3.55
-3.80
-4.08
-4.34
-4.51
-4.48
-4.00
-2.78
-0.57
2.57
6.23
9.74
12.37
13.57
13.22
11.57
9.12
6.41
3.84
1.66
-0.01
-1.10
-1.54
-1.36
-0.77
-0.11
0.20
-0.05
-0.88
-2.03
-3.15
-3.93
-4.21
-4.01
-3.47
-2.76
-2.01
-1.29
-0.63
-0.02
0.55
1.09
1.53
1.81
1.83
1.50
0.79
-0.22
-1.39
-2.58
-3.61
-4.38
-4.79
-4.83
-4.55
-4.14
-3.89
-4.03
-4.67
-5.66
-6.56
-6.80
-5.85
-3.47
0.15
4.38
8.32
11.19
12.55
12.41
11.11
9.14
6.87
4.58
2.41
0.56
-0.75
-1.28
-1.03
-0.22
0.68
1.16
0.93
0.02
-1.26
-2.56
-3.58
-4.26
-4.65
-4.84
-4.84
-4.60
-4.04
-3.19
-2.17
-1.17
-0.34
0.25
0.60
0.74
0.69
0.46
0.10
-0.30
-0.65
-0.92
-1.15
-1.45
-1.90
-2.47
-3.07
-3.53
-3.77
-3.80
-3.73
-3.67
-3.77
-4.09
-4.59
-5.17
-5.53
-5.27
-4.02
-1.59
1.80
5.55
8.88
11.15
12.06
11.75
10.57
8.87
6.91
4.83
2.79
1.05
-0.12
-0.56
-0.37
0.08
0.37
0.20
-0.43
-1.28
-2.07
-2.63
-2.99
-3.26
-3.55
-3.79
-3.84
-3.52
-2.82
-1.87
-0.88
-0.06
0.50
0.83
1.01
1.15
1.28
1.37
1.40
1.34
1.20
0.97
0.65
0.23
-0.26
-0.76
-1.20
-1.52
-1.71
-1.80
-1.86
-2.03
-2.42
-3.11
-4.06
-5.02
-5.62
-5.38
-4.01
-1.49
1.76
5.12
7.92
9.68
10.25
9.75
8.46
6.60
4.30
1.57
-1.58
-4.96
-8.21
-10.90
-12.70
-13.60
-13.79
-13.59
-13.20
-12.61
-11.64
-10.08
-7.86
-5.15
-2.26
0.45
2.77
4.60
5.94
6.82
7.25
7.30
7.08
6.68
6.16
5.55
4.88
4.16
3.46
2.81
2.24
1.76
1.37
1.09
0.98
1.07
1.32
1.59
1.66
1.33
0.52
-0.66
-1.84
-2.52
-2.21
-0.67
1.96
5.09
7.96
9.90
10.61
10.20
9.11
7.79
6.50
5.32
4.19
3.20
2.53
2.41
2.93
3.88
4.79
5.21
4.86
3.82
2.38
0.87
-0.46
-1.58
-2.48
-3.11
-3.42
-3.33
-2.86
-2.24
-1.75
-1.62
-1.93
-2.51
-3.07
-3.35
-3.23
-2.80
-2.29
-1.97
-2.06
-2.59
-3.39
-4.16
-4.61
-4.55
-4.02
-3.22
-2.44
-1.90
-1.74
-2.01
-2.68
-3.59
-4.38
-4.60
-3.75
-1.59
1.69
5.46
8.82
10.99
11.59
10.67
8.62
5.96
3.08
0.29
-2.11
-3.81
-4.51
-4.08
-2.74
-1.04
0.31
0.77
0.25
-0.93
-2.22
-3.10
-3.34
-2.98
-2.25
-1.39
-0.57
0.11
0.56
0.69
0.48
0.05
-0.40
-0.67
-0.70
-0.61
-0.63
-0.99
-1.77
-2.85
-3.99
-4.91
-5.44
-5.47
-4.99
-4.11
-3.06
-2.15
-1.72
-1.96
-2.78
-3.78
-4.42
-4.14
-2.65
-0.04
3.24
6.55
9.25
10.87
11.19
10.30
8.47
6.07
3.46
1.01
-0.97
-2.21
-2.55
-2.01
-0.88
0.36
1.18
1.27
0.64
-0.41
-1.45
-2.14
-2.39
-2.27
-1.93
-1.49
-0.97
-0.37
0.23
0.70
0.94
0.94
0.84
0.78
0.83
0.91
0.80
0.33
-0.55
-1.70
-2.86
-3.79
-4.35
-4.54
-4.44
-4.18
-3.91
-3.76
-3.87
-4.23
-4.63
-4.62
-3.67
-1.43
2.05
6.14
9.88
12.36
13.10
12.20
10.23
7.87
5.61
3.63
1.92
0.46
-0.64
-1.16
-0.95
-0.13
0.94
1.75
1.90
1.25
-0.05
-1.64
-3.13
-4.22
-4.75
-4.69
-4.08
-3.03
-1.68
-0.27
0.94
1.76
2.10
2.06
1.83
1.58
1.37
1.12
0.72
0.09
-0.70
-1.51
-2.18
-2.64
-2.91
-3.07
-3.20
-3.30
-3.38
-3.50
-3.79
-4.37
-5.25
-6.20
-6.71
-6.19
-4.27
-1.01
3.01
6.91
9.79
11.13
10.89
9.49
7.52
5.52
3.82
2.54
1.73
1.47
1.80
2.62
3.69
4.56
4.82
4.25
2.94
1.25
-0.42
-1.72
-2.55
-2.96
-3.11
-3.16
-3.18
-3.18
-3.12
-2.95
-2.59
-2.01
-1.25
-0.49
0.04
0.13
-0.27
-0.99
-1.68
-2.00
-1.75
-1.01
-0.08
0.67
0.94
0.58
-0.32
-1.57
-2.88
-3.89
-4.26
-3.70
-2.05
0.57
3.70
6.69
8.87
9.81
9.40
7.86
5.56
2.84
-0.09
-3.12
-6.18
-9.05
-11.44
-13.06
-13.81
-13.85
-13.48
-13.01
-12.54
-11.91
-10.83
-9.11
-6.78
-4.14
-1.57
0.66
2.41
3.71
4.61
5.15
5.34
5.25
5.07
4.96
4.97
4.96
4.67
3.90
2.64
1.14
-0.22
-1.09
-1.37
-1.16
-0.72
-0.31
-0.09
-0.13
-0.42
-0.89
-1.43
-1.83
-1.79
-0.95
0.91
3.71
7.00
10.09
12.29
13.15
12.60
10.92
8.57
5.98
3.49
1.33
-0.34
-1.37
-1.72
-1.46
-0.90
-0.38
-0.16
-0.34
-0.84
-1.47
-2.04
-2.46
-2.64
-2.54
-2.10
-1.38
-0.45
0.48
1.21
1.58
1.57
1.33
1.03
0.80
0.66
0.49
0.13
-0.53
-1.53
-2.75
-4.03
-5.16
-5.95
-6.28
-6.11
-5.49
-4.55
-3.50
-2.54
-1.90
-1.72
-2.02
-2.60
-3.03
-2.78
-1.44
1.04
4.25
7.46
9.88
11.03
10.84
9.61
7.73
5.52
3.17
0.84
-1.19
-2.52
-2.79
-1.91
-0.22
1.62
2.89
3.13
2.27
0.60
-1.41
-3.33
-4.84
-5.77
-6.11
-5.89
-5.23
-4.29
-3.24
-2.26
-1.44
-0.81
-0.30
0.10
0.38
0.43
0.14
-0.49
-1.34
-2.13
-2.54
-2.36
-1.63
-0.59
0.37
0.84
0.61
-0.35
-1.79
-3.28
-4.32
-4.46
-3.40
-1.10
2.12
5.69
8.92
11.17
12.04
11.49
9.79
7.45
4.98
2.83
1.29
0.50
0.49
1.23
2.51
3.99
5.22
5.76
5.35
4.04
2.10
-0.03
-1.96
-3.41
-4.28
-4.60
-4.50
-4.14
-3.72
-3.35
-3.07
-2.77
-2.34
-1.73
-1.09
-0.68
-0.74
-1.32
-2.22
-3.06
-3.52
-3.49
-3.09
-2.57
-2.17
-2.00
-2.06
-2.28
-2.64
-3.14
-3.72
-4.21
-4.29
-3.60
-1.93
0.67
3.77
6.71
8.85
9.78
9.44
8.11
6.21
4.14
2.24
0.66
-0.48
-1.10
-1.18
-0.73
0.09
1.00
1.72
2.06
1.94
1.46
0.77
0.01
-0.72
-1.33
-1.74
-1.88
-1.70
-1.25
-0.70
-0.23
-0.03
-0.11
-0.34
-0.56
-0.65
-0.62
-0.66
-0.96
-1.68
-2.80
-4.21
-5.67
-6.93
-7.76
-8.00
-7.61
-6.71
-5.54
-4.45
-3.75
-3.63
-4.02
-4.62
-4.89
-4.26
-2.35
0.83
4.76
8.61
11.51
12.86
12.52
10.82
8.34
5.67
3.26
1.32
-0.07
-0.92
-1.26
-1.20
-0.93
-0.72
-0.78
-1.21
-1.95
-2.79
-3.51
-3.88
-3.82
-3.33
-2.51
-1.48
-0.41
0.57
1.37
1.93
2.26
2.38
2.31
1.96
1.27
0.18
-1.21
-2.63
-3.76
-4.30
-4.15
-3.46
-2.60
-2.01
-2.02
-2.74
-4.04
-5.52
-6.63
-6.81
-5.62
-2.99
0.78
4.95
8.65
11.14
12.08
11.59
10.08
8.07
5.91
3.82
1.94
0.47
-0.32
-0.23
0.74
2.22
3.60
4.29
3.95
2.65
0.75
-1.28
-3.06
-4.39
-5.19
-5.47
-5.27
-4.68
-3.80
-2.80
-1.81
-0.92
-0.15
0.51
1.07
1.50
1.79
1.92
1.84
1.53
0.97
0.20
-0.65
-1.38
-1.79
-1.78
-1.45
-1.06
-0.87
-1.07
-1.65
-2.48
-3.31
-3.86
-3.84
-2.95
-1.04
1.76
5.00
8.01
10.10
10.80
9.97
7.83
4.76
1.12
-2.79
-6.67
-10.22
-13.09
-14.93
-15.59
-15.09
-13.69
-11.75
-9.57
-7.40
-5.33
-3.37
-1.50
0.32
2.05
3.64
4.97
5.98
6.61
6.81
6.66
6.25
5.70
5.17
4.80
4.59
4.46
4.23
3.72
2.87
1.82
0.82
0.13
-0.09
0.09
0.48
0.80
0.84
0.49
-0.25
-1.27
-2.41
-3.39
-3.91
-3.58
-2.20
0.21
3.25
6.25
8.52
9.53
9.13
7.52
5.23
2.80
0.73
-0.67
-1.26
-1.07
-0.26
0.88
2.02
2.87
3.24
3.13
2.65
1.95
1.16
0.29
-0.62
-1.48
-2.16
-2.55
-2.59
-2.36
-2.03
-1.75
-1.57
-1.48
-1.46
-1.54
-1.82
-2.39
-3.26
-4.28
-5.22
-5.85
-6.01
-5.68
-4.97
-4.12
-3.40
-3.07
-3.28
-3.97
-4.81
-5.30
-4.92
-3.34
-0.60
2.83
6.28
9.04
10.68
11.04
10.29
8.72
6.66
4.42
2.24
0.39
-0.91
-1.47
-1.25
-0.45
0.56
1.35
1.60
1.24
0.42
-0.57
-1.44
-2.07
-2.43
-2.62
-2.78
-2.93
-3.03
-3.03
-2.86
-2.51
-1.99
-1.33
-0.57
0.22
0.86
1.17
0.96
0.18
-1.01
-2.32
-3.40
-4.03
-4.15
-3.92
-3.58
-3.37
-3.40
-3.71
-4.21
-4.68
-4.80
-4.19
-2.55
0.14
3.54
7.03
9.92
11.70
12.22
11.57
10.05
8.00
5.69
3.42
1.44
0.00
-0.78
-0.96
-0.80
-0.62
-0.67
-1.01
-1.56
-2.15
-2.66
-3.01
-3.19
-3.16
-2.84
-2.17
-1.15
0.08
1.33
2.35
2.98
3.21
3.15
2.93
2.62
2.20
1.56
0.68
-0.34
-1.27
-1.91
-2.22
-2.29
-2.37
-2.65
-3.24
-4.12
-5.19
-6.32
-7.39
-8.18
-8.38
-7.63
-5.64
-2.46
1.50
5.48
8.73
10.73
11.37
10.89
9.69
8.13
6.44
4.82
3.48
2.68
2.58
3.14
4.03
4.75
4.92
4.34
3.13
1.50
-0.30
-2.09
-3.71
-5.01
-5.80
-6.04
-5.82
-5.42
-5.12
-5.05
-5.07
-4.87
-4.17
-2.97
-1.55
-0.31
0.39
0.50
0.20
-0.16
-0.29
-0.07
0.48
1.19
1.84
2.18
2.01
1.24
-0.02
-1.47
-2.64
-3.05
-2.36
-0.58
1.92
4.50
6.50
7.46
7.24
6.02
4.18
2.16
0.24
-1.37
-2.57
-3.21
-3.20
-2.52
-1.34
-0.02
1.04
1.53
1.41
0.85
0.16
-0.46
-0.93
-1.28
-1.55
-1.71
-1.70
-1.51
-1.25
-1.15
-1.39
-1.93
-2.51
-2.75
-2.39
-1.41
-0.10
1.10
1.80
1.80
1.15
0.07
-1.21
-2.50
-3.61
-4.42
-4.81
-4.77
-4.41
-3.97
-3.71
-3.81
-4.24
-4.74
-4.88
-4.18
-2.36
0.51
3.95
7.25
9.67
10.81
10.62
9.41
7.60
5.54
3.38
1.21
-0.88
-2.60
-3.63
-3.76
-3.09
-2.01
-1.06
-0.61
-0.68
-1.04
-1.35
-1.43
-1.26
-0.98
-0.71
-0.45
-0.16
0.22
0.68
1.11
1.43
1.61
1.71
1.78
1.80
1.65
1.21
0.44
-0.56
-1.61
-2.53
-3.26
-3.84
-4.40
-5.02
-5.72
-6.47
-7.16
-7.67
-7.87
-7.65
-7.01
-6.11
-5.19
-4.51
-4.24
-4.33
-4.48
-4.28
-3.26
-1.20
1.84
5.41
8.85
11.49
12.90
12.97
11.95
10.26
8.27
6.25
4.31
2.57
1.20
0.40
0.26
0.64
1.18
1.51
1.38
0.83
0.06
-0.67
-1.24
-1.65
-1.95
-2.13
-2.12
-1.86
-1.41
-0.95
-0.73
-0.81
-1.06
-1.19
-0.91
-0.18
0.83
1.74
2.19
2.01
1.27
0.19
-0.92
-1.77
-2.21
-2.18
-1.79
-1.27
-0.90
-0.94
-1.50
-2.52
-3.71
-4.67
-4.96
-4.27
-2.46
0.33
3.67
6.97
9.60
11.10
11.29
10.33
8.61
6.62
4.69
3.06
1.79
0.91
0.45
0.44
0.85
1.51
2.12
2.41
2.23
1.61
0.76
-0.06
-0.68
-1.03
-1.14
-1.08
-0.88
-0.59
-0.23
0.14
0.43
0.63
0.72
0.71
0.59
0.28
-0.24
-0.96
-1.79
-2.62
-3.34
-3.97
-4.49
-4.96
-5.33
-5.50
-5.34
-4.85
-4.13
-3.43
-3.10
-3.42
-4.64
-6.79
-9.75
-13.08
-16.12
-18.10
-18.33
-16.51
-12.84
-8.08
-3.17
1.07
4.16
6.09
7.11
7.51
7.51
7.23
6.78
6.37
6.26
6.55
7.16
7.75
7.89
7.30
6.03
4.39
2.85
1.81
1.37
1.42
1.72
2.09
2.41
2.75
3.19
3.74
4.31
4.72
4.83
4.59
4.05
3.34
2.55
1.72
0.81
-0.24
-1.45
-2.77
-4.07
-5.25
-6.19
-6.86
-7.25
-7.40
-7.34
-7.10
-6.68
-6.14
-5.53
-4.94
-4.45
-4.08
-3.75
-3.23
-2.22
-0.44
2.23
5.55
8.96
11.72
13.20
13.10
11.62
9.30
6.78
4.50
2.60
1.04
-0.23
-1.12
-1.45
-1.15
-0.38
0.47
0.94
0.76
-0.05
-1.18
-2.29
-3.17
-3.78
-4.16
-4.36
-4.30
-3.86
-2.98
-1.84
-0.72
0.06
0.36
0.28
0.09
0.03
0.19
0.47
0.62
0.45
-0.12
-1.00
-2.01
-2.93
-3.62
-3.97
-3.93
-3.53
-2.89
-2.24
-1.87
-2.01
-2.66
-3.54
-4.14
-3.89
-2.37
0.43
4.04
7.66
10.43
11.77
11.57
10.18
8.18
6.11
4.28
2.77
1.55
0.63
0.15
0.27
0.96
1.95
2.73
2.87
2.18
0.86
-0.64
-1.89
-2.63
-2.86
-2.73
-2.42
-2.05
-1.62
-1.11
-0.55
-0.00
0.47
0.83
1.06
1.19
1.20
1.07
0.80
0.38
-0.17
-0.87
-1.69
-2.64
-3.69
-4.72
-5.59
-6.14
-6.26
-5.95
-5.32
-4.56
-3.90
-3.53
-3.54
-3.87
-4.24
-4.17
-3.15
-0.81
2.83
7.22
11.45
14.50
15.75
15.12
13.08
10.35
7.53
4.97
2.77
0.96
-0.39
-1.18
-1.36
-1.09
-0.69
-0.52
-0.77
-1.38
-2.11
-2.66
-2.90
-2.81
-2.52
-2.13
-1.73
-1.31
-0.86
-0.36
0.17
0.68
1.12
1.43
1.59
1.55
1.33
0.97
0.55
0.17
-0.12
-0.33
-0.60
-1.09
-1.95
-3.17
-4.63
-6.10
-7.34
-8.17
-8.49
-8.31
-7.71
-6.81
-5.78
-4.80
-4.04
-3.64
-3.63
-3.84
-3.91
-3.36
-1.77
0.95
4.44
8.02
10.87
12.40
12.43
11.21
9.20
6.85
4.43
2.08
-0.06
-1.76
-2.72
-2.74
-1.92
-0.62
0.56
1.11
0.80
-0.27
-1.72
-3.14
-4.18
-4.69
-4.68
-4.20
-3.38
-2.29
-1.07
0.13
1.09
1.67
1.85
1.71
1.40
1.06
0.76
0.50
0.22
-0.11
-0.54
-1.06
-1.62
-2.14
-2.53
-2.69
-2.59
-2.30
-2.02
-1.98
-2.40
-3.33
-4.58
-5.78
-6.42
-6.03
-4.36
-1.44
2.29
6.14
9.34
11.28
11.69
10.74
8.83
6.50
4.19
2.20
0.66
-0.35
-0.80
-0.70
-0.20
0.44
0.95
1.12
0.92
0.46
-0.12
-0.72
-1.35
-1.98
-2.52
-2.81
-2.72
-2.22
-1.44
-0.66
-0.10
0.14
0.16
0.10
0.10
0.16
0.23
0.28
0.33
0.43
0.58
0.63
0.37
-0.35
-1.48
-2.75
-3.75
-4.19
-4.02
-3.51
-3.08
-3.10
-3.68
-4.70
-5.77
-6.44
-6.27
-4.98
-2.51
0.86
4.57
7.89
10.19
11.15
10.80
9.47
7.61
5.57
3.62
1.94
0.71
0.10
0.23
1.05
2.27
3.48
4.27
4.37
3.79
2.70
1.39
0.14
-0.88
-1.58
-2.01
-2.23
-2.29
-2.19
-1.89
-1.38
-0.73
-0.08
0.37
0.48
0.21
-0.37
-1.07
-1.66
-2.02
-2.10
-2.02
-1.94
-2.02
-2.32
-2.78
-3.26
-3.62
-3.82
-3.89
-3.88
-3.84
-3.76
-3.63
-3.49
-3.44
-3.54
-3.70
-3.62
-2.88
-1.17
1.51
4.74
7.78
9.92
10.71
10.15
8.55
6.41
4.14
2.00
0.13
-1.38
-2.44
-2.92
-2.79
-2.14
-1.23
-0.37
0.20
0.38
0.25
-0.07
-0.44
-0.75
-0.98
-1.10
-1.11
-0.99
-0.73
-0.36
0.06
0.46
0.81
1.14
1.49
1.84
2.10
2.11
1.70
0.84
-0.36
-1.65
-2.73
-3.36
-3.42
-2.96
-2.21
-1.49
-1.11
-1.31
-2.18
-3.61
-5.34
-6.92
-7.88
-7.94
-7.18
-5.99
-4.98
-4.66
-5.22
-6.45
-7.89
-9.05
-9.60
-9.46
-8.69
-7.36
-5.44
-2.89
0.19
3.51
6.59
8.90
10.10
10.14
9.28
7.97
6.66
5.61
4.94
4.61
4.52
4.59
4.73
4.84
4.84
4.66
4.28
3.80
3.36
3.06
2.94
2.91
2.78
2.38
1.62
0.53
-0.73
-1.91
-2.82
-3.31
-3.35
-3.04
-2.52
-1.96
-1.51
-1.31
-1.46
-2.01
-2.77
-3.33
-3.14
-1.72
1.02
4.62
8.17
10.76
11.78
11.17
9.36
6.97
4.53
2.32
0.45
-1.00
-1.92
-2.15
-1.67
-0.66
0.51
1.42
1.76
1.49
0.78
-0.09
-0.89
-1.46
-1.79
-1.90
-1.78
-1.43
-0.81
0.03
0.89
1.50
1.60
1.14
0.26
-0.73
-1.50
-1.89
-1.92
-1.76
-1.61
-1.60
-1.80
-2.17
-2.62
-3.08
-3.43
-3.56
-3.37
-2.86
-2.17
-1.58
-1.42
-1.95
-3.13
-4.63
-5.85
-6.16
-5.10
-2.65
0.82
4.58
7.83
9.95
10.64
9.96
8.26
5.99
3.61
1.49
-0.13
-1.08
-1.30
-0.84
0.13
1.32
2.34
2.87
2.70
1.82
0.45
-1.10
-2.44
-3.25
-3.37
-2.85
-1.91
-0.87
-0.02
0.47
0.61
0.57
0.59
0.82
1.32
1.99
2.64
3.00
2.89
2.21
1.03
-0.44
-1.90
-3.06
-3.72
-3.86
-3.63
-3.26
-2.98
-2.94
-3.21
-3.71
-4.23
-4.43
-3.94
-2.45
0.09
3.36
6.74
9.52
11.10
11.24
10.06
7.92
5.34
2.74
0.50
-1.12
-1.99
-2.06
-1.44
-0.38
0.77
1.64
1.95
1.62
0.73
-0.49
-1.73
-2.69
-3.18
-3.13
-2.62
-1.86
-1.08
-0.45
-0.04
0.19
0.31
0.36
0.34
0.20
-0.09
-0.49
-0.91
-1.24
-1.50
-1.77
-2.22
-2.91
-3.79
-4.64
-5.21
-5.34
-5.02
-4.40
-3.70
-3.14
-2.84
-2.86
-3.17
-3.58
-3.79
-3.36
-1.94
0.52
3.64
6.68
8.85
9.70
9.26
7.98
6.40
4.90
3.51
2.12
0.66
-0.67
-1.49
-1.49
-0.69
0.48
1.38
1.51
0.75
-0.56
-1.86
-2.69
-2.92
-2.71
-2.38
-2.15
-2.02
-1.85
-1.41
-0.65
0.31
1.23
1.85
2.02
1.71
1.05
0.24
-0.53
-1.14
-1.58
-1.95
-2.40
-3.06
-3.94
-4.91
-5.78
-6.34
-6.49
-6.20
-5.58
-4.83
-4.20
-3.88
-4.01
-4.52
-5.20
-5.66
-5.48
-4.30
-1.98
1.29
4.98
8.35
10.72
11.70
11.33
10.04
8.36
6.68
5.13
3.62
2.08
0.63
-0.39
-0.69
-0.25
0.58
1.22
1.18
0.29
-1.22
-2.91
-4.34
-5.27
-5.65
-5.56
-5.09
-4.28
-3.21
-2.03
-0.95
-0.14
0.36
0.64
0.88
1.17
1.49
1.67
1.54
0.99
0.10
-0.94
-1.92
-2.66
-3.09
-3.23
-3.18
-3.07
-3.02
-3.15
-3.49
-3.95
-4.30
-4.22
-3.39
-1.62
0.98
3.98
6.80
8.91
9.98
9.99
9.15
7.75
6.04
4.18
2.32
0.68
-0.41
-0.68
-0.03
1.33
2.89
4.07
4.45
3.94
2.76
1.30
-0.05
-1.07
-1.64
-1.78
-1.54
-1.03
-0.39
0.20
0.54
0.54
0.27
-0.08
-0.25
-0.10
0.33
0.85
1.16
1.07
0.53
-0.37
-1.39
-2.30
-2.89
-3.09
-2.91
-2.49
-2.06
-1.82
-1.92
-2.37
-3.03
-3.55
-3.59
-2.81
-1.05
1.54
4.54
7.28
9.07
9.40
8.09
5.31
1.49
-2.78
-6.96
-10.63
-13.52
-15.45
-16.30
-15.97
-14.48
-11.97
-8.80
-5.46
-2.46
-0.13
1.48
2.58
3.53
4.58
5.78
6.91
7.61
7.68
7.16
6.29
5.43
4.81
4.51
4.42
4.37
4.22
3.94
3.55
3.09
2.53
1.80
0.82
-0.38
-1.68
-2.82
-3.58
-3.80
-3.49
-2.81
-2.02
-1.39
-1.11
-1.19
-1.50
-1.73
-1.55
-0.66
1.09
3.58
6.43
9.07
10.91
11.56
10.92
9.19
6.82
4.27
1.94
0.07
-1.26
-2.08
-2.42
-2.36
-1.99
-1.43
-0.86
-0.47
-0.39
-0.69
-1.32
-2.13
-2.90
-3.45
-3.61
-3.42
-2.96
-2.38
-1.81
-1.30
-0.86
-0.47
-0.15
0.06
0.12
0.00
-0.24
-0.57
-0.92
-1.27
-1.60
-1.88
-2.05
-2.06
-1.88
-1.58
-1.33
-1.32
-1.70
-2.48
-3.55
-4.64
-5.39
-5.43
-4.43
-2.31
0.67
3.91
6.67
8.33
8.65
7.83
6.36
4.76
3.37
2.32
1.58
1.12
1.01
1.31
1.94
2.67
3.15
3.13
2.54
1.54
0.38
-0.73
-1.66
-2.36
-2.82
-3.00
-2.88
-2.47
-1.87
-1.27
-0.87
-0.77
-0.99
-1.41
-1.87
-2.23
-2.41
-2.39
-2.23
-2.07
-2.07
-2.32
-2.77
-3.25
-3.51
-3.34
-2.69
-1.75
-0.82
-0.21
-0.14
-0.62
-1.49
-2.52
-3.44
-3.95
-3.80
-2.74
-0.73
2.04
5.04
7.64
9.25
9.61
8.84
7.35
5.61
3.98
2.54
1.29
0.21
-0.61
-1.00
-0.85
-0.25
0.51
1.08
1.22
0.94
0.46
0.08
-0.03
0.17
0.49
0.71
0.69
0.43
0.12
-0.07
0.01
0.32
0.72
0.99
0.93
0.44
-0.45
-1.55
-2.63
-3.48
-3.97
-4.07
-3.91
-3.64
-3.40
-3.26
-3.22
-3.26
-3.37
-3.56
-3.82
-4.05
-4.11
-3.83
-3.16
-2.19
-1.22
-0.54
-0.36
-0.62
-0.97
-0.90
0.06
2.03
4.71
7.46
9.54
10.45
10.07
8.68
6.72
4.57
2.44
0.39
-1.51
-3.04
-3.89
-3.81
-2.78
-1.15
0.50
1.64
1.98
1.62
0.91
0.26
-0.07
-0.02
0.25
0.55
0.74
0.82
0.86
0.95
1.13
1.37
1.57
1.59
1.34
0.82
0.07
-0.79
-1.64
-2.38
-2.94
-3.33
-3.59
-3.74
-3.80
-3.80
-3.80
-3.86
-4.04
-4.29
-4.47
-4.44
-4.14
-3.61
-3.09
-2.80
-2.85
-3.12
-3.22
-2.63
-0.99
1.75
5.23
8.77
11.64
13.32
13.63
12.75
11.05
8.87
6.49
4.10
1.89
0.07
-1.12
-1.58
-1.40
-0.88
-0.43
-0.36
-0.80
-1.62
-2.50
-3.16
-3.39
-3.14
-2.53
-1.68
-0.75
0.18
1.07
1.91
2.67
3.27
3.64
3.69
3.42
2.88
2.18
1.43
0.70
0.01
-0.70
-1.45
-2.28
-3.17
-4.07
-4.96
-5.83
-6.70
-7.57
-8.32
-8.80
-8.83
-8.29
-7.18
-5.70
-4.20
-3.05
-2.53
-2.69
-3.32
-4.02
-4.26
-3.57
-1.69
1.33
5.09
8.88
11.95
13.67
13.81
12.53
10.27
7.53
4.74
2.14
-0.11
-1.87
-3.02
-3.47
-3.31
-2.77
-2.22
-1.94
-2.07
-2.53
-3.12
-3.63
-3.91
-3.91
-3.61
-2.99
-2.07
-0.95
0.25
1.35
2.23
2.80
3.11
3.20
3.15
2.96
2.62
2.07
1.36
0.55
-0.24
-0.94
-1.59
-2.27
-3.12
-4.15
-5.28
-6.33
-7.06
-7.31
-7.05
-6.35
-5.34
-4.25
-3.30
-2.71
-2.63
-3.01
-3.60
-3.97
-3.64
-2.28
0.16
3.39
6.83
9.79
11.72
12.29
11.51
9.63
7.09
4.35
1.82
-0.29
-1.88
-2.95
-3.48
-3.41
-2.73
-1.52
-0.05
1.32
2.22
2.51
2.25
1.72
1.21
0.92
0.84
0.89
0.95
0.99
1.08
1.30
1.62
2.00
2.29
2.43
2.39
2.18
1.80
1.25
0.57
-0.21
-0.93
-1.52
-1.92
-2.23
-2.60
-3.14
-3.83
-4.51
-4.99
-5.13
-4.95
-4.58
-4.26
-4.15
-4.35
-4.87
-5.65
-6.61
-7.55
-8.23
-8.34
-7.66
-6.23
-4.29
-2.31
-0.70
0.27
0.66
0.65
0.52
0.48
0.58
0.84
1.29
1.95
2.90
4.11
5.40
6.46
7.00
6.83
5.99
4.78
3.62
2.87
2.70
3.02
3.56
4.08
4.42
4.65
4.90
5.28
5.74
6.11
6.19
5.84
5.03
3.85
2.42
0.88
-0.62
-1.92
-2.88
-3.41
-3.54
-3.44
-3.34
-3.48
-3.98
-4.77
-5.61
-6.23
-6.38
-5.97
-5.06
-3.86
-2.66
-1.71
-1.17
-0.99
-0.94
-0.63
0.35
2.24
4.97
8.09
10.92
12.79
13.29
12.37
10.35
7.76
5.12
2.80
0.99
-0.32
-1.21
-1.77
-2.09
-2.24
-2.28
-2.31
-2.44
-2.70
-3.08
-3.49
-3.77
-3.80
-3.49
-2.86
-2.01
-1.05
-0.03
1.00
2.01
2.91
3.61
3.99
4.05
3.83
3.44
2.98
2.45
1.79
0.94
-0.12
-1.34
-2.59
-3.78
-4.81
-5.66
-6.29
-6.67
-6.73
-6.46
-5.95
-5.37
-4.93
-4.69
-4.57
-4.25
-3.39
-1.74
0.70
3.61
6.50
8.85
10.32
10.82
10.46
9.44
7.95
6.16
4.21
2.29
0.63
-0.55
-1.13
-1.16
-0.81
-0.33
0.04
0.15
-0.07
-0.59
-1.33
-2.20
-3.05
-3.71
-3.98
-3.77
-3.03
-1.91
-0.63
0.51
1.30
1.64
1.62
1.41
1.21
1.10
1.06
0.98
0.75
0.30
-0.39
-1.30
-2.40
-3.64
-4.89
-6.00
-6.75
-6.98
-6.63
-5.85
-4.92
-4.18
-3.92
-4.21
-4.83
-5.34
-5.17
-3.89
-1.40
2.00
5.65
8.79
10.89
11.77
11.56
10.57
9.04
7.11
4.85
2.48
0.34
-1.15
-1.75
-1.55
-0.97
-0.52
-0.58
-1.23
-2.23
-3.28
-4.14
-4.72
-5.02
-5.06
-4.80
-4.20
-3.30
-2.22
-1.16
-0.29
0.32
0.71
0.94
1.09
1.16
1.12
0.94
0.61
0.17
-0.32
-0.85
-1.41
-1.99
-2.58
-3.12
-3.54
-3.75
-3.68
-3.30
-2.67
-1.97
-1.41
-1.20
-1.42
-1.99
-2.59
-2.84
-2.33
-0.90
1.29
3.82
6.08
7.56
7.97
7.34
5.92
4.07
2.12
0.32
-1.13
-2.09
-2.42
-2.08
-1.16
0.05
1.14
1.80
1.86
1.42
0.69
-0.08
-0.73
-1.20
-1.50
-1.64
-1.60
-1.38
-1.03
-0.69
-0.45
-0.35
-0.29
-0.15
0.16
0.53
0.75
0.55
-0.21
-1.45
-2.84
-4.00
-4.58
-4.48
-3.83
-2.97
-2.29
-2.06
-2.36
-3.07
-3.86
-4.34
-4.14
-2.99
-0.86
1.99
5.07
7.71
9.37
9.78
9.03
7.49
5.62
3.76
2.11
0.70
-0.45
-1.26
-1.62
-1.49
-0.95
-0.23
0.41
0.83
1.01
1.04
1.02
0.98
0.89
0.67
0.28
-0.24
-0.81
-1.32
-1.71
-1.98
-2.13
-2.18
-2.13
-1.99
-1.80
-1.59
-1.37
-1.15
-0.92
-0.69
-0.56
-0.58
-0.73
-0.91
-0.93
-0.67
-0.10
0.63
1.29
1.66
1.66
1.35
0.90
0.50
0.39
0.74
1.72
3.36
5.47
7.64
9.35
10.12
9.80
8.53
6.77
5.03
3.69
2.87
2.51
2.45
2.57
2.82
3.15
3.47
3.64
3.52
3.05
2.29
1.37
0.43
-0.48
-1.34
-2.19
-2.98
-3.62
-3.99
-4.01
-3.74
-3.34
-3.07
-3.17
-3.84
-5.15
-7.11
-9.56
-12.27
-14.90
-17.07
-18.40
-18.66
-17.79
-15.96
-13.46
-10.68
-7.90
-5.30
-2.94
-0.82
1.02
2.47
3.40
3.74
3.53
2.99
2.43
2.23
2.65
3.87
5.86
8.37
10.96
13.11
14.39
14.53
13.52
11.61
9.13
6.49
4.02
1.99
0.53
-0.27
-0.50
-0.31
0.05
0.33
0.39
0.19
-0.22
-0.77
-1.38
-1.97
-2.42
-2.60
-2.39
-1.79
-0.92
0.01
0.80
1.34
1.66
1.83
1.89
1.80
1.43
0.69
-0.39
-1.61
-2.75
-3.60
-4.04
-4.10
-3.84
-3.38
-2.89
-2.52
-2.44
-2.73
-3.31
-3.98
-4.39
-4.15
-3.00
-0.94
1.75
4.54
6.86
8.29
8.66
8.07
6.81
5.24
3.64
2.23
1.14
0.46
0.24
0.43
0.91
1.40
1.64
1.46
0.89
0.13
-0.54
-0.90
-0.88
-0.53
-0.02
0.47
0.81
0.94
0.86
0.62
0.27
-0.12
-0.49
-0.80
-1.00
-1.08
-1.04
-0.95
-0.90
-1.04
-1.51
-2.31
-3.32
-4.23
-4.75
-4.71
-4.19
-3.47
-2.91
-2.71
-2.89
-3.29
-3.66
-3.76
-3.43
-2.56
-1.09
0.93
3.32
5.67
7.52
8.52
8.54
7.75
6.52
5.22
4.08
3.15
2.35
1.60
0.96
0.56
0.50
0.78
1.24
1.68
1.89
1.78
1.39
0.80
0.11
-0.61
-1.30
-1.89
-2.31
-2.48
-2.38
-2.04
-1.53
-0.96
-0.40
0.05
0.30
0.26
-0.09
-0.69
-1.33
-1.79
-1.93
-1.78
-1.54
-1.50
-1.85
-2.61
-3.58
-4.49
-5.11
-5.34
-5.20
-4.79
-4.20
-3.51
-2.83
-2.33
-2.14
-2.28
-2.54
-2.54
-1.84
-0.21
2.20
4.89
7.17
8.53
8.78
8.05
6.73
5.16
3.53
1.93
0.40
-0.93
-1.83
-2.07
-1.59
-0.53
0.76
1.85
2.39
2.22
1.39
0.15
-1.21
-2.37
-3.09
-3.28
-2.95
-2.26
-1.42
-0.64
-0.05
0.39
0.75
1.13
1.48
1.65
1.41
0.63
-0.62
-2.06
-3.35
-4.22
-4.62
-4.67
-4.60
-4.53
-4.44
-4.25
-3.91
-3.53
-3.29
-3.38
-3.77
-4.16
-4.08
-3.09
-0.94
2.17
5.72
9.01
11.42
12.61
12.56
11.47
9.60
7.22
4.55
1.90
-0.34
-1.77
-2.14
-1.53
-0.40
0.61
0.96
0.44
-0.75
-2.22
-3.57
-4.57
-5.15
-5.33
-5.09
-4.43
-3.39
-2.12
-0.90
0.00
0.44
0.44
0.17
-0.14
-0.29
-0.24
-0.03
0.16
0.15
-0.18
-0.79
-1.51
-2.05
-2.22
-1.91
-1.20
-0.24
0.83
1.94
3.02
3.96
4.55
4.52
3.71
2.21
0.44
-0.97
-1.41
-0.55
1.45
4.07
6.56
8.38
9.28
9.32
8.68
7.52
5.83
3.59
0.90
-1.97
-4.63
-6.73
-8.17
-9.09
-9.75
-10.38
-10.99
-11.40
-11.40
-10.84
-9.72
-8.16
-6.34
-4.39
-2.45
-0.62
1.00
2.34
3.41
4.27
5.01
5.68
6.26
6.66
6.76
6.52
5.95
5.12
4.13
3.02
1.84
0.67
-0.39
-1.25
-1.83
-2.18
-2.40
-2.54
-2.65
-2.69
-2.61
-2.45
-2.28
-2.23
-2.31
-2.40
-2.27
-1.61
-0.21
1.92
4.53
7.16
9.32
10.58
10.74
9.79
7.97
5.63
3.16
0.89
-0.94
-2.19
-2.81
-2.79
-2.26
-1.41
-0.53
0.12
0.32
0.01
-0.75
-1.79
-2.87
-3.72
-4.13
-3.99
-3.40
-2.58
-1.90
-1.64
-1.87
-2.43
-2.98
-3.22
-2.98
-2.36
-1.58
-0.88
-0.44
-0.35
-0.61
-1.17
-1.93
-2.71
-3.33
-3.60
-3.47
-3.00
-2.42
-1.94
-1.73
-1.83
-2.11
-2.37
-2.35
-1.81
-0.62
1.23
3.52
5.85
7.78
8.92
9.14
8.52
7.33
5.86
4.34
2.90
1.65
0.70
0.21
0.27
0.81
1.61
2.33
2.68
2.56
2.09
1.46
0.80
0.15
-0.55
-1.31
-2.02
-2.45
-2.40
-1.79
-0.75
0.42
1.40
1.95
1.98
1.55
0.81
-0.03
-0.76
-1.27
-1.55
-1.70
-1.93
-2.41
-3.16
-4.03
-4.72
-4.95
-4.57
-3.70
-2.62
-1.73
-1.31
-1.49
-2.24
-3.32
-4.42
-5.13
-5.03
-3.83
-1.52
1.54
4.68
7.14
8.39
8.32
7.24
5.68
4.17
3.03
2.38
2.19
2.41
2.96
3.75
4.61
5.33
5.72
5.69
5.23
4.46
3.53
2.55
1.58
0.70
-0.07
-0.70
-1.20
-1.62
-1.97
-2.23
-2.39
-2.41
-2.31
-2.17
-2.10
-2.21
-2.52
-2.98
-3.42
-3.67
-3.64
-3.41
-3.14
-3.05
-3.25
-3.73
-4.35
-4.91
-5.22
-5.16
-4.74
-4.05
-3.24
-2.44
-1.80
-1.45
-1.42
-1.62
-1.82
-1.62
-0.67
1.23
3.89
6.78
9.17
10.43
10.24
8.70
6.27
3.50
0.89
-1.26
-2.77
-3.56
-3.59
-2.94
-1.84
-0.68
0.19
0.51
0.27
-0.36
-1.12
-1.78
-2.18
-2.25
-1.97
-1.38
-0.57
0.31
1.06
1.52
1.66
1.56
1.37
1.22
1.12
0.98
0.66
0.06
-0.82
-1.89
-2.97
-3.90
-4.55
-4.82
-4.74
-4.37
-3.85
-3.36
-3.05
-2.99
-3.15
-3.40
-3.52
-3.33
-2.70
-1.56
0.07
2.07
4.14
5.96
7.15
7.46
6.90
5.68
4.12
2.53
1.11
-0.06
-0.91
-1.34
-1.18
-0.32
1.15
2.95
4.62
5.76
6.12
5.72
4.75
3.46
2.10
0.84
-0.19
-0.91
-1.25
-1.26
-1.06
-0.83
-0.77
-0.98
-1.41
-1.90
-2.24
-2.34
-2.15
-1.76
-1.28
-0.79
-0.36
0.00
0.32
0.58
0.79
0.97
1.13
1.24
1.18
0.75
-0.30
-2.06
-4.53
-7.40
-10.20
-12.40
-13.64
-13.84
-13.20
-12.05
-10.72
-9.35
-7.87
-6.18
-4.16
-1.85
0.61
3.06
5.39
7.58
9.62
11.42
12.75
13.38
13.18
12.21
10.72
9.05
7.47
6.09
4.85
3.65
2.43
1.31
0.43
-0.09
-0.27
-0.29
-0.41
-0.80
-1.43
-2.18
-2.83
-3.27
-3.50
-3.62
-3.77
-4.05
-4.50
-5.08
-5.71
-6.33
-6.86
-7.27
-7.52
-7.60
-7.57
-7.52
-7.59
-7.90
-8.52
-9.31
-9.99
-10.05
-8.99
-6.49
-2.63
2.02
6.51
9.90
11.66
11.92
11.40
11.01
11.48
13.05
15.46
18.30
21.21
24.03
26.60
28.66
29.69
29.04
26.23
21.16
14.29
6.47
-1.19
-7.60
-11.99
-14.07
-14.07
-12.67
-10.72
-8.90
-7.46
-6.30
-5.15
-3.92
-2.79
-2.18
-2.44
-3.62
-5.35
-7.08
-8.32
-8.89
-8.92
-8.68
-8.45
-8.35
-8.35
-8.40
-8.41
-8.34
-8.05
-7.32
-5.88
-3.58
-0.58
2.66
5.56
7.60
8.59
8.68
8.17
7.31
6.20
4.85
3.33
1.90
0.98
0.90
1.65
2.80
3.64
3.61
2.51
0.65
-1.39
-3.06
-4.11
-4.58
-4.76
-4.89
-5.06
-5.18
-5.09
-4.68
-4.00
-3.20
-2.48
-1.98
-1.70
-1.56
-1.42
-1.18
-0.85
-0.48
-0.17
0.02
0.04
-0.11
-0.47
-1.06
-1.83
-2.62
-3.13
-3.06
-2.18
-0.50
1.74
4.11
6.19
7.62
8.15
7.69
6.27
4.13
1.66
-0.61
-2.20
-2.81
-2.42
-1.30
0.17
1.57
2.62
3.18
3.19
2.70
1.77
0.56
-0.72
-1.84
-2.60
-2.94
-2.92
-2.61
-2.06
-1.35
-0.56
0.13
0.44
0.11
-0.94
-2.49
-4.08
-5.15
-5.34
-4.65
-3.40
-2.09
-1.16
-0.82
-1.00
-1.46
-1.87
-1.93
-1.39
-0.16
1.64
3.68
5.50
6.66
6.97
6.47
5.43
4.12
2.70
1.21
-0.29
-1.60
-2.39
-2.37
-1.49
-0.04
1.39
2.27
2.31
1.60
0.49
-0.65
-1.62
-2.38
-2.97
-3.36
-3.45
-3.10
-2.29
-1.16
0.02
0.97
1.50
1.57
1.26
0.74
0.20
-0.19
-0.37
-0.39
-0.44
-0.76
-1.47
-2.52
-3.65
-4.47
-4.68
-4.11
-2.81
-1.02
0.94
2.70
3.94
4.41
4.06
3.02
1.60
0.18
-0.90
-1.41
-1.25
-0.45
0.84
2.40
3.88
4.91
5.19
4.59
3.28
1.62
0.06
-1.01
-1.42
-1.21
-0.60
0.11
0.56
0.53
-0.04
-0.99
-1.98
-2.61
-2.64
-2.08
-1.17
-0.24
0.43
0.65
0.42
-0.16
-0.93
-1.66
-2.15
-2.20
-1.75
-0.91
-0.03
0.42
0.03
-1.42
-3.88
-6.98
-10.23
-13.06
-14.99
-15.70
-15.08
-13.24
-10.44
-7.03
-3.40
0.09
3.15
5.55
7.13
7.89
7.98
7.62
7.13
6.73
6.47
6.30
6.15
5.96
5.71
5.43
5.08
4.59
3.90
3.02
2.06
1.17
0.49
0.02
-0.32
-0.67
-1.12
-1.63
-2.14
-2.55
-2.77
-2.67
-2.09
-0.83
1.19
3.82
6.62
9.02
10.52
10.87
10.20
8.83
7.09
5.21
3.25
1.29
-0.51
-1.85
-2.46
-2.30
-1.60
-0.76
-0.16
-0.01
-0.27
-0.82
-1.52
-2.24
-2.93
-3.45
-3.66
-3.48
-2.96
-2.29
-1.67
-1.22
-0.93
-0.75
-0.65
-0.73
-1.10
-1.78
-2.56
-3.17
-3.31
-2.93
-2.18
-1.36
-0.75
-0.50
-0.58
-0.89
-1.27
-1.51
-1.38
-0.67
0.72
2.64
4.71
6.44
7.35
7.22
6.12
4.38
2.40
0.52
-1.06
-2.25
-2.99
-3.21
-2.85
-1.95
-0.70
0.58
1.59
2.08
2.03
1.58
0.94
0.32
-0.17
-0.50
-0.72
-0.84
-0.87
-0.83
-0.73
-0.65
-0.70
-1.00
-1.62
-2.47
-3.39
-4.14
-4.54
-4.52
-4.16
-3.65
-3.21
-3.01
-3.14
-3.57
-4.06
-4.24
-3.68
-2.06
0.61
3.92
7.13
9.50
10.53
10.16
8.76
6.85
4.88
3.11
1.64
0.55
-0.09
-0.18
0.24
0.92
1.47
1.50
0.85
-0.32
-1.63
-2.63
-3.08
-3.01
-2.63
-2.19
-1.87
-1.63
-1.35
-0.94
-0.40
0.15
0.55
0.66
0.43
-0.08
-0.73
-1.37
-1.87
-2.16
-2.29
-2.35
-2.45
-2.69
-3.07
-3.54
-4.05
-4.53
-4.88
-4.92
-4.41
-3.10
-0.91
1.94
4.92
7.39
8.78
8.89
7.87
6.15
4.19
2.32
0.70
-0.60
-1.47
-1.80
-1.51
-0.70
0.35
1.25
1.70
1.56
0.95
0.13
-0.60
-1.05
-1.20
-1.13
-0.97
-0.81
-0.70
-0.61
-0.49
-0.30
-0.02
0.33
0.69
0.99
1.12
1.00
0.53
-0.30
-1.39
-2.53
-3.45
-3.90
-3.79
-3.25
-2.53
-1.93
-1.72
-1.99
-2.67
-3.53
-4.25
-4.46
-3.84
-2.25
0.21
3.14
5.98
8.17
9.32
9.35
8.41
6.81
4.89
2.95
1.27
0.10
-0.37
-0.12
0.67
1.59
2.22
2.28
1.69
0.63
-0.60
-1.77
-2.74
-3.44
-3.85
-3.94
-3.68
-3.08
-2.25
-1.35
-0.55
0.02
0.28
0.22
-0.13
-0.68
-1.25
-1.67
-1.79
-1.56
-1.08
-0.53
-0.08
0.12
0.00
-0.47
-1.27
-2.26
-3.22
-3.78
-3.60
-2.49
-0.53
1.91
4.29
6.10
6.97
6.87
5.98
4.62
3.11
1.68
0.45
-0.46
-0.95
-0.92
-0.34
0.67
1.80
2.69
2.99
2.60
1.67
0.51
-0.54
-1.29
-1.69
-1.82
-1.78
-1.63
-1.46
-1.31
-1.25
-1.31
-1.41
-1.48
-1.45
-1.34
-1.30
-1.49
-1.98
-2.65
-3.26
-3.52
-3.31
-2.71
-1.96
-1.33
-1.00
-0.99
-1.20
-1.44
-1.57
-1.41
-0.81
0.38
2.20
4.54
7.03
9.19
10.58
10.98
10.34
8.80
6.53
3.64
0.29
-3.30
-6.80
-9.79
-11.96
-13.21
-13.72
-13.83
-13.81
-13.77
-13.62
-13.17
-12.22
-10.69
-8.61
-6.06
-3.18
-0.13
2.87
5.53
7.55
8.67
8.82
8.17
7.08
5.95
5.07
4.52
4.17
3.78
3.21
2.39
1.49
0.73
0.26
0.13
0.24
0.41
0.47
0.32
-0.11
-0.76
-1.47
-1.96
-1.93
-1.07
0.67
3.07
5.65
7.87
9.30
9.80
9.43
8.40
6.94
5.22
3.42
1.78
0.53
-0.13
-0.15
0.31
0.94
1.42
1.51
1.14
0.40
-0.54
-1.50
-2.30
-2.86
-3.16
-3.26
-3.21
-3.08
-2.83
-2.44
-1.95
-1.45
-1.09
-1.00
-1.16
-1.48
-1.82
-2.08
-2.30
-2.57
-2.92
-3.30
-3.53
-3.43
-2.93
-2.18
-1.45
-1.07
-1.22
-1.83
-2.57
-3.01
-2.71
-1.46
0.66
3.26
5.84
7.89
9.11
9.40
8.87
7.70
6.09
4.22
2.29
0.54
-0.77
-1.44
-1.39
-0.78
0.04
0.67
0.79
0.33
-0.54
-1.51
-2.28
-2.67
-2.67
-2.37
-1.86
-1.26
-0.63
-0.06
0.33
0.51
0.51
0.43
0.40
0.45
0.46
0.30
-0.20
-1.03
-2.09
-3.17
-4.10
-4.75
-5.08
-5.11
-4.87
-4.45
-3.99
-3.68
-3.64
-3.84
-4.05
-3.90
-3.01
-1.20
1.36
4.23
6.80
8.54
9.17
8.72
7.46
5.77
4.02
2.51
1.38
0.73
0.51
0.63
0.95
1.27
1.43
1.29
0.84
0.18
-0.53
-1.14
-1.54
-1.66
-1.53
-1.15
-0.61
-0.00
0.55
0.90
0.94
0.68
0.24
-0.18
-0.47
-0.63
-0.76
-1.02
-1.46
-2.01
-2.51
-2.81
-2.86
-2.71
-2.46
-2.19
-1.89
-1.54
-1.15
-0.81
-0.68
-0.92
-1.54
-2.37
-3.04
-3.13
-2.34
-0.64
1.70
4.18
6.30
7.69
8.26
8.05
7.19
5.76
3.86
1.67
-0.51
-2.26
-3.18
-3.12
-2.23
-0.92
0.27
0.98
1.08
0.71
0.09
-0.55
-1.09
-1.53
-1.87
-2.11
-2.17
-2.02
-1.64
-1.12
-0.57
-0.10
0.26
0.51
0.74
0.99
1.26
1.45
1.43
1.08
0.33
-0.76
-1.99
-3.09
-3.80
-3.99
-3.69
-3.10
-2.48
-2.09
-2.09
-2.51
-3.25
-4.05
-4.60
-4.55
-3.63
-1.74
0.93
3.93
6.69
8.62
9.42
9.05
7.74
5.90
3.90
2.07
0.61
-0.29
-0.52
-0.08
0.87
1.96
2.75
2.86
2.17
0.82
-0.85
-2.46
-3.68
-4.39
-4.55
-4.23
-3.53
-2.56
-1.48
-0.45
0.39
0.97
1.29
1.46
1.57
1.68
1.73
1.59
1.09
0.19
-1.04
-2.35
-3.42
-4.05
-4.19
-3.97
-3.60
-3.26
-3.03
-2.91
-2.90
-3.03
-3.27
-3.51
-3.46
-2.75
-1.15
1.28
4.09
6.61
8.18
8.46
7.49
5.64
3.43
1.26
-0.64
-2.18
-3.33
-4.09
-4.44
-4.39
-4.05
-3.60
-3.24
-3.13
-3.31
-3.72
-4.24
-4.79
-5.32
-5.85
-6.37
-6.89
-7.28
-7.38
-7.09
-6.40
-5.45
-4.45
-3.66
-3.19
-3.13
-3.40
-3.81
-4.12
-4.07
-3.43
-2.17
-0.38
1.71
3.83
5.75
7.40
8.85
10.18
11.46
12.65
13.65
14.41
14.99
15.64
16.77
18.75
21.79
25.71
29.95
33.70
36.29
37.46
37.55
37.33
37.65
39.06
41.47
44.09
45.82
45.67
43.27
39.03
34.03
29.52
26.39
24.69
23.40
20.49
13.37
-0.70
-23.87
-56.98
-98.73
-145.08
-189.49
-224.40
-243.44
-243.61
-226.30
-196.58
-161.04
-125.45
-93.37
-66.22
-44.34
-27.79
-16.29
-8.44
-1.27
9.13
25.73
48.74
74.96
98.88
115.12
120.78
116.39
105.18
91.20
77.46
64.99
53.22
41.03
28.04
15.20
4.57
-1.53
-1.52
4.62
15.34
28.25
41.13
52.73
62.92
72.19
80.91
88.90
95.35
99.39
100.59
99.21
96.03
91.87
87.14
81.69
74.93
66.23
55.21
41.97
26.95
10.70
-6.35
-23.97
-41.85
-59.27
-74.87
-86.85
-93.48
-93.90
-88.66
-79.64
-69.47
-60.54
-54.18
-50.39
-48.24
-46.54
-44.50
-42.05
-39.70
-38.17
-37.96
-39.08
-41.03
-42.93
-43.79
-42.73
-39.31
-33.68
-26.95
-20.98
-17.85
-18.97
-24.42
-32.71
-41.46
-48.17
-50.95
-49.35
-44.10
-36.88
-30.33
-28.15
-34.76
-53.65
-85.08
-123.68
-159.33
-179.83
-175.51
-143.05
-86.64
-16.12
57.11
123.99
180.18
224.41
256.71
277.07
285.53
283.41
273.59
260.22
246.94
236.18
227.23
217.21
202.90
182.56
157.31
129.95
103.66
75.31
44.00
9.60
-27.24
-64.68
-99.23
-125.07
-138.36
-137.57
-124.81
-105.07
-86.34
-76.52
-78.67
-93.45
-115.77
-137.25
-150.74
-154.12
-149.09
-139.69
-128.74
-116.13
-99.92
-78.30
-51.87
-24.31
-1.94
12.43
18.08
16.47
10.23
1.63
-7.50
-15.78
-20.44
-18.66
-7.80
11.89
36.84
61.45
80.69
92.71
98.90
102.29
102.06
94.93
76.26
43.05
-3.11
-55.52
-104.24
-137.17
-148.36
-140.48
-121.81
-101.68
-85.88
-74.87
-65.34
-53.39
-37.21
-18.60
-1.39
10.50
15.97
15.36
9.79
0.41
-11.61
-24.25
-34.45
-37.15
-28.44
-7.80
20.98
51.05
75.47
89.95
94.34
91.61
85.94
80.44
76.25
72.94
69.48
65.23
60.16
54.42
47.97
40.80
33.36
25.82
19.50
16.63
19.33
28.17
40.94
52.53
56.04
46.71
24.36
-5.99
-36.25
-58.77
-69.70
-69.94
-63.69
-55.59
-48.39
-42.47
-36.86
-30.95
-25.22
-21.02
-19.47
-20.55
-23.08
-25.33
-25.92
-24.76
-22.89
-21.91
-23.15
-26.81
-31.73
-35.74
-36.55
-32.82
-24.82
-14.27
-3.61
4.93
10.26
12.57
13.13
13.14
13.16
12.62
10.15
4.36
-5.60
-19.68
-37.28
-57.12
-76.82
-92.66
-100.15
-95.63
-78.02
-50.11
-17.98
11.00
31.09
40.33
40.60
36.06
30.33
25.26
20.86
16.51
12.06
8.36
6.93
8.70
13.56
20.17
26.85
32.07
35.25
36.59
36.67
36.14
34.67
32.23
28.27
22.45
14.92
6.54
-1.23
-7.32
-10.82
-11.41
-9.25
-5.03
0.47
6.50
12.48
17.88
22.27
25.37
27.04
27.44
26.95
26.12
25.43
25.11
25.01
24.68
23.84
22.39
20.79
19.75
20.07
22.42
27.18
34.43
43.81
54.30
63.89
69.92
69.66
61.59
46.29
26.48
6.09
-11.33
-23.97
-32.11
-37.45
-41.86
-46.25
-50.30
-53.02
-53.67
-52.35
-49.85
-47.12
-44.60
-42.02
-38.70
-33.92
-27.49
-19.89
-11.98
-4.53
2.16
8.43
15.12
22.66
31.06
39.63
47.15
52.21
53.65
50.86
43.97
33.70
21.18
7.74
-5.37
-17.13
-26.87
-34.18
-38.97
-41.36
-41.63
-40.28
-37.90
-35.20
-32.84
-31.31
-30.78
-31.07
-31.70
-32.13
-31.91
-30.80
-28.82
-26.23
-23.31
-20.30
-17.23
-13.97
-10.29
-5.92
-0.72
5.32
12.01
19.01
25.85
31.99
36.88
40.09
41.48
41.36
40.38
39.38
39.01
39.44
40.25
40.68
39.90
37.38
33.04
27.17
20.21
12.52
4.37
-4.02
-12.36
-20.23
-27.13
-32.64
-36.51
-38.66
-39.20
-38.25
-35.92
-32.25
-27.31
-21.22
-14.31
-7.13
-0.31
5.52
9.94
12.82
14.29
14.60
14.01
12.68
10.71
8.19
5.23
2.00
-1.34
-4.63
-7.66
-10.22
-12.02
-12.88
-12.77
-11.93
-10.77
-9.73
-9.13
-9.13
-9.73
-10.86
-12.42
-14.22
-15.96
-17.21
-17.58
-16.90
-15.30
-13.16
-10.94
-8.98
-7.28
-5.68
-3.91
-1.84
0.49
2.91
5.29
7.66
10.19
13.09
16.43
20.07
23.73
27.07
29.90
32.14
33.78
34.67
34.52
32.88
29.45
24.23
17.61
10.28
2.97
-3.72
-9.47
-14.06
-17.40
-19.32
-19.74
-18.74
-16.66
-14.04
-11.47
-9.39
-7.97
-7.17
-6.81
-6.81
-7.22
-8.19
-9.88
-12.31
-15.33
-18.62
-21.74
-24.20
-25.54
-25.41
-23.61
-20.22
-15.58
-10.27
-4.96
-0.21
3.63
6.49
8.45
9.66
10.22
10.20
9.67
8.77
7.72
6.75
6.01
5.53
5.20
4.81
4.19
3.26
2.02
0.57
-0.93
-2.36
-3.61
-4.64
-5.46
-6.04
-6.31
-6.16
-5.51
-4.37
-2.90
-1.37
-0.04
0.96
1.60
2.02
2.31
2.58
2.83
3.13
3.55
4.24
5.29
6.64
8.10
9.37
10.23
10.63
10.72
10.77
11.00
11.47
12.07
12.55
12.68
12.38
11.67
10.64
9.40
7.94
6.27
4.36
2.34
0.39
-1.27
-2.52
-3.35
-3.90
-4.37
-4.91
-5.58
-6.31
-6.96
-7.39
-7.51
-7.32
-6.86
-6.23
-5.49
-4.75
-4.06
-3.53
-3.22
-3.18
-3.44
-3.97
-4.78
-5.83
-7.06
-8.37
-9.58
-10.50
-10.95
-10.86
-10.29
-9.35
-8.20
-6.97
-5.78
-4.76
-4.02
-3.56
-3.25
-2.76
-1.74
0.11
2.71
5.67
8.37
10.21
10.80
10.08
8.26
5.72
2.76
-0.45
-3.94
-7.75
-11.85
-16.02
-19.85
-22.82
-24.52
-24.78
-23.75
-21.87
-19.55
-17.04
-14.28
-10.93
-6.52
-0.62
6.82
15.42
24.34
32.60
39.29
43.93
46.53
47.63
48.11
48.63
49.24
49.30
47.90
44.45
39.04
32.53
26.50
22.80
22.60
25.91
31.59
38.14
44.38
49.84
54.45
58.25
60.91
61.31
57.73
48.46
32.56
10.01
-18.81
-53.96
-95.93
-141.43
-183.40
-213.17
-225.58
-221.69
-206.68
-185.93
-163.22
-140.08
-116.73
-93.32
-70.74
-50.86
-35.89
-27.45
-25.52
-28.73
-32.19
-29.91
-16.51
10.55
49.40
93.99
134.05
160.26
168.41
160.69
143.37
123.57
106.06
92.08
80.57
70.15
61.04
54.36
50.82
49.76
49.39
48.14
45.64
43.39
43.74
48.85
58.47
69.49
76.74
74.99
61.13
35.43
2.05
-34.41
-68.45
-95.60
-113.15
-120.22
-117.41
-106.04
-87.80
-64.06
-36.55
-7.06
21.81
46.82
64.60
72.63
70.06
58.22
40.21
19.61
-0.79
-19.84
-37.83
-55.13
-70.89
-82.60
-86.94
-81.04
-63.95
-36.85
-2.66
34.45
70.20
101.13
125.21
140.02
144.60
139.71
127.43
110.49
90.92
69.99
48.41
26.81
5.69
-14.62
-34.77
-56.31
-78.19
-98.34
-114.22
-123.98
-126.98
-123.59
-114.58
-101.35
-85.73
-69.60
-54.85
-42.68
-33.49
-26.90
-22.15
-18.39
-15.07
-11.92
-8.76
-5.75
-3.09
-0.94
0.69
1.86
2.75
3.48
4.16
4.95
5.80
6.61
7.25
7.67
7.87
7.91
7.85
7.78
7.79
7.90
8.07
8.23
8.31
8.27
8.13
7.87
7.53
7.18
6.84
6.55
6.31
6.08
5.85
5.57
5.21
4.76
4.24
3.71
3.24
2.89
2.68
2.58
2.52
2.45
2.32
2.13
1.84
1.62
1.51
1.56
1.72
1.88
1.96
1.88
1.65
1.38
1.24
1.38
1.85
2.52
3.11
3.34
3.08
2.36
1.56
1.17
1.72
3.52
6.52
10.26
14.19
17.83
20.94
23.66
26.18
28.64
30.68
31.42
29.65
24.30
14.93
2.10
-12.53
-27.04
-39.74
-49.57
-56.55
-61.42
-65.19
-68.80
-73.21
-78.77
-85.60
-92.66
-97.36
-96.04
-85.38
-64.35
-35.37
-3.91
23.66
42.47
51.21
52.00
48.68
44.63
41.37
38.57
35.35
31.43
27.51
24.84
24.18
25.23
26.77
27.46
26.24
23.16
19.15
15.43
13.10
12.52
13.29
14.42
14.94
14.18
12.19
9.56
7.09
5.46
4.90
5.17
5.72
5.96
5.53
4.43
2.97
1.58
0.60
0.15
0.14
0.31
0.36
0.15
-0.32
-0.88
-1.37
-1.66
-1.78
-1.80
-1.89
-2.27
-3.09
-4.43
-6.23
-8.34
-10.51
-12.46
-13.80
-14.18
-13.32
-11.03
-7.25
-2.18
3.82
10.23
16.16
21.11
24.59
26.26
26.26
24.66
21.86
18.41
14.87
11.60
8.76
6.35
4.30
2.56
1.06
-0.26
-1.58
-3.04
-4.94
-7.58
-11.16
-15.52
-20.04
-23.68
-25.49
-24.64
-20.79
-14.25
-5.85
3.33
12.15
19.84
26.05
30.77
34.37
37.50
40.92
45.33
50.91
56.75
61.04
61.68
57.16
47.40
34.02
19.62
6.83
-2.65
-8.66
-11.97
-13.57
-14.12
-13.83
-12.67
-10.73
-8.36
-5.96
-3.92
-2.26
-0.78
0.75
2.50
4.33
5.79
6.34
5.54
3.22
-0.18
-3.90
-7.13
-9.39
-10.69
-11.43
-12.22
-13.45
-15.17
-17.05
-18.61
-19.41
-19.31
-18.48
-17.26
-16.13
-15.49
-15.61
-16.61
-18.58
-20.67
-22.41
-23.48
-23.65
-22.79
-20.82
-17.88
-14.21
-10.22
-6.27
-2.73
0.35
3.13
5.93
8.96
12.19
15.32
17.92
19.65
20.32
20.08
19.29
18.30
17.35
16.48
15.62
14.66
13.58
12.34
10.95
9.41
7.77
6.10
4.55
3.31
2.48
2.11
2.02
2.01
1.90
1.61
1.15
0.65
0.23
-0.01
-0.04
0.09
0.27
0.38
0.35
0.16
-0.11
-0.38
-0.54
-0.58
-0.55
-0.51
-0.53
-0.67
-0.94
-1.36
-1.95
-2.71
-3.63
-4.69
-5.85
-7.09
-8.46
-9.95
-11.52
-13.05
-14.32
-15.10
-15.19
-14.54
-13.25
-11.58
-9.83
-8.22
-6.78
-5.45
-4.06
-2.52
-0.85
0.77
2.07
2.80
2.80
2.10
0.82
-0.84
-2.60
-4.20
-5.48
-6.46
-7.23
-7.91
-8.52
-9.21
-10.11
-11.28
-12.74
-14.51
-16.56
-18.78
-20.85
-22.25
-22.96
-23.06
-22.61
-21.61
-19.99
-17.61
-14.20
-9.21
-1.77
8.27
20.63
34.87
49.97
64.47
76.75
85.36
89.55
89.36
84.33
74.13
59.12
40.14
18.19
-5.70
-31.07
-58.23
-81.05
-94.05
-94.15
-81.86
-60.31
-33.06
-2.75
28.35
58.32
85.88
109.61
126.96
139.12
146.80
149.57
147.04
139.08
126.48
110.89
93.63
75.77
57.72
42.74
30.93
20.80
9.76
-4.83
-24.41
-49.08
-76.64
-102.59
-121.57
-130.17
-127.51
-116.37
-102.66
-93.06
-92.65
-102.71
-120.75
-142.64
-166.46
-192.11
-220.61
-251.46
-280.70
-301.24
-305.65
-289.95
-255.62
-209.88
-160.42
-112.56
-68.16
-27.05
9.82
38.41
52.15
52.56
41.26
24.84
12.67
11.72
23.22
43.11
64.87
83.18
96.03
103.42
107.14
108.71
108.39
105.78
100.71
93.79
86.33
80.09
75.56
72.73
70.90
68.89
65.66
60.82
54.79
48.58
43.43
39.72
37.45
36.13
34.87
32.95
30.08
26.53
22.96
20.13
18.28
17.37
17.06
16.74
15.95
14.47
12.38
10.01
7.72
5.71
4.04
2.70
1.56
0.59
-0.21
-0.75
-0.95
-0.80
-0.34
0.33
1.08
1.78
2.38
2.86
3.18
3.41
3.55
3.61
3.65
3.74
3.84
4.01
4.23
4.49
4.81
5.16
5.56
6.02
6.53
7.10
7.72
8.38
9.02
9.70
10.42
11.22
12.23
13.54
15.33
17.78
21.04
25.16
30.08
35.62
41.39
46.89
51.45
54.49
55.43
53.91
49.76
43.11
34.33
24.00
13.03
2.12
-7.98
-16.68
-23.60
-28.60
-31.71
-33.19
-33.50
-32.82
-31.54
-29.94
-28.23
-26.53
-24.93
-23.42
-22.01
-20.68
-19.35
-18.06
-16.81
-15.60
-14.44
-13.34
-12.29
-11.29
-10.33
-9.39
-8.49
-7.65
-6.86
-6.10
-5.41
-4.78
-4.18
-3.64
-3.12
-2.64
-2.19
-1.77
-1.39
-1.04
-0.73
-0.43
-0.17
0.06
0.28
0.46
0.61
0.73
0.80
0.85
0.86
0.83
0.79
0.72
0.65
0.58
0.51
0.43
0.37
0.32
0.26
0.20
0.15
0.09
0.01
-0.08
-0.19
-0.31
-0.47
-0.65
-0.86
-1.08
-1.33
-1.62
-1.94
-2.30
-2.71
-3.17
-3.68
-4.24
-4.81
-5.45
-6.14
-6.92
-7.81
-8.81
-9.94
-11.16
-12.46
-13.73
-15.06
-16.43
-17.88
-19.42
-21.10
-22.94
-24.94
-27.10
-29.36
-31.82
-34.59
-37.70
-41.12
-44.73
-48.25
-51.31
-53.73
-54.61
-53.45
-50.00
-44.23
-36.28
-26.50
-15.31
-3.27
9.00
20.95
31.69
40.33
46.04
48.24
46.82
42.24
35.43
27.66
20.26
14.13
9.67
6.77
5.08
4.17
3.88
4.32
5.62
7.83
10.65
13.36
15.15
15.34
13.55
9.71
3.99
-3.02
-10.11
-15.41
-16.67
-12.10
-1.19
14.60
32.17
47.75
58.45
63.23
62.96
59.63
55.29
51.26
48.05
45.83
44.82
45.43
48.18
52.79
57.70
60.12
56.54
43.76
19.98
-14.59
-58.15
-106.60
-155.08
-199.69
-238.56
-271.69
-300.17
-325.03
-346.70
-365.13
-380.17
-391.94
-400.58
-405.53
-405.25
-397.72
-381.66
-357.54
-327.74
-295.83
-265.33
-238.57
-216.12
-197.24
-180.66
-165.29
-150.63
-136.53
-122.87
-109.48
-96.17
-82.95
-70.07
-57.92
-46.95
-37.30
-28.79
-20.81
-12.62
-3.58
6.60
17.74
29.30
40.47
50.52
58.96
65.68
70.85
74.82
77.95
80.44
82.38
83.70
84.42
84.65
84.76
85.21
86.50
88.93
92.41
96.54
100.61
103.97
106.15
107.21
107.58
108.03
109.19
111.34
114.28
117.36
119.90
121.56
122.69
124.31
127.85
134.57
145.18
159.46
176.59
195.40
214.91
234.66
254.67
275.33
297.29
321.43
348.54
378.79
410.70
440.50
462.57
470.87
461.21
433.07
390.14
339.00
286.89
239.39
199.59
168.43
145.88
131.76
125.75
126.81
132.46
138.99
142.23
138.96
127.98
110.30
88.73
66.67
46.99
31.23
19.57
11.26
5.29
0.99
-1.71
-2.50
-1.08
2.44
7.17
11.79
14.92
15.66
13.70
9.28
2.80
-5.37
-14.83
-25.26
-36.37
-48.26
-61.58
-77.50
-97.24
-121.14
-148.04
-175.28
-199.60
-218.28
-230.17
-235.56
-235.24
-229.32
-216.41
-194.06
-159.87
-112.91
-54.41
11.97
80.48
144.11
195.66
228.93
240.09
228.62
197.43
151.95
98.49
42.64
-11.53
-61.34
-104.79
-139.78
-164.00
-175.48
-173.44
-159.13
-136.01
-109.16
-84.41
-66.93
-59.78
-62.92
-73.09
-84.94
-92.62
-91.73
-80.11
-58.10
-27.81
7.50
43.79
76.67
101.95
116.55
119.56
112.61
99.20
83.09
66.45
49.37
30.43
8.14
-17.48
-44.62
-70.00
-90.01
-101.39
-101.91
-90.58
-67.91
-36.19
0.56
37.27
68.84
90.99
100.81
96.92
79.46
50.38
13.49
-25.55
-60.26
-85.22
-97.68
-98.03
-88.72
-72.41
-50.71
-24.63
4.06
31.46
51.59
58.11
46.70
16.72
-28.59
-83.39
-141.01
-195.08
-239.93
-270.60
-283.12
-275.37
-248.38
-206.56
-156.66
-105.53
-58.05
-15.98
21.52
56.43
90.41
123.78
155.88
185.80
212.50
234.32
248.15
249.52
233.96
199.28
147.58
85.45
22.31
-32.75
-73.44
-97.39
-105.12
-98.51
-79.34
-49.07
-9.45
36.54
84.26
127.75
160.66
177.59
175.23
153.25
114.27
63.26
6.31
-50.98
-104.01
-149.48
-184.92
-208.46
-218.51
-214.22
-195.95
-165.46
-125.83
-81.00
-35.56
5.74
38.63
59.88
68.13
64.06
50.71
32.91
16.36
6.16
5.60
15.27
32.97
54.80
76.48
94.84
108.11
115.73
117.28
112.16
100.01
81.41
58.52
34.57
12.89
-4.96
-19.38
-32.00
-44.23
-56.12
-66.41
-73.57
-77.23
-78.41
-78.92
-80.02
-81.47
-81.81
-79.58
-74.49
-67.70
-61.27
-56.68
-53.78
-50.89
-45.60
-35.68
-19.89
1.97
29.20
59.71
90.05
115.36
130.67
132.59
120.73
97.94
69.27
40.11
14.30
-6.43
-22.04
-33.01
-39.47
-41.22
-38.76
-33.78
-28.92
-26.86
-28.68
-33.26
-37.73
-38.95
-35.27
-27.43
-17.97
-9.75
-4.53
-2.15
-1.12
0.04
1.90
3.68
3.99
1.69
-3.37
-10.39
-17.85
-24.25
-28.52
-29.98
-28.31
-23.45
-15.73
-5.92
4.57
14.29
22.06
27.47
31.10
34.15
37.66
41.78
45.29
46.02
41.75
31.22
14.84
-5.34
-26.37
-45.29
-59.83
-68.69
-71.40
-68.17
-59.69
-47.23
-32.70
-18.52
-7.07
-0.15
1.48
-1.77
-8.55
-16.89
-24.76
-30.37
-32.50
-30.70
-25.42
-17.92
-9.93
-3.16
1.13
2.62
2.05
1.06
1.55
4.98
11.69
20.67
29.82
36.58
39.04
36.69
30.54
22.59
14.95
9.21
6.03
5.25
6.06
7.36
8.36
8.56
7.79
6.24
4.41
2.84
1.72
0.65
-1.13
-3.27
-5.06
-6.17
-7.40
-10.80
-18.86
-33.13
-53.53
-77.88
-100.77
-117.21
-124.84
-125.06
-121.69
-118.55
-117.66
-118.85
-120.14
-115.35
-98.77
-67.53
-23.28
29.16
84.48
138.47
187.53
227.92
259.59
282.67
297.71
306.53
314.03
328.45
358.16
406.43
443.62
441.33
385.24
285.58
166.94
51.52
-48.81
-131.59
-200.65
-261.26
-312.90
-352.66
-378.02
-389.25
-389.64
-385.59
-379.77
-373.18
-365.48
-352.34
-329.56
-295.81
-253.83
-209.97
-171.36
-143.42
-129.32
-129.52
-139.85
-154.58
-171.36
-188.07
-203.50
-216.42
-224.66
-225.80
-217.62
-197.38
-163.36
-115.55
-55.83
11.64
80.97
145.44
198.04
232.94
247.33
241.70
219.47
186.19
148.10
111.48
82.07
64.51
61.97
75.63
104.06
142.81
185.30
223.61
250.44
261.03
254.45
234.21
207.53
183.03
167.55
164.19
171.25
183.44
194.49
199.55
196.48
185.98
170.62
153.53
137.79
125.55
117.27
111.22
103.52
89.13
64.03
27.57
-16.84
-62.48
-101.79
-128.89
-140.98
-138.43
-123.70
-100.31
-72.69
-46.61
-28.53
-23.92
-34.28
-55.06
-76.19
-85.44
-72.98
-35.55
21.91
88.06
148.70
191.22
208.39
200.19
174.05
142.61
119.44
113.76
126.67
149.90
169.28
171.07
147.79
101.23
40.80
-20.50
-70.68
-101.99
-111.83
-102.44
-80.28
-54.90
-36.78
-33.97
-48.39
-74.22
-100.19
-114.71
-111.79
-94.09
-71.75
-57.25
-59.71
-80.81
-115.08
-153.67
-188.31
-214.44
-232.15
-244.91
-256.81
-270.31
-284.37
-294.97
-296.79
-283.70
-251.20
-199.19
-133.53
-66.01
-11.52
17.67
15.89
-14.38
-60.79
-105.67
-132.86
-132.71
-104.24
-53.91
9.06
74.05
128.94
165.11
178.45
169.91
146.62
120.55
105.02
111.76
144.88
197.04
256.24
310.12
348.78
367.04
363.74
328.02
257.87
174.09
84.93
-9.28
-103.51
-190.21
-258.14
-294.19
-291.60
-254.30
-197.06
-139.10
-91.18
-54.09
-22.98
9.02
43.47
76.71
104.54
124.03
133.65
136.06
132.17
122.69
107.93
88.63
66.09
41.99
16.51
-13.39
-51.78
-102.67
-167.01
-240.27
-312.81
-373.11
-412.00
-424.73
-410.23
-368.74
-301.09
-208.29
-92.33
41.46
182.95
313.22
404.24
435.40
407.43
340.16
259.14
183.61
122.22
74.97
37.47
6.21
-18.58
-34.52
-40.41
-37.78
-30.21
-22.04
-16.93
-17.06
-22.03
-28.70
-33.19
-33.31
-29.46
-23.73
-18.62
-16.12
-17.18
-21.26
-26.25
-29.77
-30.52
-28.98
-26.52
-24.47
-23.89
-25.20
-28.18
-32.01
-35.82
-39.45
-43.82
-50.15
-59.37
-72.12
-88.31
-107.14
-127.00
-146.42
-162.90
-174.28
-178.67
-174.72
-161.98
-140.93
-113.04
-80.43
-45.52
-10.45
22.63
52.00
76.87
96.96
112.23
122.73
128.47
129.93
128.10
124.29
119.99
116.38
113.89
112.06
109.63
105.12
97.80
88.14
77.69
68.54
62.52
60.15
60.41
60.95
59.39
54.21
45.57
35.56
26.28
19.84
17.59
19.71
25.15
31.43
34.65
30.02
13.23
-17.33
-58.15
-100.79
-133.92
-147.74
-138.07
-108.23
-67.51
-27.01
4.71
24.56
34.22
37.56
37.78
35.83
31.03
22.77
11.85
0.48
-8.39
-12.89
-12.81
-9.49
-4.74
0.05
4.84
10.77
19.07
30.67
44.56
58.67
70.53
77.83
79.57
76.15
69.22
60.83
52.78
45.95
40.44
35.75
30.85
24.85
17.02
7.04
-4.94
-18.21
-31.61
-43.57
-52.27
-56.23
-54.74
-48.24
-38.29
-27.12
-16.77
-8.68
-3.20
0.35
3.13
6.35
10.89
17.14
24.83
32.72
38.35
38.61
30.88
14.72
-7.02
-28.49
-42.91
-45.69
-36.75
-20.79
-5.11
3.93
3.61
-4.65
-17.04
-29.77
-40.80
-49.78
-56.98
-62.20
-64.70
-64.01
-60.81
-56.84
-53.84
-52.31
-50.99
-47.07
-38.81
-26.80
-14.06
-4.67
-1.85
-6.22
-15.59
-25.90
-32.92
-33.67
-26.97
-13.53
4.57
24.07
41.26
52.62
55.67
49.71
36.15
18.54
1.48
-10.79
-16.15
-15.20
-10.75
-5.95
-2.45
0.37
4.66
12.05
21.98
31.22
35.37
31.13
18.22
-0.22
-19.17
-33.94
-42.11
-43.97
-41.86
-38.63
-36.11
-34.60
-32.75
-28.90
-22.24
-13.57
-4.98
1.36
4.47
5.24
5.45
6.78
9.36
11.80
11.98
8.30
0.47
-10.86
-24.62
-39.91
-55.66
-70.32
-81.61
-87.31
-86.40
-79.62
-69.26
-57.82
-46.86
-36.62
-26.74
-17.28
-9.17
-3.81
-1.83
-2.36
-2.97
-0.92
5.62
16.88
31.31
46.79
61.28
73.15
81.19
84.63
83.20
77.25
68.10
57.26
46.18
35.67
25.69
15.62
4.83
-6.81
-18.68
-29.19
-36.39
-38.66
-35.39
-27.41
-16.74
-5.83
3.28
9.60
13.17
14.40
13.52
10.13
3.65
-5.94
-17.56
-29.37
-39.59
-47.44
-53.57
-59.70
-67.80
-79.20
-94.04
-110.93
-127.76
-142.43
-153.75
-161.96
-168.49
-174.95
-182.50
-191.53
-201.56
-212.20
-223.49
-235.23
-246.08
-253.05
-252.41
-242.05
-223.28
-200.47
-178.68
-160.16
-142.65
-120.75
-89.45
-47.83
-0.29
45.41
82.50
108.23
124.97
138.21
152.78
170.78
190.80
209.76
224.89
235.61
243.36
250.72
260.15
271.67
283.15
290.94
292.04
285.51
273.19
258.52
244.78
233.78
224.96
216.25
205.25
190.92
173.94
156.29
140.17
127.09
117.91
112.09
108.61
106.12
103.63
100.78
97.40
93.52
89.04
84.87
81.27
78.10
75.23
72.92
72.20
74.26
80.14
90.02
104.98
124.23
145.14
164.46
179.87
190.82
198.08
203.06
206.92
213.44
224.53
239.50
256.05
271.94
285.94
297.31
305.27
308.56
309.19
307.17
299.04
279.66
244.91
193.77
127.69
49.93
-56.96
-191.66
-335.31
-461.98
-552.94
-603.04
-616.16
-599.95
-562.18
-510.33
-447.75
-378.58
-310.23
-248.48
-197.21
-155.83
-119.62
-81.66
-37.05
11.12
58.49
95.64
113.37
107.36
80.48
40.80
-2.40
-44.17
-81.86
-114.72
-144.18
-171.79
-196.50
-217.65
-235.79
-252.26
-270.04
-288.72
-297.66
-289.30
-258.97
-206.29
-137.94
-64.23
11.65
86.16
157.41
224.40
284.78
335.65
374.49
395.31
393.13
365.85
309.85
223.02
99.76
-55.28
-228.70
-401.84
-561.07
-696.11
-781.91
-799.06
-742.41
-625.64
-473.02
-319.86
-166.33
-9.84
149.71
311.31
464.21
597.09
702.84
760.62
759.18
702.79
604.68
483.61
356.99
234.21
120.16
17.22
-72.78
-146.62
-201.78
-239.06
-260.39
-268.36
-267.71
-262.65
-256.16
-249.00
-237.70
-212.31
-168.95
-108.34
-35.68
38.74
103.90
150.84
174.87
177.50
164.28
141.42
114.39
86.36
56.23
23.34
-11.61
-46.66
-79.28
-107.06
-127.45
-138.27
-139.62
-136.67
-133.65
-132.79
-133.23
-132.73
-127.15
-109.03
-70.17
-6.50
77.63
176.46
283.25
392.07
494.07
567.09
588.84
549.99
478.19
386.29
279.09
154.05
17.70
-122.28
-256.48
-372.11
-456.22
-502.18
-514.43
-501.48
-474.24
-441.21
-412.13
-393.10
-383.77
-366.92
-331.28
-276.75
-210.55
-155.11
-112.10
-77.92
-47.19
-9.86
39.75
101.75
170.71
239.12
298.45
342.79
365.37
362.34
335.09
287.85
224.21
146.18
56.23
-41.61
-139.18
-228.31
-300.85
-349.56
-370.02
-361.33
-325.19
-264.50
-183.45
-87.12
15.76
114.48
198.84
260.84
296.11
304.61
289.81
257.76
216.38
173.33
135.55
108.43
94.62
93.77
103.17
119.24
139.10
161.18
184.59
208.57
232.18
253.54
269.75
276.81
270.92
250.17
215.79
172.95
130.10
96.87
80.82
85.26
107.87
142.35
180.72
214.04
234.68
237.82
221.56
185.56
131.35
60.82
-22.08
-111.50
-203.32
-293.37
-376.30
-445.87
-497.68
-529.15
-543.15
-543.78
-534.19
-519.90
-503.26
-480.44
-442.86
-383.84
-301.96
-208.11
-118.40
-49.05
-18.27
-37.64
-106.95
-215.17
-347.08
-486.20
-623.75
-752.26
-827.49
-815.27
-714.73
-560.18
-392.25
-253.55
-134.04
-22.17
89.53
204.64
317.22
417.10
499.67
568.03
628.27
685.63
737.89
781.80
813.63
826.93
818.03
788.62
743.73
686.49
615.42
523.81
408.19
269.86
114.60
-45.97
-196.29
-321.14
-399.07
-431.22
-434.15
-415.60
-383.34
-345.79
-311.34
-286.68
-275.30
-276.69
-288.08
-303.80
-316.82
-323.76
-324.93
-322.73
-318.94
-312.91
-301.71
-282.87
-253.63
-211.77
-158.10
-94.70
-23.92
51.73
129.40
205.33
274.33
332.41
377.17
406.57
419.89
418.02
403.25
378.96
349.25
318.11
289.73
267.84
254.21
248.96
250.95
258.11
267.95
277.82
285.00
287.12
282.93
272.30
257.06
240.64
226.89
218.77
217.28
221.05
227.23
233.08
237.06
239.15
240.29
241.27
242.53
244.60
247.94
252.60
257.33
258.86
252.50
233.90
201.02
155.56
102.73
48.96
-0.84
-44.99
-85.23
-125.14
-167.87
-214.76
-264.81
-315.36
-363.11
-405.09
-439.27
-465.02
-483.09
-495.53
-505.36
-515.78
-528.59
-543.91
-560.00
-573.19
-578.68
-571.63
-548.92
-510.68
-460.31
-402.18
-341.04
-281.57
-227.79
-182.85
-148.76
-127.14
-120.13
-129.84
-155.19
-191.61
-232.02
-267.38
-287.74
-283.92
-250.33
-187.43
-101.81
-1.75
104.74
210.45
310.11
401.13
483.56
558.97
629.02
676.55
684.74
651.45
591.55
524.12
460.29
402.35
348.06
295.10
242.44
192.16
148.57
110.03
72.22
29.52
-22.50
-84.04
-149.92
-201.67
-223.38
-207.08
-155.45
-79.34
7.34
91.10
161.34
218.90
265.02
299.42
320.75
327.12
317.45
292.10
249.42
189.60
115.40
34.15
-45.67
-116.32
-171.88
-208.13
-222.86
-221.84
-211.83
-196.63
-177.53
-156.61
-137.93
-126.74
-127.49
-143.00
-181.73
-248.50
-340.10
-446.41
-556.54
-662.79
-760.88
-848.45
-873.46
-805.58
-654.62
-464.78
-280.27
-124.31
-1.57
92.13
163.32
217.95
252.73
265.08
258.12
240.88
222.81
209.65
203.21
202.95
207.49
209.12
201.96
185.54
164.85
145.88
132.11
124.21
121.23
121.46
119.65
111.97
98.32
82.33
68.45
59.41
56.13
58.25
64.73
72.80
80.36
87.11
94.29
103.35
113.94
124.15
131.19
132.28
124.86
108.12
83.45
53.62
23.04
-5.11
-29.14
-48.71
-64.39
-77.20
-88.27
-98.64
-108.50
-116.73
-120.74
-116.90
-102.17
-76.29
-42.84
-8.32
20.25
38.45
45.91
45.95
43.19
41.03
39.59
36.53
29.06
16.12
-1.18
-20.15
-38.10
-53.72
-66.87
-77.74
-85.83
-89.65
-88.05
-81.15
-70.13
-56.12
-38.86
-16.02
14.65
53.32
96.38
136.87
166.88
181.12
178.93
162.38
138.19
111.14
83.39
55.06
26.09
-2.61
-28.85
-50.23
-65.59
-74.82
-79.58
-81.81
-82.64
-82.04
-79.10
-72.69
-61.97
-47.47
-30.60
-13.97
-0.09
9.29
13.65
13.63
10.70
6.89
3.36
1.01
0.01
0.35
2.15
5.65
11.38
19.98
32.20
47.54
65.01
83.03
99.64
113.25
122.45
126.47
123.35
115.45
104.54
91.75
77.72
62.55
46.45
29.56
12.38
-3.81
-16.98
-25.59
-28.79
-26.57
-20.28
-11.50
-1.89
7.10
14.76
20.76
24.56
25.93
25.25
23.07
20.44
17.67
13.64
6.37
-6.32
-24.88
-46.92
-67.97
-83.91
-92.50
-94.40
-92.91
-92.07
-95.07
-102.67
-113.43
-122.38
-127.95
-129.80
-127.82
-121.80
-111.20
-95.90
-76.07
-52.45
-26.67
-0.62
24.35
47.83
70.03
91.80
113.34
134.08
152.15
164.40
167.08
157.24
134.99
102.72
68.94
42.14
28.10
27.37
35.43
44.62
46.71
36.45
12.34
-24.26
-69.93
-119.16
-165.18
-200.85
-216.47
-211.05
-187.76
-152.88
-113.73
-76.49
-44.34
-18.22
2.56
19.65
33.63
46.28
59.64
75.28
93.58
114.08
134.58
151.98
163.85
167.60
162.64
149.70
130.57
106.73
81.23
56.02
32.01
10.25
-9.34
-26.79
-42.39
-56.67
-70.08
-83.30
-97.23
-114.05
-132.32
-150.92
-167.92
-181.17
-188.53
-188.12
-178.81
-158.04
-128.88
-93.26
-53.50
-11.79
29.87
69.61
105.81
137.12
162.52
180.30
190.02
191.51
184.84
170.69
150.17
124.53
96.54
68.37
41.33
17.06
-3.27
-19.66
-32.70
-43.37
-52.60
-61.32
-70.36
-80.37
-92.03
-103.45
-113.17
-119.62
-121.32
-116.90
-105.46
-86.85
-61.80
-31.53
2.17
36.68
69.23
97.08
118.02
130.56
134.06
128.66
115.29
95.81
72.59
48.24
24.77
3.62
-14.09
-27.64
-36.94
-42.46
-44.89
-45.43
-45.13
-45.44
-47.73
-52.85
-61.08
-72.31
-85.86
-100.73
-117.41
-133.66
-147.52
-156.82
-159.00
-151.60
-132.82
-102.13
-60.90
-12.46
38.63
86.97
127.54
156.85
173.34
177.04
169.06
151.07
124.66
91.56
54.74
16.80
-20.18
-54.59
-85.07
-109.69
-125.54
-129.25
-118.27
-93.09
-58.14
-20.81
11.22
32.45
41.56
40.93
34.83
27.11
19.58
12.16
4.01
-5.10
-14.85
-24.77
-34.94
-46.30
-59.91
-76.13
-94.06
-111.87
-125.81
-132.48
-129.74
-117.18
-96.00
-68.44
-36.87
-3.24
30.29
62.43
91.88
117.21
136.94
150.14
156.59
157.07
153.07
146.26
138.50
131.35
126.18
123.79
123.61
122.98
117.40
102.60
75.75
38.46
-3.42
-41.94
-70.20
-85.05
-88.20
-84.23
-78.21
-73.44
-70.61
-68.62
-66.64
-65.13
-65.40
-67.96
-70.66
-68.69
-56.29
-29.70
10.68
59.60
108.69
149.97
177.44
189.21
186.54
172.28
148.94
118.55
83.09
45.38
9.60
-19.99
-40.72
-52.68
-58.95
-64.22
-72.25
-83.62
-94.77
-99.05
-90.21
-65.40
-27.40
15.74
52.95
75.01
77.52
61.56
32.57
-3.11
-40.25
-75.69
-107.71
-135.26
-156.07
-167.36
-167.43
-156.18
-135.81
-109.82
-81.62
-53.56
-27.15
-2.09
21.98
44.71
65.04
80.96
90.72
93.47
89.84
81.94
73.35
67.77
67.32
71.78
77.39
78.50
69.90
49.66
20.36
-11.35
-37.53
-51.55
-50.01
-33.09
-3.61
33.84
73.64
109.63
135.99
148.41
144.33
126.52
99.68
69.33
40.16
15.01
-4.46
-17.63
-24.92
-27.49
-27.22
-27.21
-30.30
-38.09
-50.58
-65.93
-81.49
-94.80
-104.49
-109.98
-111.85
-110.57
-106.14
-97.82
-84.57
-66.01
-42.80
-16.47
10.83
36.91
59.38
75.37
81.57
75.44
56.44
27.42
-5.90
-36.93
-60.38
-73.98
-78.66
-77.37
-72.71
-66.03
-57.18
-45.77
-32.01
-17.35
-4.02
6.26
13.21
18.88
26.58
39.80
59.73
84.00
106.97
120.96
120.95
105.39
77.53
43.23
8.71
-21.91
-47.20
-67.89
-84.61
-96.83
-103.51
-103.36
-96.48
-84.10
-68.40
-51.63
-35.37
-19.77
-3.83
13.56
33.25
54.71
76.53
96.70
112.92
123.56
127.81
125.73
116.65
102.39
83.82
61.62
36.47
8.95
-19.98
-49.05
-76.84
-101.67
-121.97
-136.63
-144.31
-143.64
-133.68
-113.94
-84.82
-47.90
-5.65
38.53
80.71
117.50
146.27
165.56
175.01
175.16
165.05
147.25
123.58
95.62
65.25
34.66
6.23
-17.81
-35.82
-47.16
-51.98
-51.89
-48.62
-43.49
-37.29
-30.04
-21.41
-11.03
0.99
13.64
24.74
31.72
32.26
25.12
10.68
-8.76
-29.19
-45.42
-52.64
-47.67
-30.34
-4.00
25.11
49.60
63.47
64.05
52.74
33.50
11.33
-10.00
-29.12
-46.41
-62.93
-78.83
-93.16
-102.07
-105.02
-102.93
-97.75
-91.45
-84.48
-76.06
-64.37
-48.13
-27.56
-5.52
14.19
28.43
35.75
37.67
36.18
32.98
27.75
18.29
1.11
-25.76
-60.63
-97.94
-127.46
-142.06
-138.26
-117.42
-84.21
-45.04
-5.75
29.34
57.23
77.37
89.61
96.03
100.28
106.63
117.21
128.77
136.30
133.20
114.81
80.97
38.75
-4.13
-39.18
-60.63
-67.93
-67.11
-65.16
-67.52
-76.55
-91.01
-107.31
-120.19
-124.50
-117.11
-97.24
-67.53
-34.21
-5.64
10.11
8.05
-11.62
-43.85
-80.57
-112.66
-132.08
-133.29
-111.15
-65.98
-3.66
65.73
129.81
176.96
200.15
198.99
179.51
152.00
127.13
113.21
114.26
129.40
153.18
177.34
192.48
190.30
166.44
122.31
66.26
11.59
-28.82
-48.13
-48.78
-41.40
-39.61
-53.20
-83.65
-123.72
-161.22
-185.22
-190.09
-176.24
-148.85
-115.65
-84.87
-63.84
-57.60
-67.97
-94.06
-131.60
-172.26
-204.61
-216.81
-199.98
-151.05
-73.79
21.96
121.36
209.54
276.99
321.73
347.90
362.16
370.12
374.55
374.69
365.45
340.20
295.06
230.35
149.58
57.57
-41.03
-143.66
-235.66
-300.18
-329.44
-326.33
-298.84
-255.66
-204.76
-153.10
-105.53
-65.62
-33.56
-9.50
9.05
27.81
53.12
89.10
129.41
166.00
190.14
194.85
177.44
141.55
95.59
48.08
4.92
-31.19
-58.46
-77.23
-87.85
-92.15
-93.20
-94.73
-100.96
-114.30
-130.50
-142.57
-142.17
-123.98
-89.61
-49.55
-11.74
17.61
36.70
49.16
62.10
82.31
112.99
152.36
195.56
233.65
258.25
263.40
246.86
209.86
156.36
92.12
23.85
-41.60
-97.75
-139.88
-165.78
-175.91
-173.20
-161.89
-146.64
-131.53
-119.69
-112.80
-111.04
-112.97
-115.48
-114.50
-106.12
-88.22
-61.76
-31.38
-4.17
12.58
13.97
-0.57
-27.27
-59.57
-90.55
-114.94
-130.00
-134.79
-128.78
-111.39
-82.18
-42.13
5.31
54.31
98.13
131.14
150.30
155.39
147.88
129.54
101.71
65.45
22.32
-25.16
-73.79
-120.72
-164.20
-203.62
-238.43
-266.93
-285.71
-290.34
-277.23
-245.61
-198.59
-142.56
-85.33
-33.64
8.42
39.80
61.79
76.71
86.99
94.69
101.57
109.07
118.28
129.76
143.45
158.85
175.03
190.74
204.23
213.22
215.14
207.88
190.69
164.75
133.10
99.84
69.17
44.41
27.49
18.73
16.99
19.98
24.88
28.99
30.31
27.87
21.67
12.35
0.91
-11.48
-23.42
-33.36
-39.87
-42.24
-40.94
-37.63
-34.66
-34.12
-37.12
-43.40
-51.47
-59.24
-64.74
-66.78
-65.14
-60.35
-52.82
-42.19
-27.16
-6.10
21.81
55.36
90.91
123.26
147.49
160.84
163.48
157.91
147.39
134.45
120.20
104.71
87.77
69.58
50.82
32.34
14.73
-1.69
-16.78
-30.54
-43.20
-55.42
-68.18
-82.21
-97.39
-112.41
-125.10
-133.18
-135.19
-130.74
-120.45
-105.53
-87.47
-67.97
-48.87
-31.95
-18.57
-9.08
-2.75
1.90
6.21
10.83
15.55
19.85
23.62
27.58
32.96
40.70
50.49
60.31
67.03
67.65
60.70
46.88
28.53
8.34
-11.89
-31.60
-50.93
-69.48
-85.66
-96.91
-100.75
-95.93
-83.17
-64.87
-44.20
-23.93
-5.86
9.23
21.10
29.51
34.01
34.11
29.67
21.24
10.12
-1.85
-12.85
-21.55
-27.40
-30.57
-31.54
-30.63
-27.77
-22.64
-15.05
-5.41
5.08
14.59
21.16
23.28
20.32
12.76
2.09
-9.47
-19.48
-25.76
-27.10
-23.51
-16.27
-7.43
0.84
6.90
9.86
9.41
5.41
-2.32
-13.85
-28.73
-45.63
-62.18
-75.43
-82.78
-82.93
-76.51
-65.99
-54.65
-45.32
-39.20
-35.63
-32.56
-27.77
-19.91
-9.10
3.28
15.36
25.64
33.40
38.72
42.02
43.87
44.78
45.34
46.23
48.19
51.86
57.55
64.92
72.81
79.33
82.51
81.15
75.64
68.18
61.83
59.17
60.82
64.92
67.84
65.84
56.83
41.13
21.22
0.43
-18.23
-32.61
-41.35
-43.58
-38.83
-27.40
-10.86
7.98
25.78
39.80
48.87
53.68
56.09
58.00
60.18
61.89
61.49
57.44
49.37
38.35
26.41
15.62
7.17
1.17
-3.08
-6.39
-9.17
-11.26
-12.24
-11.80
-10.11
-7.78
-5.75
-4.96
-6.07
-9.28
-14.21
-19.95
-25.31
-29.24
-31.08
-30.68
-28.43
-24.96
-21.16
-18.01
-16.68
-18.41
-24.17
-33.97
-46.56
-59.35
-68.88
-71.75
-65.43
-48.95
-23.13
9.39
44.38
76.64
100.84
112.90
111.08
96.70
73.68
47.31
22.46
2.23
-12.40
-22.06
-27.91
-30.87
-31.30
-29.24
-24.99
-19.55
-14.53
-11.69
-12.17
-15.98
-21.99
-28.36
-33.24
-35.48
-34.88
-32.12
-28.34
-24.59
-21.41
-18.66
-15.75
-12.05
-7.30
-1.93
3.10
6.69
8.17
7.65
5.90
3.87
2.04
0.14
-2.60
-6.89
-12.78
-19.44
-25.42
-29.27
-30.02
-27.48
-22.19
-15.09
-7.26
0.26
6.63
11.27
13.96
14.91
14.88
14.96
16.25
19.40
24.20
29.58
33.88
35.46
33.45
28.19
21.34
15.39
12.93
15.71
24.10
36.96
51.88
65.98
76.74
82.41
82.18
75.90
63.89
46.96
26.62
5.28
-13.96
-27.95
-34.44
-32.75
-23.82
-9.94
6.12
21.78
35.01
44.46
49.42
49.88
46.58
40.88
34.33
28.18
22.96
18.40
13.61
7.41
-1.34
-13.51
-29.27
-47.98
-68.05
-87.19
-102.93
-113.23
-116.87
-113.66
-104.25
-89.79
-71.51
-50.45
-27.43
-3.15
21.64
45.82
67.92
86.21
99.10
105.62
105.61
99.77
89.08
74.54
56.89
36.90
15.60
-5.46
-24.55
-40.37
-52.48
-61.62
-69.19
-76.45
-83.89
-91.01
-96.70
-99.90
-100.16
-97.79
-93.74
-89.05
-84.50
-80.67
-78.02
-77.00
-77.92
-80.63
-84.17
-86.96
-87.24
-83.77
-76.52
-66.66
-55.92
-45.67
-36.31
-27.03
-16.55
-3.93
10.74
26.13
40.22
51.06
57.49
59.46
57.75
53.45
47.43
40.11
31.67
22.47
13.36
5.85
1.90
3.52
12.10
27.96
50.02
75.84
102.03
124.74
140.53
147.16
144.03
132.22
114.02
92.11
68.79
45.70
23.83
3.99
-12.90
-25.64
-33.13
-34.84
-31.23
-23.88
-15.01
-6.89
-1.14
1.73
2.15
1.11
-0.59
-2.64
-5.24
-8.66
-12.84
-17.24
-21.00
-23.34
-23.82
-22.44
-19.45
-15.21
-10.04
-4.41
0.99
5.20
7.22
6.35
2.60
-3.21
-9.61
-15.01
-18.25
-19.04
-18.00
-16.38
-15.35
-15.48
-16.51
-17.53
-17.49
-15.52
-11.22
-4.64
3.70
12.86
21.37
27.56
30.02
28.30
23.30
17.17
12.43
10.97
13.17
17.83
22.76
25.74
25.41
21.53
14.70
5.77
-4.51
-15.56
-26.58
-36.19
-42.60
-44.30
-40.89
-33.66
-25.35
-19.11
-17.14
-19.77
-25.16
-30.15
-31.59
-27.74
-18.82
-6.92
5.11
14.66
20.28
21.87
20.35
16.91
12.35
6.87
0.19
-7.84
-16.81
-25.63
-32.87
-37.36
-38.72
-37.34
-34.06
-29.67
-24.66
-19.24
-13.69
-8.57
-4.56
-2.12
-1.07
-0.71
-0.27
0.49
1.02
0.21
-2.86
-8.27
-15.11
-21.78
-26.74
-28.99
-28.28
-24.86
-19.09
-11.14
-0.93
11.60
26.14
41.68
56.64
69.17
77.73
81.53
80.72
76.14
68.99
60.31
50.70
40.18
28.38
14.89
-0.18
-15.83
-30.02
-40.03
-43.39
-38.84
-27.11
-10.80
6.30
20.46
29.03
30.89
26.21
15.95
1.43
-15.87
-34.24
-51.75
-66.31
-76.19
-80.44
-79.20
-73.52
-64.89
-54.61
-43.32
-30.98
-17.31
-2.24
13.58
28.71
41.17
49.12
51.42
48.04
39.99
28.86
16.28
3.65
-7.90
-17.33
-23.76
-26.68
-26.23
-23.34
-19.46
-15.94
-13.53
-12.11
-11.03
-9.58
-7.53
-5.19
-2.98
-1.03
1.13
4.44
10.15
19.54
33.57
52.51
75.46
100.14
123.17
140.92
150.64
151.33
143.82
130.26
113.02
93.97
74.23
54.53
35.56
18.12
2.77
-10.55
-22.52
-34.10
-45.85
-57.50
-67.97
-75.71
-79.22
-77.56
-70.56
-59.07
-44.87
-30.51
-18.66
-11.38
-9.43
-12.11
-17.83
-25.01
-32.81
-41.28
-50.75
-60.95
-70.62
-77.80
-80.69
-78.58
-72.13
-62.99
-52.99
-43.33
-34.44
-26.32
-19.12
-13.38
-9.84
-8.76
-9.38
-10.09
-9.19
-5.92
-0.93
4.06
7.29
7.97
6.74
5.27
5.19
7.25
11.15
16.02
21.05
25.81
29.96
32.79
33.11
29.66
21.80
10.26
-2.99
-15.35
-24.68
-30.03
-31.72
-30.88
-28.72
-25.98
-22.85
-19.34
-15.61
-12.12
-9.48
-8.20
-8.41
-9.85
-12.11
-14.95
-18.44
-22.81
-28.15
-34.27
-40.79
-47.43
-54.14
-61.09
-68.49
-76.25
-83.92
-90.64
-95.69
-98.57
-99.37
-98.48
-96.54
-94.08
-91.25
-87.42
-81.13
-70.46
-53.85
-30.86
-2.42
29.59
63.20
97.08
130.72
163.84
195.65
224.23
247.11
261.80
266.26
258.85
238.06
202.90
153.81
93.81
28.90
-33.03
-84.62
-121.37
-142.58
-150.55
-148.75
-139.76
-124.69
-103.90
-78.45
-51.28
-26.75
-9.03
-0.32
0.01
-5.14
-11.76
-16.42
-16.95
-13.12
-5.81
4.22
16.79
32.39
51.39
73.40
96.90
119.67
138.45
150.02
152.92
147.91
137.48
124.05
109.01
92.50
75.30
58.37
43.84
35.75
38.70
55.09
83.17
117.28
150.09
176.62
192.63
195.23
184.44
163.91
140.20
120.96
113.47
122.23
149.21
188.16
225.63
245.73
235.76
189.62
108.38
0.12
-131.93
-264.92
-369.17
-425.17
-433.26
-406.91
-361.56
-309.30
-257.32
-210.70
-169.54
-134.49
-103.43
-72.83
-37.63
6.44
59.24
116.72
163.00
187.20
183.32
153.08
105.04
51.43
5.93
-31.53
-60.37
-87.44
-117.88
-155.70
-201.17
-245.96
-279.20
-291.41
-279.33
-245.65
-199.08
-148.25
-100.64
-60.26
-28.90
-4.00
17.36
38.42
63.30
94.10
130.89
165.68
190.93
200.17
191.34
167.11
133.54
97.72
64.41
36.05
12.56
-6.24
-23.31
-41.67
-63.75
-89.11
-112.71
-126.33
-122.01
-96.37
-52.03
1.69
53.51
95.03
123.81
142.68
155.95
165.80
166.55
153.33
122.53
74.50
14.28
-49.41
-106.37
-147.07
-164.08
-153.25
-113.52
-48.93
32.01
117.77
196.35
257.44
294.16
303.39
285.14
242.55
180.59
106.35
28.85
-41.88
-97.44
-133.24
-149.55
-150.62
-142.37
-130.72
-119.92
-111.99
-106.70
-103.23
-101.56
-103.19
-110.44
-124.94
-146.89
-174.26
-202.79
-226.70
-241.70
-247.04
-246.08
-243.62
-242.47
-242.16
-238.81
-226.87
-201.11
-159.49
-103.62
-37.80
34.29
111.27
192.41
273.72
342.18
383.92
393.78
378.04
347.40
311.25
274.82
237.90
197.97
153.68
109.00
67.66
34.27
10.81
-3.63
-12.64
-22.73
-39.90
-67.10
-103.19
-145.16
-185.69
-220.70
-248.46
-260.15
-251.58
-224.10
-183.89
-138.64
-95.14
-58.52
-33.62
-23.37
-27.36
-42.80
-63.96
-83.39
-94.94
-95.62
-85.70
-68.33
-47.01
-24.44
-3.65
12.85
24.14
31.68
38.52
48.99
66.93
94.17
128.86
164.89
191.09
201.13
193.79
173.00
145.83
119.02
96.57
79.21
65.32
53.32
43.58
37.26
35.30
37.42
41.94
46.39
48.49
47.23
43.18
38.49
35.08
33.90
34.62
36.15
36.96
35.52
30.51
20.85
6.20
-13.09
-35.29
-58.12
-78.56
-93.93
-102.76
-104.99
-101.49
-93.35
-81.67
-67.53
-52.26
-37.58
-25.43
-17.40
-14.26
-15.43
-18.95
-22.22
-22.57
-18.43
-9.84
1.38
12.16
19.39
21.42
18.66
13.45
8.84
6.88
7.98
10.94
13.76
14.90
13.97
11.51
8.49
5.57
2.65
-1.17
-7.23
-16.94
-31.26
-50.21
-72.08
-93.87
-111.66
-121.70
-121.45
-110.33
-89.78
-62.51
-31.55
0.51
31.74
60.74
86.10
106.43
120.35
126.92
126.09
118.73
106.24
90.13
71.63
51.53
30.66
10.17
-8.15
-22.01
-29.11
-27.78
-17.49
0.95
25.64
54.03
83.49
111.61
136.36
156.14
169.82
176.81
177.02
170.89
159.26
143.24
124.06
102.71
80.02
56.84
34.22
13.51
-3.67
-15.74
-21.63
-21.20
-16.08
-8.90
-2.59
0.39
-1.67
-9.54
-23.01
-40.84
-60.88
-81.62
-101.51
-119.07
-133.01
-142.51
-147.37
-147.66
-143.41
-134.56
-123.10
-111.37
-101.11
-92.67
-85.40
-78.49
-71.67
-65.51
-61.27
-62.86
-73.54
-94.31
-123.22
-156.62
-191.05
-224.36
-256.04
-272.39
-264.10
-230.11
-179.68
-125.98
-78.52
-40.83
-11.73
11.76
32.82
51.28
66.17
77.31
86.17
95.00
105.46
118.33
133.47
151.23
170.31
189.95
210.23
230.88
249.78
262.89
266.56
259.03
241.25
214.69
180.89
140.24
91.85
34.33
-33.10
-104.08
-165.66
-203.97
-212.54
-195.00
-161.95
-124.88
-91.04
-62.56
-37.28
-13.09
9.81
29.09
43.09
52.56
60.34
69.80
82.30
97.74
112.08
118.62
111.34
88.42
53.21
12.41
-26.29
-57.45
-77.73
-87.60
-91.05
-92.89
-95.94
-100.80
-106.93
-106.64
-95.44
-69.31
-27.72
23.45
72.59
106.01
111.89
83.75
23.24
-60.86
-148.11
-210.64
-230.94
-213.67
-176.45
-134.67
-95.48
-59.78
-27.06
2.63
27.16
43.30
50.07
51.04
52.39
59.22
73.06
91.55
110.46
124.44
128.91
122.30
107.24
88.54
70.07
52.09
34.14
14.01
-11.05
-42.34
-77.31
-108.96
-127.84
-126.19
-101.70
-59.58
-11.98
25.82
40.56
26.76
-10.26
-57.10
-97.23
-116.75
-109.44
-78.67
-35.43
5.80
32.33
37.05
20.55
-10.03
-43.62
-69.41
-79.90
-72.79
-51.10
-21.28
5.25
20.16
20.85
10.05
-7.89
-29.53
-51.80
-74.84
-96.94
-114.95
-125.13
-125.55
-116.98
-103.45
-90.37
-82.19
-80.77
-84.15
-87.75
-85.27
-75.54
-58.38
-36.28
-13.13
7.76
25.16
40.73
57.64
79.14
106.43
138.55
172.15
203.06
227.83
244.31
251.70
249.63
238.02
217.26
189.48
157.96
126.21
96.26
67.34
36.41
0.44
-40.70
-82.30
-115.29
-130.28
-122.67
-96.08
-62.28
-36.71
-31.72
-50.94
-87.55
-127.05
-153.71
-156.88
-134.23
-91.14
-37.16
18.03
66.89
104.38
127.28
133.94
124.94
104.11
78.42
56.20
44.21
45.33
58.14
78.40
101.67
125.32
148.67
171.41
191.52
204.09
202.23
179.76
134.64
71.09
-0.79
-67.84
-118.33
-145.75
-150.34
-137.76
-115.91
-91.71
-69.05
-48.79
-29.59
-9.31
13.84
40.32
68.29
93.24
108.82
108.96
90.71
56.31
13.01
-29.55
-62.84
-82.00
-86.16
-77.31
-58.82
-34.66
-9.58
11.01
22.11
21.32
10.18
-5.81
-19.66
-26.12
-24.07
-16.41
-7.92
-2.41
-0.70
-0.75
0.85
6.89
18.29
33.97
51.50
67.84
79.93
85.09
81.31
67.66
44.49
13.44
-22.81
-61.06
-98.20
-131.45
-158.62
-178.18
-188.98
-190.24
-181.65
-163.62
-137.79
-107.15
-75.74
-47.72
-25.92
-10.94
-0.93
7.21
16.16
26.79
37.93
47.40
53.49
55.88
55.31
52.75
48.61
42.70
34.93
26.20
18.44
13.92
14.05
18.59
25.74
33.15
39.16
43.38
46.51
49.52
52.83
56.15
58.82
60.39
60.92
60.64
59.48
56.79
51.58
43.25
32.30
20.53
10.52
4.68
4.24
8.71
16.02
23.30
27.89
28.35
24.88
19.17
13.54
9.92
9.00
10.13
11.97
13.46
14.61
16.48
20.48
27.42
36.80
46.87
55.20
59.48
57.98
49.88
35.19
14.98
-8.58
-32.37
-52.83
-67.07
-73.83
-74.04
-70.21
-65.37
-61.68
-59.77
-59.02
-58.33
-56.98
-54.91
-52.51
-50.09
-47.44
-43.98
-39.13
-32.85
-25.86
-19.44
-14.87
-12.92
-13.47
-15.49
-17.48
-17.97
-16.04
-11.61
-5.29
1.96
9.26
15.91
21.37
25.06
26.29
24.59
20.17
14.30
9.20
7.49
11.18
20.74
34.61
49.47
61.34
66.93
64.87
56.22
43.94
31.57
21.74
15.29
11.27
7.90
3.72
-1.56
-7.08
-11.54
-14.03
-14.57
-13.97
-13.33
-13.50
-14.86
-17.42
-21.10
-25.85
-31.67
-38.43
-45.74
-52.95
-59.18
-63.47
-64.85
-62.46
-55.71
-44.49
-29.30
-11.35
7.64
25.75
41.23
52.84
60.03
62.84
61.84
57.89
52.02
45.31
38.81
33.46
29.93
28.49
28.90
30.41
31.93
32.19
30.18
25.41
18.06
8.92
-0.88
-10.20
-18.29
-25.06
-30.95
-36.73
-43.10
-50.31
-57.94
-65.00
-70.20
-72.27
-70.44
-64.61
-55.54
-44.87
-34.95
-28.36
-27.11
-31.94
-41.69
-53.52
-63.84
-69.67
-69.72
-64.70
-56.66
-47.71
-39.12
-30.99
-22.75
-14.01
-4.72
5.06
15.73
28.26
43.65
62.03
82.04
101.11
116.47
126.31
130.41
129.78
125.82
119.42
110.76
99.75
86.54
71.94
57.17
43.37
31.17
20.62
11.31
2.76
-5.37
-13.17
-20.62
-27.61
-34.13
-40.38
-46.66
-53.34
-60.50
-67.76
-74.16
-78.25
-78.58
-74.15
-64.77
-51.15
-34.76
-17.37
-0.73
13.73
25.01
32.68
36.93
38.67
39.41
40.89
44.51
50.70
58.59
66.10
70.39
68.70
59.23
41.96
18.89
-6.06
-28.16
-43.24
-49.22
-46.93
-39.76
-32.26
-28.15
-28.98
-33.67
-39.50
-43.64
-44.54
-42.38
-38.59
-34.85
-32.14
-30.42
-28.83
-26.21
-21.76
-15.23
-7.04
1.96
10.71
18.22
23.80
27.30
28.94
29.08
28.14
26.60
24.94
23.66
23.17
23.64
25.01
26.83
28.18
27.98
25.36
20.05
12.40
3.25
-6.51
-15.90
-24.47
-32.39
-40.15
-47.98
-55.49
-61.88
-66.45
-69.21
-69.96
-69.30
-68.54
-69.00
-70.96
-73.28
-74.07
-71.73
-65.85
-55.34
-40.80
-25.16
-12.93
-8.14
-12.42
-24.81
-42.33
-60.98
-73.57
-75.06
-65.06
-47.77
-28.63
-11.06
4.69
21.03
41.50
73.88
123.71
191.41
272.11
358.29
442.21
517.17
578.50
595.63
551.97
454.41
329.07
201.52
84.73
-17.50
-102.47
-165.56
-202.64
-210.36
-193.18
-163.67
-136.28
-120.68
-118.84
-126.74
-138.60
-150.14
-156.12
-153.52
-142.58
-126.10
-107.85
-90.91
-78.14
-71.64
-72.16
-76.41
-79.93
-79.13
-72.09
-58.11
-37.77
-12.22
16.81
46.82
75.81
101.16
119.78
128.73
126.33
111.53
84.56
47.16
2.33
-45.60
-92.53
-135.42
-172.78
-198.97
-209.33
-202.58
-181.66
-151.79
-117.28
-81.37
-46.90
-16.09
9.81
30.34
45.88
59.41
73.44
88.87
104.35
118.03
129.45
138.93
145.14
144.64
132.76
103.48
53.73
-15.65
-98.82
-180.67
-240.98
-265.51
-253.89
-217.70
-172.02
-127.83
-90.14
-59.03
-32.07
-7.70
12.82
27.09
33.51
31.49
23.30
11.46
-1.69
-13.92
-24.25
-34.13
-45.81
-60.57
-77.86
-95.90
-112.74
-127.91
-142.21
-153.05
-160.41
-163.14
-156.75
-134.49
-91.58
-28.90
44.56
115.87
173.50
210.74
228.14
233.02
235.23
241.17
252.19
264.11
272.31
274.34
268.00
249.54
214.91
161.07
86.07
-6.97
-111.75
-218.01
-308.70
-362.27
-368.63
-335.56
-280.84
-229.78
-187.02
-153.55
-128.75
-110.85
-96.94
-83.97
-65.80
-36.36
3.68
52.08
103.81
153.67
195.57
221.86
226.17
209.26
178.96
143.95
117.99
113.04
134.74
178.34
230.58
262.96
254.45
227.59
199.44
171.18
134.39
88.30
46.38
6.63
-39.50
-92.26
-147.79
-204.80
-253.15
-279.95
-278.92
-263.20
-244.74
-229.97
-218.85
-205.88
-191.26
-173.72
-150.49
-118.91
-78.63
-31.52
19.44
71.90
123.55
169.81
207.88
235.59
250.08
247.64
226.07
187.07
137.67
88.40
49.31
28.78
30.44
51.88
85.39
121.29
150.96
169.28
174.88
168.76
153.47
131.24
103.18
69.54
30.75
-12.20
-57.87
-105.02
-152.82
-200.06
-244.15
-280.16
-301.24
-300.71
-275.69
-229.69
-172.82
-118.78
-79.65
-61.07
-60.30
-68.31
-74.60
-72.35
-61.07
-45.66
-32.80
-26.90
-28.04
-32.49
-35.12
-32.16
-22.66
-8.19
8.69
25.89
42.52
58.49
73.78
87.73
99.00
106.17
108.37
105.73
99.06
89.20
76.46
60.57
41.47
20.39
0.41
-14.06
-19.01
-13.03
1.46
18.72
31.91
36.02
29.77
15.73
-1.32
-16.74
-27.70
-33.78
-36.29
-37.00
-37.01
-36.35
-34.12
-29.28
-21.55
-11.99
-3.06
2.28
2.06
-3.35
-10.93
-16.06
-14.74
-5.56
9.62
26.70
41.55
51.95
58.18
62.13
65.39
68.11
68.79
65.55
57.63
45.99
32.92
20.59
9.74
-0.58
-12.06
-25.65
-40.43
-53.72
-62.38
-64.52
-60.44
-52.29
-42.68
-33.15
-23.72
-13.53
-2.16
9.19
17.78
20.42
15.28
3.26
-11.93
-25.15
-31.91
-30.32
-21.88
-10.64
-1.32
2.94
1.94
-1.74
-4.37
-3.25
1.79
8.48
13.71
15.66
15.07
14.81
18.08
26.22
37.75
49.11
56.73
59.05
57.29
54.45
53.05
53.28
52.73
47.95
36.80
20.04
1.18
-15.54
-27.57
-35.40
-41.95
-50.43
-62.00
-74.89
-85.22
-89.11
-84.70
-73.04
-57.25
-40.89
-26.35
-14.34
-4.51
3.37
8.60
9.66
5.09
-5.36
-20.09
-36.02
-49.74
-58.91
-63.15
-64.22
-65.43
-70.49
-82.08
-100.50
-122.82
-142.95
-153.13
-146.17
-118.03
-69.32
-5.30
65.66
134.41
193.23
237.03
263.34
271.72
262.94
238.66
201.55
155.74
106.87
61.26
24.28
-1.40
-17.04
-27.31
-38.14
-53.44
-72.81
-91.65
-104.15
-107.40
-103.96
-101.09
-106.65
-123.84
-148.00
-167.86
-170.66
-148.68
-103.26
-44.31
14.31
60.66
88.71
98.80
95.22
83.10
66.63
49.05
33.46
22.99
20.01
24.79
34.74
45.02
50.49
47.81
36.71
19.90
1.89
-12.52
-19.48
-16.90
-4.50
16.42
43.52
73.98
104.77
132.67
154.26
166.01
164.82
148.99
119.14
78.48
32.20
-13.95
-55.08
-88.18
-112.17
-127.31
-134.56
-135.06
-130.17
-121.65
-111.53
-101.69
-93.19
-85.83
-78.26
-68.63
-55.52
-38.59
-18.81
1.96
21.60
38.34
51.18
59.93
65.00
67.20
67.34
66.01
63.36
59.24
53.28
45.27
35.46
24.70
14.46
6.22
0.83
-1.99
-3.61
-5.80
-9.66
-14.88
-19.91
-22.83
-22.69
-20.34
-18.17
-18.84
-23.69
-31.77
-40.12
-45.07
-43.87
-35.84
-22.60
-7.37
5.88
13.47
12.89
3.47
-12.96
-31.72
-45.69
-46.96
-29.41
8.36
61.14
117.48
162.92
185.07
178.52
147.00
101.55
55.68
20.14
-0.31
-6.68
-3.31
4.84
13.34
18.16
15.23
1.03
-25.59
-61.85
-101.15
-135.50
-158.79
-168.95
-167.83
-158.88
-144.65
-125.67
-101.00
-69.70
-32.28
8.77
49.35
84.52
109.61
121.49
119.54
106.24
86.58
66.38
50.34
40.56
36.46
36.00
37.33
39.76
43.42
47.99
51.84
52.31
47.37
37.41
25.94
18.03
17.47
24.25
34.07
40.76
40.04
32.41
22.93
17.94
20.48
27.59
31.31
23.14
-0.92
-37.71
-78.38
-112.98
-135.33
-145.23
-147.16
-146.43
-145.52
-142.77
-134.22
-116.87
-91.31
-61.84
-34.04
-11.62
5.54
20.89
38.53
59.99
82.48
99.74
105.07
94.78
70.16
36.91
2.23
-28.66
-54.65
-78.31
-103.03
-129.59
-154.41
-170.46
-170.52
-150.89
-113.33
-64.11
-10.98
40.07
86.47
128.36
166.31
199.24
223.77
235.48
231.39
211.88
181.07
145.38
110.86
80.83
55.08
31.03
6.20
-19.29
-42.09
-56.92
-59.67
-50.12
-32.84
-15.76
-7.00
-11.93
-31.82
-64.42
-105.44
-149.63
-191.09
-223.11
-238.40
-230.69
-196.93
-139.14
-64.85
14.59
86.73
140.92
170.27
172.56
150.32
110.31
62.38
17.40
-15.44
-31.11
-29.91
-16.66
1.72
19.25
32.73
42.14
49.07
54.85
59.27
60.86
57.97
50.27
39.16
27.13
16.38
7.91
1.54
-3.25
-6.59
-8.41
-9.18
-10.51
-14.60
-22.58
-33.10
-42.30
-45.70
-40.76
-28.65
-13.76
-1.54
3.95
1.34
-8.44
-23.26
-40.43
-56.29
-65.91
-63.82
-46.22
-13.51
28.65
70.97
104.03
121.88
123.87
113.86
97.78
80.97
66.66
55.76
47.43
39.76
30.28
16.79
-1.55
-23.07
-43.34
-56.84
-59.97
-53.72
-44.11
-39.41
-45.30
-60.86
-77.61
-83.40
-68.84
-32.86
15.56
60.69
86.50
83.14
50.38
-2.86
-62.37
-113.51
-145.12
-151.46
-132.16
-91.02
-34.87
27.32
85.24
128.31
147.37
136.95
97.52
36.53
-32.40
-93.09
-131.82
-141.84
-125.20
-90.80
-49.63
-9.68
26.67
61.39
96.71
130.99
157.35
166.13
150.16
109.45
52.48
-7.00
-55.66
-85.67
-96.41
-92.31
-78.54
-57.25
-27.04
14.15
64.61
116.19
155.46
168.45
146.60
90.82
11.74
-74.42
-151.57
-208.41
-240.21
-247.57
-234.04
-204.23
-163.32
-117.88
-75.97
-45.68
-32.19
-35.39
-49.76
-66.95
-79.71
-85.16
-85.46
-85.37
-88.66
-95.73
-103.97
-110.28
-113.42
-115.04
-118.21
-125.35
-136.33
-148.01
-155.58
-154.71
-143.37
-121.96
-92.51
-56.70
-16.35
26.43
69.43
110.24
146.57
176.65
200.00
217.92
233.79
249.77
265.96
281.91
298.15
315.79
334.79
351.68
359.45
351.27
320.54
265.33
192.73
118.47
61.28
35.64
46.37
88.45
151.04
217.30
268.45
290.01
275.61
226.94
151.25
58.00
-56.24
-176.08
-275.43
-336.51
-359.05
-353.48
-333.29
-304.19
-269.64
-230.61
-187.83
-142.51
-99.43
-64.23
-40.40
-27.34
-21.16
-16.29
-4.55
16.57
43.92
66.58
72.76
57.74
27.56
-4.50
-23.93
-16.84
18.50
77.07
146.30
212.89
268.71
312.42
343.98
343.63
328.67
289.40
220.78
122.47
1.68
-130.22
-245.65
-317.65
-337.38
-314.21
-272.34
-229.43
-194.21
-167.10
-144.07
-120.94
-98.14
-79.73
-67.22
-63.29
-65.02
-67.92
-68.00
-63.02
-52.97
-41.22
-32.49
-28.37
-29.70
-33.01
-34.06
-29.84
-19.40
-3.91
13.25
28.28
39.94
48.45
56.40
66.22
78.29
90.74
100.22
103.16
96.83
81.03
56.94
28.16
-0.50
-23.58
-35.02
-30.23
-8.83
23.36
55.33
74.99
73.95
52.05
16.51
-21.38
-52.15
-71.98
-83.28
-91.71
-101.85
-116.18
-131.36
-143.92
-151.38
-153.44
-151.39
-146.73
-139.94
-128.53
-112.76
-91.53
-65.18
-34.98
-3.41
26.49
52.14
71.86
85.31
92.08
92.47
85.73
71.50
50.65
26.14
3.51
-10.83
-12.74
-2.87
14.30
31.39
42.39
44.90
40.76
34.63
30.39
29.68
30.54
30.29
26.37
18.14
6.74
-5.75
-16.99
-25.28
-29.29
-28.41
-23.02
-15.13
-8.04
-5.40
-9.97
-21.27
-35.95
-47.97
-51.63
-42.65
-19.96
13.75
52.84
89.78
117.70
129.59
124.64
105.10
75.24
39.80
2.59
-33.07
-65.07
-91.37
-110.85
-121.88
-124.38
-119.51
-108.71
-93.54
-73.80
-49.43
-20.75
10.70
42.71
71.35
91.98
101.36
97.81
83.88
63.08
39.65
17.64
0.70
-8.84
-10.27
-3.24
11.23
33.80
63.27
98.01
136.72
178.66
222.83
266.80
308.63
328.88
321.31
287.77
236.08
176.14
116.94
69.23
31.95
4.79
-12.93
-20.48
-20.73
-19.58
-24.10
-39.47
-67.39
-105.38
-146.47
-183.42
-209.67
-223.18
-225.13
-217.91
-203.48
-183.72
-161.87
-142.11
-129.57
-126.86
-132.71
-140.51
-140.19
-122.67
-84.84
-31.80
26.13
77.34
113.64
131.18
130.12
112.51
80.59
36.39
-17.38
-76.19
-134.73
-188.76
-236.74
-278.21
-311.24
-330.58
-329.46
-303.29
-252.80
-185.22
-112.30
-46.48
3.91
36.82
55.85
67.13
77.10
91.90
117.10
156.59
206.58
254.70
286.14
293.90
280.96
254.65
222.14
188.60
157.00
128.75
105.26
88.41
78.92
75.07
72.46
66.34
53.60
33.88
9.44
-15.40
-35.13
-46.32
-48.76
-46.68
-46.88
-55.76
-76.17
-104.86
-134.21
-154.02
-156.32
-139.12
-107.82
-71.98
-40.60
-18.87
-5.17
5.24
18.16
37.77
64.85
96.24
126.73
148.92
158.14
152.11
130.71
95.75
50.69
1.09
-50.12
-98.80
-139.95
-169.69
-185.98
-188.24
-176.49
-150.81
-112.17
-60.97
-5.40
45.10
83.39
107.02
118.15
120.87
118.49
111.43
97.47
74.56
44.02
11.11
-18.34
-38.74
-47.41
-44.75
-34.59
-23.29
-17.42
-20.61
-33.86
-54.15
-74.75
-88.60
-90.36
-79.23
-59.17
-36.92
-19.01
-7.54
-1.31
3.69
11.99
27.10
49.21
74.63
95.73
105.69
100.75
81.92
56.51
30.62
9.97
-2.24
-5.96
-3.49
1.84
6.86
9.28
8.21
4.03
-1.09
-4.41
-3.84
1.64
11.70
24.93
39.58
52.73
61.32
63.23
57.38
43.91
24.32
1.39
-21.45
-40.95
-54.74
-61.90
-62.68
-58.45
-51.09
-42.20
-32.62
-22.46
-11.38
0.92
14.29
28.07
40.96
51.33
57.67
59.09
55.54
47.88
37.68
26.75
16.73
8.61
2.61
-1.60
-4.58
-6.85
-8.65
-10.04
-10.94
-11.39
-11.53
-11.57
-11.67
-11.88
-12.12
-12.28
-12.24
-11.99
-11.55
-10.99
-10.41
-9.93
-9.60
-9.42
-9.31
-9.10
-8.68
-8.04
-7.33
-6.81
-6.74
-7.18
-8.00
-8.92
-9.66
-10.08
-10.19
-10.16
-10.12
-10.12
-10.07
-9.82
-9.23
-8.30
-7.15
-5.96
-4.89
-4.04
-3.38
-2.86
-2.43
-2.04
-1.72
-1.47
-1.32
-1.25
-1.27
-1.40
-1.68
-2.13
-2.67
-3.17
-3.45
-3.47
-3.26
-2.97
-2.73
-2.58
-2.46
-2.29
-2.05
-1.78
-1.57
-1.41
-1.19
-0.75
-0.02
0.93
1.86
2.48
2.67
2.43
1.92
1.31
0.70
0.11
-0.48
-1.04
-1.52
-1.86
-2.02
-2.03
-1.99
-1.95
-1.89
-1.78
-1.54
-1.16
-0.64
-0.04
0.59
1.21
1.76
2.18
2.38
2.29
1.88
1.20
0.33
-0.60
-1.55
-2.47
-3.37
-4.19
-4.85
-5.21
-5.18
-4.79
-4.21
-3.67
-3.41
-3.50
-3.85
-4.24
-4.45
-4.30
-3.84
-3.21
-2.56
-2.03
-1.63
-1.34
-1.11
-0.93
-0.81
-0.81
-0.90
-1.05
-1.14
-1.05
-0.71
-0.11
0.68
1.55
2.37
3.05
3.56
3.93
4.22
4.46
4.65
4.77
4.73
4.49
3.98
3.26
2.44
1.66
1.03
0.61
0.34
0.15
-0.11
-0.51
-1.09
-1.81
-2.60
-3.37
-4.08
-4.67
-5.15
-5.50
-5.75
-5.89
-5.95
-5.95
-5.94
-5.92
-5.91
-5.87
-5.76
-5.57
-5.23
-4.72
-4.00
-3.05
-1.84
-0.48
0.90
2.13
3.07
3.70
4.05
4.21
4.23
4.17
4.01
3.78
3.55
3.36
3.26
3.21
3.19
3.13
3.07
3.05
3.18
3.53
4.13
4.91
5.78
6.61
7.28
7.72
7.83
7.57
6.89
5.79
4.31
2.54
0.68
-1.10
-2.62
-3.79
-4.60
-5.13
-5.48
-5.70
-5.81
-5.78
-5.57
-5.21
-4.79
-4.41
-4.14
-4.02
-3.97
-3.99
-4.10
-4.39
-4.94
-5.69
-6.40
-6.76
-6.50
-5.60
-4.30
-2.95
-1.87
-1.19
-0.79
-0.43
0.13
0.94
1.92
2.88
3.65
4.14
4.33
4.31
4.15
3.97
3.84
3.85
4.03
4.38
4.83
5.26
5.50
5.44
5.03
4.33
3.49
2.66
1.98
1.50
1.18
0.98
0.87
0.84
0.87
0.90
0.80
0.44
-0.25
-1.24
-2.39
-3.48
-4.30
-4.78
-4.95
-4.98
-5.07
-5.30
-5.69
-6.11
-6.42
-6.50
-6.32
-5.91
-5.28
-4.46
-3.44
-2.26
-1.06
0.02
0.83
1.36
1.70
2.02
2.44
2.97
3.53
3.97
4.19
4.20
4.08
3.95
3.89
3.87
3.80
3.59
3.20
2.70
2.25
2.00
2.00
2.20
2.47
2.64
2.60
2.34
1.95
1.55
1.25
1.09
1.02
0.98
0.88
0.68
0.38
0.02
-0.35
-0.68
-0.93
-1.10
-1.19
-1.21
-1.18
-1.16
-1.25
-1.51
-1.97
-2.59
-3.26
-3.86
-4.32
-4.62
-4.79
-4.90
-4.97
-5.03
-5.07
-5.07
-5.03
-4.93
-4.79
-4.59
-4.29
-3.88
-3.32
-2.63
-1.85
-1.05
-0.33
0.25
0.67
0.97
1.22
1.53
1.97
2.55
3.22
3.92
4.56
5.08
5.47
5.68
5.65
5.35
4.82
4.16
3.53
3.10
2.91
2.93
3.01
2.98
2.77
2.39
1.97
1.64
1.48
1.45
1.49
1.48
1.38
1.18
0.93
0.65
0.35
-0.01
-0.45
-0.92
-1.42
-1.93
-2.45
-2.97
-3.45
-3.86
-4.12
-4.24
-4.30
-4.43
-4.72
-5.18
-5.73
-6.18
-6.38
-6.23
-5.79
-5.14
-4.43
-3.75
-3.11
-2.47
-1.74
-0.90
0.02
0.90
1.63
2.11
2.35
2.41
2.35
2.24
2.08
1.94
1.85
1.88
2.07
2.43
2.88
3.31
3.61
3.70
3.62
3.44
3.25
3.13
3.08
3.06
3.02
2.91
2.75
2.61
2.56
2.63
2.76
2.87
2.84
2.64
2.28
1.81
1.29
0.78
0.25
-0.27
-0.80
-1.31
-1.79
-2.20
-2.57
-2.91
-3.25
-3.59
-3.93
-4.26
-4.58
-4.88
-5.13
-5.31
-5.45
-5.60
-5.84
-6.25
-6.85
-7.58
-8.30
-8.90
-9.28
-9.40
-9.23
-8.76
-7.96
-6.84
-5.52
-4.13
-2.86
-1.80
-0.93
-0.16
0.62
1.44
2.24
2.91
3.38
3.68
3.88
4.09
4.37
4.71
5.05
5.34
5.58
5.77
5.92
5.99
5.92
5.66
5.23
4.72
4.26
3.97
3.90
4.04
4.28
4.52
4.66
4.64
4.41
4.01
3.48
2.89
2.30
1.80
1.40
1.10
0.85
0.57
0.20
-0.27
-0.79
-1.25
-1.54
-1.59
-1.42
-1.19
-1.04
-1.14
-1.52
-2.14
-2.86
-3.56
-4.16
-4.66
-5.06
-5.40
-5.68
-5.89
-6.04
-6.13
-6.19
-6.19
-6.07
-5.75
-5.16
-4.30
-3.25
-2.14
-1.13
-0.33
0.23
0.59
0.84
1.10
1.45
1.91
2.42
2.92
3.35
3.68
3.97
4.24
4.51
4.74
4.84
4.77
4.54
4.24
4.02
3.99
4.18
4.49
4.77
4.86
4.69
4.29
3.79
3.32
2.95
2.67
2.37
1.98
1.51
1.06
0.79
0.78
0.99
1.22
1.25
0.91
0.19
-0.77
-1.76
-2.54
-3.01
-3.20
-3.26
-3.35
-3.60
-4.04
-4.61
-5.21
-5.79
-6.29
-6.67
-6.90
-6.90
-6.61
-6.00
-5.14
-4.17
-3.25
-2.44
-1.72
-1.03
-0.31
0.41
1.02
1.45
1.68
1.78
1.91
2.16
2.58
3.11
3.68
4.20
4.60
4.86
4.96
4.91
4.74
4.49
4.27
4.11
4.05
4.03
3.99
3.86
3.67
3.47
3.37
3.42
3.64
3.94
4.20
4.27
4.09
3.68
3.12
2.55
2.07
1.70
1.41
1.12
0.81
0.48
0.20
0.03
-0.01
0.03
0.07
0.07
0.00
-0.15
-0.38
-0.73
-1.20
-1.76
-2.31
-2.77
-3.06
-3.19
-3.26
-3.41
-3.76
-4.34
-5.09
-5.88
-6.55
-6.92
-6.87
-6.37
-5.50
-4.44
-3.39
-2.48
-1.77
-1.19
-0.64
-0.07
0.51
1.04
1.46
1.77
1.99
2.20
2.39
2.52
2.55
2.46
2.32
2.28
2.47
2.95
3.68
4.54
5.41
6.24
7.00
7.67
8.25
8.69
8.96
9.07
9.10
9.16
9.35
9.69
10.09
10.44
10.59
10.49
10.13
9.56
8.86
8.12
7.44
6.93
6.71
6.86
7.39
8.21
9.17
10.19
11.35
12.94
15.30
18.76
23.30
28.60
33.98
38.62
41.78
42.97
42.06
39.29
35.19
30.50
25.94
22.02
18.93
16.49
14.32
12.07
9.55
6.82
4.08
1.46
-1.19
-4.30
-8.48
-14.26
-21.79
-30.92
-41.26
-52.55
-64.68
-77.76
-91.79
-106.26
-120.13
-132.11
-141.07
-146.30
-147.27
-143.16
-132.73
-114.67
-88.58
-55.81
-19.58
15.89
46.98
71.92
91.06
106.03
118.19
127.61
132.99
132.54
125.16
111.02
91.41
68.00
42.26
15.25
-12.09
-38.56
-62.49
-81.88
-95.02
-100.94
-99.76
-92.59
-81.19
-67.49
-53.20
-39.52
-27.13
-16.16
-6.41
2.51
10.93
18.93
26.34
32.73
37.64
40.78
42.12
41.86
40.33
37.82
34.53
30.61
26.31
22.00
18.16
15.16
13.09
11.74
10.74
9.70
8.40
6.74
4.74
2.47
0.02
-2.47
-4.77
-6.65
-7.89
-8.42
-8.27
-7.58
-6.52
-5.35
-4.36
-3.90
-4.21
-5.27
-6.77
-8.16
-8.92
-8.79
-7.91
-6.72
-5.70
-5.17
-5.12
-5.31
-5.42
-5.25
-4.67
-3.64
-2.13
-0.13
2.26
4.79
7.09
8.76
9.52
9.26
8.04
6.06
3.51
0.64
-2.35
-5.29
-8.01
-10.51
-12.86
-15.26
-17.85
-20.62
-23.38
-25.78
-27.52
-28.37
-28.36
-27.68
-26.63
-25.52
-24.52
-23.65
-22.73
-21.50
-19.60
-16.71
-12.62
-7.33
-1.08
5.62
12.13
17.80
22.10
24.76
25.81
25.50
24.26
22.51
20.60
18.83
17.42
16.60
16.53
17.28
18.72
20.56
22.39
23.82
24.62
24.74
24.32
23.54
22.55
21.37
19.93
18.14
15.96
13.45
10.76
8.09
5.66
3.63
2.09
1.06
0.50
0.28
0.24
0.17
-0.06
-0.52
-1.11
-1.63
-1.80
-1.45
-0.51
0.90
2.53
4.16
5.58
6.66
7.34
7.56
7.28
6.56
5.50
4.29
3.14
2.21
1.56
1.20
1.09
1.16
1.36
1.62
1.90
2.20
2.56
3.07
3.79
4.74
5.80
6.81
7.65
8.23
8.59
8.81
8.95
9.04
9.04
8.89
8.55
8.05
7.48
6.92
6.40
5.92
5.40
4.76
4.00
3.13
2.21
1.32
0.46
-0.40
-1.30
-2.23
-3.17
-3.99
-4.66
-5.17
-5.63
-6.14
-6.76
-7.49
-8.27
-9.02
-9.67
-10.21
-10.64
-10.97
-11.18
-11.22
-11.06
-10.72
-10.29
-9.89
-9.71
-9.85
-10.34
-11.07
-11.85
-12.45
-12.68
-12.39
-11.55
-10.22
-8.55
-6.79
-5.23
-4.16
-3.77
-4.05
-4.81
-5.67
-6.30
-6.44
-6.05
-5.29
-4.40
-3.63
-3.12
-2.84
-2.64
-2.30
-1.65
-0.65
0.58
1.85
2.95
3.74
4.20
4.41
4.45
4.42
4.35
4.29
4.29
4.45
4.80
5.34
5.99
6.60
7.07
7.37
7.53
7.65
7.75
7.78
7.56
6.91
5.72
4.09
2.22
0.44
-0.99
-1.94
-2.39
-2.46
-2.29
-2.04
-1.83
-1.72
-1.74
-1.82
-1.89
-1.86
-1.72
-1.48
-1.20
-0.91
-0.62
-0.32
-0.07
0.01
-0.24
-0.90
-1.86
-2.88
-3.64
-3.87
-3.50
-2.64
-1.49
-0.28
0.82
1.72
2.42
2.86
3.06
3.06
2.96
2.92
3.10
3.55
4.24
4.99
5.64
6.06
6.26
6.33
6.36
6.42
6.49
6.50
6.43
6.29
6.11
5.92
5.69
5.36
4.84
4.10
3.13
1.95
0.59
-0.90
-2.47
-3.98
-5.33
-6.43
-7.23
-7.76
-8.06
-8.16
-8.03
-7.58
-6.76
-5.55
-3.99
-2.24
-0.45
1.19
2.61
3.78
4.74
5.48
5.98
6.15
5.91
5.27
4.28
3.12
1.93
0.79
-0.30
-1.36
-2.42
-3.43
-4.27
-4.82
-5.00
-4.87
-4.51
-4.05
-3.56
-3.07
-2.59
-2.15
-1.76
-1.42
-1.09
-0.67
-0.04
0.85
1.92
3.00
3.84
4.20
3.98
3.19
1.95
0.45
-1.14
-2.69
-4.11
-5.34
-6.38
-7.28
-8.16
-9.12
-10.22
-11.44
-12.66
-13.68
-14.38
-14.71
-14.72
-14.52
-14.15
-13.61
-12.80
-11.69
-10.33
-8.89
-7.53
-6.35
-5.31
-4.28
-3.15
-1.86
-0.48
0.86
2.01
2.90
3.53
3.94
4.17
4.19
3.98
3.57
3.05
2.62
2.52
2.88
3.67
4.67
5.55
6.06
6.08
5.69
5.15
4.70
4.53
4.66
4.97
5.25
5.30
4.97
4.18
2.97
1.44
-0.25
-1.96
-3.56
-4.98
-6.18
-7.09
-7.73
-8.09
-8.24
-8.23
-8.12
-7.90
-7.53
-6.94
-6.10
-5.02
-3.77
-2.45
-1.15
0.11
1.33
2.54
3.70
4.75
5.60
6.22
6.62
6.91
7.16
7.45
7.75
7.98
8.07
8.00
7.80
7.56
7.38
7.31
7.36
7.54
7.82
8.14
8.39
8.44
8.19
7.62
6.79
5.87
4.99
4.26
3.67
3.20
2.81
2.50
2.25
2.04
1.84
1.64
1.47
1.41
1.55
1.86
2.24
2.50
2.50
2.23
1.76
1.21
0.62
-0.06
-0.98
-2.19
-3.62
-5.00
-5.98
-6.38
-6.16
-5.53
-4.81
-4.23
-3.90
-3.77
-3.69
-3.51
-3.16
-2.62
-1.92
-1.08
-0.09
1.01
2.13
3.10
3.73
3.88
3.55
2.88
2.08
1.42
1.05
1.00
1.20
1.50
1.73
1.81
1.68
1.30
0.70
-0.14
-1.15
-2.22
-3.21
-4.01
-4.50
-4.69
-4.63
-4.40
-4.12
-3.87
-3.73
-3.76
-3.97
-4.35
-4.81
-5.25
-5.59
-5.80
-5.94
-6.12
-6.41
-6.83
-7.27
-7.56
-7.54
-7.10
-6.26
-5.11
-3.74
-2.27
-0.79
0.61
1.86
2.89
3.62
4.07
4.30
4.44
4.66
5.05
5.65
6.37
7.08
7.62
7.94
8.07
8.11
8.15
8.18
8.11
7.78
7.14
6.26
5.31
4.51
3.96
3.61
3.33
2.95
2.39
1.74
1.14
0.71
0.50
0.41
0.31
0.08
-0.28
-0.73
-1.14
-1.42
-1.56
-1.61
-1.71
-2.00
-2.59
-3.46
-4.49
-5.45
-6.12
-6.34
-6.09
-5.48
-4.69
-3.89
-3.14
-2.43
-1.72
-0.98
-0.21
0.56
1.29
2.00
2.66
3.27
3.78
4.19
4.54
4.89
5.33
5.88
6.47
7.01
7.39
7.59
7.59
7.49
7.37
7.31
7.39
7.60
7.89
8.18
8.32
8.28
8.02
7.64
7.22
6.81
6.39
5.92
5.38
4.80
4.23
3.73
3.23
2.59
1.65
0.35
-1.24
-2.91
-4.36
-5.39
-5.96
-6.23
-6.53
-7.18
-8.35
-10.03
-12.02
-14.03
-15.80
-17.26
-18.43
-19.42
-20.36
-21.33
-22.35
-23.37
-24.34
-25.17
-25.82
-26.32
-26.69
-27.00
-27.24
-27.28
-26.95
-26.05
-24.43
-22.06
-18.92
-15.03
-10.37
-4.97
0.92
6.97
12.81
18.18
23.04
27.41
31.33
34.75
37.50
39.31
39.96
39.50
38.30
36.82
35.46
34.35
33.36
32.26
30.63
28.28
25.39
22.50
20.21
18.86
18.47
18.74
19.31
19.36
18.29
16.15
13.82
12.45
12.86
15.27
19.44
24.95
30.44
34.75
37.78
40.63
44.64
50.44
57.85
66.30
75.30
82.89
87.15
87.43
84.84
81.16
77.41
73.48
68.35
60.46
45.88
20.84
-16.03
-62.71
-115.26
-169.88
-223.75
-275.01
-308.58
-311.40
-281.70
-231.91
-178.61
-132.34
-95.92
-67.58
-44.11
-22.88
-4.77
8.03
14.49
16.15
16.07
16.81
19.57
24.32
30.41
35.40
37.10
34.92
30.44
26.11
23.59
23.36
25.04
27.91
30.28
30.69
28.72
25.34
22.06
19.87
18.96
19.08
19.83
20.37
20.13
19.11
18.13
18.34
20.63
25.54
33.05
42.75
53.79
65.04
75.21
83.12
87.49
86.90
80.51
67.86
49.10
25.14
-2.07
-30.11
-56.21
-77.51
-92.02
-98.19
-95.45
-84.29
-66.18
-43.00
-17.40
7.99
30.95
49.56
62.80
70.21
72.17
69.51
63.48
55.08
45.28
34.90
24.48
15.41
7.47
0.45
-5.74
-11.25
-16.78
-22.97
-30.13
-38.51
-48.14
-58.87
-70.06
-82.00
-92.12
-98.75
-100.50
-96.14
-85.04
-67.24
-43.59
-15.67
14.35
43.99
70.16
90.11
101.79
104.11
97.25
82.42
62.44
40.25
18.71
-0.41
-16.21
-28.54
-37.76
-44.30
-48.39
-50.22
-50.29
-48.96
-46.81
-44.28
-41.54
-38.74
-36.45
-35.64
-37.43
-41.61
-45.82
-45.64
-36.22
-14.86
17.14
54.71
91.17
120.70
139.99
147.94
144.28
128.76
101.72
65.38
24.92
-12.38
-39.72
-53.65
-55.41
-49.93
-43.10
-38.89
-38.51
-40.62
-43.08
-44.44
-44.39
-43.69
-43.52
-44.97
-48.53
-53.96
-60.80
-67.67
-73.60
-77.94
-80.54
-81.61
-81.85
-81.06
-79.51
-77.92
-76.96
-76.54
-74.98
-69.16
-55.05
-32.11
-2.88
26.65
49.10
58.93
54.69
39.50
19.13
-0.57
-15.94
-25.89
-30.84
-31.37
-27.43
-18.41
-3.75
15.98
38.99
62.40
82.95
97.97
106.09
107.56
104.13
98.60
93.63
90.79
89.78
88.79
85.16
76.72
63.14
46.19
29.55
16.90
10.92
12.17
19.44
30.76
44.03
56.90
66.27
68.73
61.53
44.88
23.05
3.03
-8.24
-7.52
2.97
16.95
27.91
32.42
32.19
32.46
37.87
48.17
58.80
62.06
50.78
23.51
-14.38
-52.48
-79.55
-88.94
-81.26
-63.96
-47.80
-41.91
-50.10
-70.17
-94.96
-115.77
-126.06
-123.37
-109.74
-90.30
-71.06
-54.61
-43.21
-36.88
-33.30
-29.30
-22.46
-12.49
-1.45
7.48
11.75
10.27
4.35
-3.13
-8.96
-10.33
-4.93
9.07
33.41
68.95
113.92
162.85
206.49
233.71
234.93
206.05
150.39
77.87
1.56
-66.59
-118.73
-152.16
-168.72
-173.38
-172.93
-175.29
-187.81
-214.97
-255.96
-303.30
-344.46
-366.18
-359.48
-323.24
-264.37
-194.52
-125.38
-64.95
-16.23
21.11
48.42
66.11
73.77
71.03
59.04
40.96
21.10
3.82
-7.17
-8.55
2.41
27.56
66.40
114.46
162.72
199.36
213.65
200.27
162.02
109.36
57.05
19.12
4.90
17.24
52.77
103.57
158.84
206.43
234.55
234.11
201.83
142.58
69.26
-1.00
-52.42
-76.56
-74.88
-57.13
-36.42
-23.34
-22.04
-29.48
-38.53
-42.16
-36.87
-23.30
-4.83
14.72
32.45
46.20
53.73
52.21
38.93
12.83
-23.99
-65.80
-104.46
-131.89
-142.63
-135.29
-112.28
-78.51
-39.93
-2.48
28.20
47.25
51.55
40.37
15.91
-17.25
-53.30
-86.76
-113.43
-130.60
-136.63
-130.39
-111.26
-79.47
-36.85
12.75
63.65
109.32
143.72
162.75
165.00
151.88
127.08
95.62
62.24
29.92
-0.84
-31.32
-62.71
-94.22
-122.14
-140.75
-144.58
-130.89
-100.79
-58.60
-10.48
37.62
80.77
115.10
137.50
145.55
138.13
116.40
83.94
45.97
8.28
-24.29
-48.38
-62.04
-64.39
-55.52
-36.57
-9.63
22.41
57.02
92.39
127.40
160.67
189.70
210.61
219.22
212.95
192.42
162.04
128.35
97.35
72.30
52.38
33.84
12.44
-13.90
-43.54
-71.21
-90.01
-93.77
-79.29
-46.98
-0.34
55.30
114.00
169.51
215.59
245.73
254.34
238.81
201.01
147.63
88.26
32.41
-12.95
-44.23
-60.79
-63.93
-56.66
-43.91
-32.57
-30.42
-44.01
-75.88
-122.55
-175.05
-221.17
-249.28
-252.03
-228.38
-183.76
-127.77
-70.87
-20.93
18.51
47.58
67.72
79.02
79.24
64.80
33.37
-13.79
-70.73
-127.97
-174.98
-203.25
-208.62
-191.89
-157.78
-112.70
-62.25
-9.65
44.36
99.97
155.67
206.58
244.95
262.83
255.66
224.65
176.97
123.95
77.85
48.96
43.03
59.94
93.51
132.89
165.31
179.85
170.99
140.21
95.37
47.27
5.85
-22.79
-36.64
-36.19
-22.57
3.31
39.89
83.31
126.54
160.51
176.80
170.61
142.29
97.09
43.33
-9.93
-54.48
-83.67
-92.55
-78.39
-41.83
12.10
74.09
132.38
175.85
197.08
194.22
170.59
132.57
86.92
39.12
-6.52
-45.81
-73.86
-85.94
-79.72
-57.88
-28.68
-3.62
7.01
-1.66
-27.43
-62.88
-99.63
-132.37
-160.90
-189.23
-222.32
-263.01
-309.66
-356.09
-393.34
-412.88
-409.43
-383.13
-339.75
-288.64
-239.46
-198.56
-167.33
-142.83
-120.51
-97.33
-73.31
-50.65
-31.19
-14.06
4.84
30.70
66.70
111.39
158.23
197.79
221.28
223.65
204.46
167.18
117.28
61.09
5.53
-42.24
-75.60
-89.74
-82.86
-56.68
-15.50
34.70
87.03
134.01
167.59
180.11
166.33
125.98
65.06
-4.74
-69.15
-115.35
-135.67
-129.34
-102.02
-63.30
-23.36
10.11
33.79
48.78
58.67
67.02
75.35
82.90
87.83
88.74
85.52
78.93
69.28
55.81
36.80
10.65
-22.70
-61.38
-102.32
-142.73
-180.81
-215.66
-245.99
-268.70
-278.86
-270.84
-240.91
-189.94
-124.37
-55.04
6.25
51.01
77.13
88.86
93.74
98.27
104.69
110.85
112.89
108.76
100.28
92.30
89.52
93.04
98.73
99.05
87.07
60.48
23.31
-15.54
-46.25
-62.82
-65.84
-62.46
-63.50
-79.05
-114.74
-169.44
-235.35
-300.52
-352.29
-381.00
-382.52
-358.77
-316.39
-264.21
-210.39
-160.54
-117.18
-80.37
-48.74
-20.13
7.73
36.28
64.77
89.17
103.00
100.02
78.12
42.15
3.50
-23.79
-28.66
-7.52
34.62
86.52
135.37
170.92
187.44
183.28
159.58
119.44
68.10
13.58
-33.65
-62.69
-65.45
-40.06
7.76
65.90
120.14
159.15
178.04
178.52
166.10
146.20
121.73
93.39
62.10
31.44
8.06
-0.40
11.50
44.21
92.37
146.55
196.41
233.61
253.80
256.25
242.49
214.13
172.16
117.62
53.84
-11.63
-67.44
-101.54
-106.23
-82.38
-40.20
4.29
35.39
43.19
25.89
-11.47
-60.33
-111.62
-157.02
-189.01
-201.39
-190.65
-157.95
-109.92
-57.20
-10.97
20.82
35.87
37.30
31.35
24.45
20.76
21.66
26.45
33.96
43.59
55.50
70.12
87.12
105.07
121.55
133.85
139.81
138.66
131.35
120.35
109.22
101.83
101.21
108.42
121.83
137.43
150.36
156.91
156.24
150.49
143.25
137.04
131.38
122.79
106.33
78.17
37.67
-11.78
-63.64
-109.97
-143.28
-158.11
-151.92
-125.71
-84.26
-35.66
10.09
43.02
55.70
45.39
15.02
-27.55
-71.66
-106.86
-125.84
-126.03
-109.81
-83.18
-53.57
-27.74
-9.90
-1.20
0.15
-2.54
-5.91
-7.94
-8.43
-8.81
-11.33
-17.66
-28.15
-41.08
-53.09
-59.58
-56.31
-40.82
-14.05
18.88
49.54
68.19
67.32
44.27
2.56
-49.39
-100.81
-142.07
-167.32
-175.44
-169.66
-155.30
-137.59
-119.74
-102.63
-85.82
-69.23
-54.35
-43.89
-40.25
-43.66
-51.78
-61.16
-69.17
-75.48
-81.68
-89.37
-97.93
-104.67
-106.73
-103.93
-100.32
-102.42
-115.47
-139.59
-168.60
-192.50
-202.31
-193.94
-169.65
-136.02
-99.93
-65.46
-32.69
0.45
35.26
70.05
100.38
121.72
132.54
136.03
138.65
146.99
163.86
186.48
207.38
218.31
214.09
194.93
165.96
134.29
105.55
82.03
62.89
46.42
32.23
22.23
19.75
27.67
46.30
72.63
100.85
124.11
136.73
135.84
122.01
98.72
71.05
44.13
21.94
6.87
-0.17
0.72
8.24
19.98
32.13
40.22
40.31
31.01
14.55
-3.57
-16.64
-19.51
-10.84
6.43
26.24
41.64
47.20
40.71
23.76
0.93
-22.08
-40.52
-52.45
-59.08
-63.44
-68.13
-73.38
-76.75
-74.61
-64.55
-47.35
-26.97
-8.95
1.97
3.31
-4.77
-20.03
-39.25
-58.76
-74.72
-83.79
-83.78
-74.19
-56.14
-31.77
-3.59
25.80
53.39
75.23
86.66
83.96
66.34
37.02
2.74
-28.93
-52.85
-68.27
-78.41
-88.04
-100.72
-117.11
-135.75
-155.48
-177.04
-202.67
-233.85
-268.67
-300.73
-320.57
-319.50
-293.09
-243.07
-176.27
-101.72
-27.45
41.30
102.36
155.59
201.59
241.54
277.27
311.39
346.60
384.14
422.34
456.35
479.45
485.34
470.76
436.86
388.64
332.76
275.20
219.78
168.13
120.61
77.50
39.32
6.40
-21.93
-47.66
-73.82
-103.56
-138.82
-179.03
-220.05
-254.46
-273.58
-270.87
-245.27
-202.90
-155.30
-115.21
-91.46
-85.63
-92.46
-103.25
-110.42
-110.36
-103.54
-92.54
-79.93
-67.76
-58.16
-54.02
-58.33
-72.38
-94.02
-117.43
-134.91
-140.01
-130.16
-107.45
-77.41
-46.65
-20.62
-2.56
6.79
8.62
5.34
-0.44
-7.00
-14.10
-22.70
-33.73
-46.96
-60.58
-71.89
-78.93
-81.50
-81.08
-79.75
-79.17
-80.37
-84.63
-94.05
-111.04
-136.51
-167.86
-198.17
-217.91
-218.38
-195.20
-149.94
-89.17
-21.59
45.08
105.98
159.20
204.99
244.41
278.86
310.18
340.87
374.04
412.12
455.17
499.60
538.16
562.04
564.17
542.23
499.74
444.64
386.07
331.20
283.38
242.50
206.73
174.50
145.12
118.56
94.76
73.18
52.90
32.95
12.76
-7.56
-26.79
-42.74
-52.56
-53.92
-46.34
-32.07
-15.82
-3.17
1.53
-3.04
-15.14
-31.19
-47.67
-62.53
-75.31
-86.36
-95.80
-102.83
-105.82
-103.33
-95.32
-83.79
-72.55
-65.81
-66.46
-75.11
-90.07
-108.58
-128.36
-148.47
-169.01
-190.16
-211.35
-231.28
-248.51
-262.34
-272.94
-280.88
-286.30
-288.37
-286.02
-278.46
-265.91
-249.80
-232.47
-216.87
-206.32
-203.86
-211.62
-229.83
-256.06
-285.36
-311.58
-328.89
-332.96
-321.69
-295.35
-256.72
-210.96
-165.06
-125.87
-97.99
-81.55
-71.89
-61.48
-43.48
-15.49
18.99
52.24
76.63
88.18
88.59
83.66
79.82
81.04
87.77
98.18
110.09
122.92
136.30
148.82
156.85
155.19
139.03
106.12
57.54
-3.22
-69.69
-135.29
-192.85
-234.86
-254.99
-249.98
-221.40
-175.88
-124.10
-74.47
-33.66
-4.03
15.85
29.49
40.83
53.08
68.01
84.57
103.23
122.21
140.11
156.86
174.42
196.03
224.35
267.42
309.68
344.53
362.25
355.85
324.51
275.43
221.91
178.65
155.42
152.20
163.11
176.01
180.54
172.76
155.99
137.49
123.55
116.30
112.98
111.82
111.24
111.71
113.70
115.51
113.40
104.27
89.26
74.41
70.13
84.03
116.75
160.76
203.48
233.14
243.26
234.34
211.17
180.40
146.81
112.89
79.35
46.34
14.66
-14.10
-37.85
-54.85
-64.25
-67.09
-65.87
-63.46
-61.67
-60.17
-56.89
-49.47
-37.17
-21.92
-7.79
0.92
1.88
-4.50
-15.58
-28.44
-41.73
-56.45
-75.16
-100.53
-133.51
-172.36
-212.79
-249.25
-276.51
-291.53
-294.43
-288.11
-276.95
-265.03
-254.58
-245.46
-235.90
-223.94
-208.97
-192.59
-178.13
-169.62
-170.05
-180.10
-197.50
-217.47
-233.83
-240.73
-234.23
-213.54
-181.05
-141.49
-100.08
-60.74
-24.90
8.18
40.49
73.35
106.41
137.29
162.64
179.62
186.94
185.05
175.47
159.48
137.07
106.84
67.20
18.43
-35.31
-85.61
-121.29
-132.01
-112.34
-64.63
1.20
70.35
128.04
164.04
175.17
164.92
141.01
112.43
86.59
67.66
56.13
49.36
43.19
34.09
21.16
6.59
-5.37
-10.76
-8.13
0.50
10.55
17.27
17.83
12.45
3.98
-3.48
-6.01
-1.28
10.80
27.52
43.77
52.84
48.77
28.80
-4.84
-45.07
-82.12
-107.11
-115.25
-107.33
-88.87
-67.62
-50.39
-40.93
-39.53
-44.16
-52.16
-61.36
-70.47
-78.45
-83.82
-84.72
-79.74
-68.90
-54.27
-39.57
-28.75
-24.22
-25.46
-29.64
-33.17
-33.87
-31.84
-28.86
-26.47
-24.17
-19.00
-7.09
13.93
42.77
74.37
101.75
119.00
123.76
117.64
104.81
89.62
74.76
60.66
46.64
32.14
17.65
4.48
-6.29
-14.81
-22.48
-31.00
-40.97
-51.44
-60.56
-66.96
-71.02
-74.75
-80.26
-87.56
-93.70
-93.86
-83.98
-63.14
-34.59
-4.14
22.54
42.20
54.69
61.87
65.87
67.87
68.01
66.07
62.20
56.89
50.33
42.26
31.97
19.05
4.26
-10.55
-23.03
-31.72
-36.66
-39.46
-42.26
-46.60
-52.64
-58.92
-63.04
-62.26
-54.54
-39.37
-18.12
6.60
31.68
54.90
75.83
95.72
116.66
140.85
169.91
204.42
243.65
284.85
322.81
350.28
359.52
345.82
310.34
260.45
207.11
160.54
126.53
105.58
94.75
90.39
90.30
93.92
100.69
108.64
114.12
112.94
102.26
81.83
53.68
21.46
-10.80
-39.84
-63.35
-80.12
-90.28
-94.83
-95.10
-92.68
-89.39
-87.75
-90.86
-101.42
-120.52
-146.69
-175.63
-201.35
-218.27
-223.08
-215.89
-199.73
-178.28
-153.63
-125.22
-90.82
-49.16
-2.59
42.37
77.01
94.11
91.40
72.33
44.26
15.65
-6.43
-17.50
-15.28
0.07
25.29
53.18
73.24
74.84
51.88
6.51
-50.50
-103.27
-136.99
-143.42
-123.63
-86.86
-46.26
-13.89
2.92
2.88
-10.49
-31.60
-55.75
-80.51
-105.10
-128.45
-147.50
-157.49
-154.07
-136.24
-108.38
-78.86
-56.14
-44.12
-39.93
-35.92
-24.64
-3.95
20.99
40.10
43.84
28.14
-3.92
-44.28
-83.95
-116.21
-137.67
-147.17
-144.19
-128.24
-99.68
-60.49
-14.31
34.81
83.35
128.54
167.21
194.76
205.82
195.92
163.97
113.43
51.52
-13.07
-72.35
-120.48
-154.22
-172.96
-178.34
-173.84
-163.74
-151.77
-139.74
-127.43
-113.42
-96.63
-77.46
-57.76
-39.95
-26.24
-18.41
-18.15
-27.22
-46.63
-75.47
-109.90
-143.36
-168.39
-178.83
-171.43
-146.23
-106.35
-57.21
-5.71
40.62
74.79
92.07
91.41
75.78
51.29
25.02
3.03
-10.83
-15.08
-9.73
4.33
25.66
52.17
80.92
108.50
131.86
149.24
160.41
166.37
168.35
167.52
164.62
159.93
153.57
145.67
136.56
126.79
117.29
109.15
103.36
100.43
99.87
100.20
99.23
94.81
85.42
70.93
52.59
32.95
15.21
2.12
-5.23
-8.56
-12.13
-21.25
-39.61
-66.76
-97.04
-121.16
-129.30
-114.59
-75.88
-18.82
45.52
103.58
143.42
158.82
151.87
132.68
115.59
113.16
130.33
162.00
195.58
216.81
215.99
191.20
147.50
93.34
36.90
-15.37
-58.16
-86.38
-95.67
-84.39
-55.56
-17.15
20.05
46.16
55.71
48.92
30.51
7.36
-13.82
-28.14
-33.22
-29.03
-17.74
-3.04
10.90
20.58
23.66
19.17
7.05
-12.22
-37.64
-67.55
-99.42
-129.95
-155.46
-172.37
-177.52
-168.55
-144.31
-105.28
-54.27
3.42
60.54
109.28
142.74
156.53
149.64
124.13
84.68
36.94
-13.74
-62.79
-105.94
-138.73
-156.30
-154.80
-133.58
-96.33
-50.88
-6.54
29.36
54.07
69.21
78.55
84.88
88.15
85.92
75.06
54.08
24.34
-10.58
-46.63
-80.80
-112.33
-142.86
-175.45
-213.48
-258.69
-309.54
-361.10
-405.72
-435.12
-443.44
-429.24
-395.91
-350.31
-300.06
-251.03
-206.42
-166.68
-131.01
-98.86
-70.57
-46.85
-28.17
-14.17
-3.93
3.22
7.50
8.81
7.26
3.90
1.18
2.40
10.78
28.43
55.60
90.64
130.63
172.23
212.52
249.82
284.06
316.73
349.83
384.47
419.23
449.70
469.61
473.49
459.38
430.33
393.66
358.05
330.34
313.19
305.12
302.38
301.39
300.35
299.11
297.92
296.29
292.54
284.44
270.42
250.46
226.39
201.18
177.53
156.82
138.49
120.33
99.47
73.25
39.88
-1.14
-48.58
-99.75
-150.45
-195.66
-230.68
-252.86
-262.80
-264.61
-264.61
-269.16
-283.31
-308.86
-343.73
-381.54
-413.15
-429.35
-424.02
-396.09
-349.67
-293.60
-237.98
-191.23
-156.96
-133.98
-118.60
-106.96
-95.94
-82.86
-66.51
-47.12
-27.90
-14.17
-12.40
-28.59
-65.63
-120.78
-177.44
-213.66
-211.34
-168.57
-99.19
-22.36
47.29
103.64
147.57
182.95
212.00
236.19
252.43
257.29
249.66
230.36
201.10
163.42
118.86
67.11
14.77
-29.58
-58.02
-66.74
-57.89
-38.64
-17.63
-1.33
7.71
10.57
8.87
4.06
-3.01
-11.82
-21.50
-30.29
-36.19
-37.93
-35.74
-32.12
-29.96
-31.38
-36.90
-45.54
-55.44
-64.89
-73.01
-79.90
-86.89
-95.36
-105.87
-117.61
-129.35
-137.92
-140.37
-134.66
-120.05
-97.32
-68.39
-35.68
-1.57
31.39
61.16
86.47
106.59
121.24
130.50
134.69
134.47
130.75
124.69
117.47
110.07
103.05
96.60
90.65
85.01
79.40
73.63
67.62
61.41
55.20
49.17
43.33
37.83
32.77
28.28
24.42
21.32
19.03
17.78
17.73
18.76
20.72
23.33
26.23
28.88
31.57
33.10
32.95
30.80
26.50
20.09
11.85
2.23
-8.11
-18.39
-27.92
-35.87
-41.70
-45.13
-46.06
-44.68
-41.48
-36.97
-31.86
-26.79
-22.24
-18.65
-16.47
-15.88
-16.87
-19.24
-22.60
-26.49
-30.15
-32.91
-34.69
-35.68
-36.02
-36.11
-36.51
-37.77
-40.36
-43.60
-46.81
-50.30
-54.31
-58.26
-61.64
-64.08
-65.40
-65.70
-63.19
-56.76
-48.09
-39.19
-31.03
-24.60
-20.73
-20.09
-23.12
-26.27
-26.52
-25.02
-23.43
-21.94
-20.77
-19.68
-17.85
-18.67
-18.07
-11.91
-1.18
12.66
30.28
52.35
79.56
112.17
138.46
153.04
174.68
210.71
251.54
291.59
327.86
360.02
388.85
393.76
364.59
300.80
209.05
102.54
-3.34
-96.05
-166.98
-212.00
-231.12
-223.97
-191.96
-141.52
-80.26
-14.90
47.66
101.76
145.38
172.85
187.08
192.08
188.26
173.73
145.76
101.47
40.11
-40.89
-129.26
-202.69
-245.02
-255.10
-242.47
-218.69
-192.37
-167.80
-145.98
-125.70
-105.89
-87.76
-73.90
-65.56
-61.84
-60.29
-58.35
-54.29
-47.07
-37.34
-27.41
-19.83
-15.62
-14.05
-13.23
-11.18
-6.37
2.22
14.17
27.77
41.08
52.90
62.86
71.02
77.37
81.66
83.62
82.58
77.77
68.99
56.91
43.04
29.33
17.31
8.27
3.02
1.58
3.22
6.79
11.14
15.42
19.24
22.17
24.47
26.82
29.95
34.32
39.97
46.59
53.76
61.26
68.39
75.00
81.12
86.59
90.70
92.02
88.34
76.71
59.54
37.60
12.24
-14.91
-42.42
-69.34
-95.06
-119.29
-141.68
-161.86
-180.68
-199.50
-219.64
-241.18
-261.72
-276.83
-282.10
-275.56
-258.79
-236.46
-212.79
-189.26
-164.14
-134.39
-98.33
-57.36
-15.45
22.93
54.32
77.30
91.54
96.79
92.71
79.80
60.28
38.00
16.85
-0.72
-13.88
-22.84
-27.95
-29.26
-27.01
-22.26
-17.04
-13.69
-13.95
-18.26
-25.87
-35.63
-46.57
-58.01
-69.20
-79.01
-85.75
-87.87
-84.91
-78.14
-70.30
-64.42
-62.22
-63.02
-63.97
-61.05
-50.56
-30.47
-1.14
34.69
72.38
106.28
131.40
144.93
147.15
141.09
131.07
120.79
111.98
104.20
95.72
85.25
73.18
61.66
53.34
49.78
50.30
51.92
50.93
44.87
33.90
20.83
9.62
2.98
0.73
0.26
-1.60
-5.96
-10.67
-11.64
-5.96
5.53
18.26
26.35
26.09
17.97
6.17
-4.02
-9.06
-8.69
-5.40
-2.48
-2.17
-4.78
-9.32
-14.74
-20.65
-27.44
-35.41
-43.80
-50.48
-52.86
-49.49
-41.28
-31.56
-24.41
-22.67
-26.18
-31.52
-33.21
-26.19
-8.14
19.34
50.99
79.79
99.79
108.39
106.90
99.26
89.78
81.19
73.96
66.76
57.98
47.20
36.01
27.42
24.23
27.33
34.94
43.07
47.15
44.09
33.79
19.31
5.61
-2.86
-4.20
0.09
6.16
10.01
9.78
6.36
2.16
-0.62
-1.48
-1.84
-4.11
-10.05
-19.46
-30.01
-38.15
-41.22
-38.96
-33.95
-30.28
-31.35
-37.91
-47.51
-55.95
-59.60
-57.33
-50.92
-43.97
-39.79
-39.65
-42.09
-43.85
-41.74
-33.96
-20.51
-2.54
18.69
42.33
67.24
91.10
110.23
120.63
119.69
107.59
87.44
64.24
42.78
25.88
13.81
5.03
-2.18
-8.27
-12.34
-13.20
-10.47
-5.52
-1.22
-0.58
-5.15
-13.97
-23.77
-30.62
-32.03
-28.15
-21.55
-15.25
-10.41
-5.72
1.32
12.21
25.76
38.27
45.43
44.77
37.10
26.04
16.07
10.19
8.54
8.64
6.91
0.67
-10.62
-25.36
-40.64
-53.44
-61.85
-65.53
-65.81
-65.03
-65.50
-68.40
-73.14
-77.31
-77.11
-68.83
-50.39
-22.77
9.64
40.23
62.86
74.63
76.69
73.14
68.14
63.79
59.43
53.05
43.45
31.92
22.01
17.61
20.44
28.78
38.32
44.43
44.45
38.81
30.22
21.97
16.08
12.41
9.21
4.54
-2.31
-10.13
-16.28
-18.34
-15.75
-10.20
-4.55
-1.38
-1.78
-5.20
-10.03
-14.35
-16.71
-16.55
-14.56
-12.49
-12.68
-16.98
-25.69
-37.01
-47.55
-54.06
-55.03
-51.46
-46.32
-42.90
-43.01
-46.05
-49.52
-50.55
-47.44
-39.99
-28.75
-14.14
4.14
26.21
50.56
73.47
90.14
96.87
93.01
81.28
66.36
52.48
41.51
32.67
24.02
14.50
5.17
-1.27
-2.51
1.54
8.28
13.61
14.10
8.74
-0.72
-10.88
-18.36
-21.47
-20.58
-17.58
-14.63
-12.76
-11.50
-9.79
-6.99
-3.50
-0.70
-0.14
-2.45
-6.84
-11.24
-13.45
-12.38
-8.98
-5.98
-6.40
-11.80
-21.24
-31.68
-39.57
-42.64
-40.91
-36.34
-31.46
-27.95
-26.05
-24.80
-22.75
-18.46
-10.65
1.77
19.12
40.04
61.12
77.79
86.09
84.54
74.85
61.00
47.16
35.65
26.19
16.93
6.55
-3.99
-11.60
-13.09
-7.58
2.38
11.74
15.69
12.23
3.12
-7.21
-14.28
-16.02
-13.48
-9.80
-7.98
-8.89
-11.04
-12.03
-10.46
-6.85
-3.38
-2.34
-4.83
-10.26
-16.59
-21.49
-23.42
-22.35
-19.76
-17.96
-18.96
-23.42
-30.32
-37.28
-41.69
-42.07
-38.78
-33.89
-30.02
-28.68
-29.55
-30.80
-30.06
-25.42
-15.88
-1.23
18.15
40.83
63.94
83.38
95.01
96.38
87.84
72.51
54.93
39.16
27.19
18.83
12.75
7.97
4.73
4.09
6.63
11.64
16.95
19.87
18.61
13.23
5.68
-1.09
-4.68
-4.45
-1.72
1.08
1.92
0.53
-1.69
-3.00
-2.64
-1.39
-1.29
-4.17
-10.65
-19.76
-29.48
-37.78
-43.57
-47.04
-49.20
-51.10
-52.94
-53.93
-52.71
-48.25
-40.79
-31.99
-24.17
-19.03
-16.63
-15.16
-11.77
-4.00
9.11
26.70
46.54
65.65
81.00
90.07
91.24
84.20
70.18
52.04
33.37
17.25
4.98
-4.00
-11.10
-16.94
-20.55
-20.21
-15.17
-6.93
0.75
3.82
0.25
-8.68
-18.94
-26.06
-27.68
-24.48
-19.46
-15.68
-14.34
-14.31
-13.50
-10.46
-5.36
0.19
4.32
5.83
4.65
1.54
-2.59
-7.04
-11.39
-15.42
-18.92
-21.64
-23.48
-24.50
-24.92
-25.07
-25.14
-25.17
-25.11
-24.71
-23.14
-19.00
-10.61
3.14
21.49
41.27
57.74
66.64
66.14
57.65
44.88
31.89
21.29
13.52
7.68
2.99
-0.18
-0.44
3.31
10.50
18.58
23.97
23.86
17.63
7.31
-3.53
-11.49
-14.94
-14.35
-11.55
-8.32
-5.39
-2.18
2.35
8.31
14.47
18.68
19.07
15.23
8.41
0.89
-5.02
-7.87
-7.41
-4.35
-0.09
3.75
5.77
5.32
2.68
-1.04
-4.43
-6.48
-7.10
-7.18
-8.04
-10.62
-14.87
-19.77
-23.58
-24.37
-20.72
-12.09
0.67
15.18
27.99
35.71
36.51
30.84
21.17
10.66
1.84
-4.40
-8.58
-11.63
-13.71
-13.73
-10.08
-2.09
8.80
19.31
25.75
25.96
20.56
12.58
5.82
2.80
3.50
5.69
6.53
4.33
-0.44
-5.71
-9.34
-10.69
-10.75
-11.10
-12.65
-14.94
-16.66
-16.64
-14.71
-11.66
-8.63
-6.39
-5.12
-4.69
-5.08
-6.43
-8.80
-11.83
-14.78
-16.99
-18.16
-18.58
-18.82
-19.32
-20.08
-20.71
-20.89
-20.58
-19.84
-18.39
-15.35
-9.40
0.41
13.64
28.26
41.33
50.22
53.64
51.77
45.86
37.41
27.55
17.04
6.69
-2.13
-7.52
-7.63
-1.93
8.09
19.09
27.07
29.17
24.92
16.42
7.23
0.58
-2.29
-2.53
-2.69
-5.04
-9.90
-15.56
-19.71
-21.10
-20.34
-19.58
-20.90
-24.92
-30.46
-35.25
-37.41
-36.65
-34.18
-31.73
-30.18
-28.94
-26.45
-21.24
-13.17
-3.70
4.86
10.60
12.96
12.81
11.84
11.69
13.31
17.01
22.54
29.07
35.11
38.71
38.00
32.16
21.84
9.02
-3.80
-14.81
-23.52
-30.53
-36.59
-41.58
-44.30
-43.12
-37.22
-27.38
-15.84
-5.27
2.46
7.04
9.56
11.64
14.46
18.15
21.92
24.67
25.82
25.72
25.26
25.04
24.88
23.82
20.75
15.23
7.88
0.15
-6.38
-10.84
-13.32
-14.62
-15.64
-16.88
-18.27
-19.49
-20.30
-20.86
-21.43
-22.14
-22.67
-22.52
-21.39
-19.49
-17.46
-16.04
-15.41
-14.71
-12.21
-5.96
5.12
20.35
37.06
51.49
60.37
62.31
58.16
50.26
41.15
32.52
24.92
18.21
12.35
7.82
5.49
5.99
8.98
13.12
16.60
17.86
16.32
12.45
7.51
2.85
-0.65
-2.96
-4.68
-6.69
-9.57
-13.24
-17.03
-20.28
-22.79
-24.90
-27.23
-30.22
-33.82
-37.58
-40.92
-43.38
-44.67
-44.72
-43.51
-41.14
-37.94
-34.42
-31.17
-28.55
-26.53
-24.69
-22.45
-19.26
-14.92
-9.64
-3.96
1.46
5.98
9.01
10.47
10.96
11.91
15.20
22.28
33.14
45.74
56.72
62.77
62.32
56.02
46.26
35.71
25.96
17.12
8.40
-0.55
-8.86
-14.56
-15.88
-12.49
-6.07
0.42
4.21
4.03
0.64
-3.77
-6.86
-7.38
-5.49
-2.26
1.08
4.06
7.06
10.75
15.26
19.91
23.40
24.65
23.38
20.21
16.36
12.91
10.30
8.24
5.99
2.89
-1.29
-6.15
-10.86
-14.54
-16.71
-17.32
-16.80
-15.78
-14.82
-14.25
-14.13
-14.24
-14.09
-13.05
-10.48
-5.93
0.53
8.06
15.25
20.63
23.36
23.61
22.38
20.79
19.45
18.08
15.97
12.63
8.36
4.30
1.89
2.00
4.24
7.01
8.19
6.12
0.29
-8.50
-18.60
-28.32
-36.50
-42.69
-46.97
-49.40
-49.66
-47.01
-40.84
-31.20
-19.02
-5.87
6.58
17.12
25.22
30.92
34.42
35.66
34.34
30.14
23.25
14.66
5.99
-1.03
-5.24
-6.59
-6.11
-5.39
-5.77
-7.65
-10.47
-13.07
-14.21
-12.96
-8.90
-2.09
6.86
16.55
25.02
30.25
30.91
26.99
19.74
11.16
3.18
-2.94
-6.74
-8.26
-7.55
-4.55
0.72
7.68
15.02
20.98
24.00
23.29
19.12
12.70
5.59
-0.74
-5.42
-8.23
-9.44
-9.45
-8.55
-6.76
-4.23
-1.44
0.81
1.71
0.94
-1.14
-3.61
-5.54
-6.43
-6.44
-6.27
-6.66
-8.02
-10.20
-12.72
-15.03
-16.66
-17.35
-16.98
-15.51
-13.10
-10.22
-7.49
-5.46
-4.18
-2.94
-0.42
4.61
12.41
21.84
30.51
35.85
36.16
31.39
23.17
13.92
5.72
-0.43
-4.57
-7.11
-8.06
-6.89
-3.19
2.59
8.75
12.99
13.52
10.11
4.26
-1.71
-5.87
-7.63
-7.80
-7.82
-8.74
-10.60
-12.62
-13.92
-14.13
-13.45
-12.48
-11.68
-11.21
-10.97
-10.78
-10.60
-10.48
-10.45
-10.32
-9.69
-8.10
-5.36
-1.76
1.91
4.58
5.44
4.40
2.48
1.35
2.76
7.62
15.34
23.92
30.68
33.47
31.54
25.70
17.67
9.09
0.79
-7.14
-14.93
-22.33
-28.39
-31.70
-31.22
-26.99
-20.31
-13.21
-7.61
-4.58
-4.10
-5.30
-6.96
-8.02
-7.84
-6.25
-3.50
-0.07
3.49
6.80
9.62
11.91
13.67
14.76
14.79
13.22
9.64
4.15
-2.43
-8.89
-14.08
-17.27
-18.42
-17.86
-15.99
-13.10
-9.33
-4.84
0.03
4.83
9.31
13.57
18.07
23.33
29.42
35.64
40.66
43.04
41.96
37.63
31.06
23.48
15.70
7.85
-0.32
-8.86
-17.01
-23.38
-26.57
-26.15
-23.23
-19.95
-18.46
-19.65
-22.67
-25.31
-25.27
-21.38
-14.24
-5.74
1.95
7.41
10.56
12.27
13.49
14.56
15.32
15.61
15.80
16.75
18.97
21.90
23.70
22.07
15.59
4.76
-8.07
-19.80
-28.04
-32.14
-33.12
-32.73
-32.35
-32.37
-32.30
-31.36
-29.05
-25.26
-20.10
-13.77
-6.55
1.08
8.43
14.75
19.39
22.09
23.07
22.88
22.17
21.41
20.85
20.58
20.76
21.67
23.45
25.83
28.02
28.84
27.40
23.49
17.76
11.30
5.05
-0.72
-6.34
-12.31
-18.75
-25.09
-30.44
-34.09
-35.92
-36.31
-35.85
-34.97
-33.88
-32.63
-31.17
-29.29
-26.49
-22.15
-15.80
-7.55
1.63
10.16
16.51
19.85
20.39
19.10
17.30
16.07
16.12
17.77
20.94
25.06
28.98
31.28
30.77
27.08
20.84
13.43
6.27
0.21
-4.68
-8.70
-11.94
-13.94
-13.93
-11.55
-7.40
-2.96
0.13
0.96
-0.19
-2.12
-3.42
-3.39
-2.35
-1.28
-1.26
-2.69
-5.14
-7.65
-9.44
-10.31
-10.69
-11.25
-12.33
-13.80
-15.18
-16.07
-16.55
-17.19
-18.67
-21.22
-24.22
-26.44
-26.61
-24.20
-19.74
-14.53
-9.85
-6.21
-3.05
0.94
6.91
15.14
24.74
33.85
40.47
43.29
42.11
37.73
31.50
24.72
18.15
12.07
6.39
1.18
-3.09
-5.61
-5.76
-3.63
-0.31
2.52
3.41
1.95
-1.10
-4.15
-5.80
-5.65
-4.40
-3.31
-3.33
-4.42
-5.65
-5.95
-5.01
-3.51
-2.74
-3.72
-6.42
-9.88
-12.82
-14.42
-14.84
-14.94
-15.57
-16.94
-18.45
-19.15
-18.41
-16.29
-13.42
-10.56
-8.05
-5.76
-3.33
-0.60
2.31
5.14
7.89
10.99
15.04
20.31
26.26
31.59
34.80
34.91
31.90
26.58
20.13
13.44
6.81
0.13
-6.65
-13.08
-18.21
-21.01
-21.05
-18.89
-15.93
-13.78
-13.42
-14.79
-16.92
-18.57
-18.90
-17.82
-15.73
-13.13
-10.18
-6.67
-2.45
2.20
6.57
9.91
11.85
12.57
12.59
12.34
11.87
10.85
8.88
5.87
2.14
-1.77
-5.31
-8.22
-10.45
-12.10
-13.30
-14.09
-14.48
-14.44
-13.98
-12.96
-11.12
-7.95
-2.92
4.32
13.45
23.34
32.09
37.71
38.78
35.09
27.76
18.76
10.09
3.01
-2.16
-5.79
-8.29
-9.75
-9.99
-8.97
-7.18
-5.63
-5.36
-6.87
-9.84
-13.31
-16.13
-17.59
-17.54
-16.30
-14.34
-11.94
-9.24
-6.35
-3.60
-1.41
-0.21
-0.12
-0.90
-2.16
-3.48
-4.68
-5.76
-6.91
-8.34
-10.13
-12.17
-14.07
-15.35
-15.54
-14.34
-11.79
-8.27
-4.45
-1.12
1.12
1.95
1.57
0.63
0.14
1.14
4.39
10.01
17.31
24.91
31.14
34.60
34.66
31.46
25.78
18.70
11.26
4.28
-1.64
-5.96
-8.28
-8.36
-6.41
-3.30
-0.25
1.58
1.55
-0.24
-3.13
-6.25
-8.96
-10.88
-11.87
-11.87
-10.92
-9.20
-7.17
-5.54
-4.97
-5.67
-7.20
-8.66
-9.10
-8.03
-5.58
-2.33
1.02
3.94
6.14
7.54
8.14
7.98
7.16
5.95
4.75
3.88
3.49
3.40
3.18
2.45
1.10
-0.46
-1.47
-1.11
1.00
4.44
8.05
10.40
10.42
7.91
3.52
-1.61
-6.43
-10.37
-13.32
-15.33
-16.16
-15.18
-11.63
-5.18
3.52
12.89
20.92
25.96
27.34
25.53
21.65
16.92
12.15
7.62
3.35
-0.68
-4.28
-7.29
-9.81
-12.20
-14.89
-18.05
-21.43
-24.43
-26.47
-27.26
-26.86
-25.59
-23.78
-21.56
-18.92
-15.85
-12.41
-8.71
-4.90
-1.08
2.59
5.88
8.45
9.99
10.49
10.46
10.94
13.13
17.75
24.46
31.72
37.26
39.01
35.94
28.43
18.00
6.68
-3.69
-11.92
-17.45
-20.16
-20.20
-17.81
-13.49
-8.09
-2.77
1.35
3.45
3.32
1.41
-1.35
-3.80
-4.96
-4.36
-2.13
0.97
3.95
5.93
6.48
5.63
3.77
1.36
-1.19
-3.65
-5.87
-7.80
-9.30
-10.31
-10.89
-11.21
-11.52
-11.87
-12.03
-11.64
-10.37
-8.22
-5.57
-3.00
-0.93
0.49
1.44
2.25
3.30
4.93
7.49
11.28
16.29
21.94
26.96
29.78
29.16
24.74
17.23
8.18
-0.76
-8.31
-13.83
-17.22
-18.51
-17.70
-14.80
-10.07
-4.18
1.96
7.44
11.63
14.20
14.95
13.78
10.73
6.18
0.95
-3.86
-7.24
-8.76
-8.77
-8.33
-8.66
-10.62
-14.29
-19.00
-23.72
-27.52
-29.81
-30.50
-29.88
-28.41
-26.57
-24.70
-22.85
-20.85
-18.36
-14.99
-10.44
-4.65
2.17
9.47
16.49
22.37
26.41
28.34
28.55
28.01
27.95
29.28
31.99
35.01
36.62
35.24
30.28
22.37
12.98
3.74
-4.25
-10.60
-15.39
-18.68
-20.22
-19.54
-16.51
-11.69
-6.25
-1.54
1.58
3.02
3.44
3.74
4.57
5.96
7.43
8.35
8.27
7.24
5.78
4.57
3.99
3.91
3.77
2.91
1.09
-1.45
-4.05
-6.12
-7.48
-8.53
-9.96
-12.29
-15.53
-19.13
-22.24
-24.19
-24.71
-23.98
-22.38
-20.29
-17.94
-15.39
-12.58
-9.50
-6.05
-2.14
2.45
7.99
14.65
22.18
29.73
35.93
39.31
38.97
34.98
28.38
20.80
13.69
7.79
3.11
-0.60
-3.34
-4.63
-3.96
-1.45
1.86
4.29
4.37
1.61
-3.11
-8.15
-11.89
-13.55
-13.32
-12.04
-10.51
-9.13
-7.89
-6.72
-5.77
-5.33
-5.63
-6.50
-7.41
-7.70
-7.03
-5.54
-3.87
-2.78
-2.70
-3.46
-4.42
-4.77
-3.99
-1.98
0.92
4.06
6.80
8.59
9.12
8.48
7.20
6.20
6.55
9.09
13.87
20.02
25.91
29.87
30.81
28.64
24.14
18.49
12.70
7.32
2.56
-1.44
-4.39
-5.82
-5.36
-3.12
0.08
2.97
4.27
3.22
-0.27
-5.78
-12.60
-20.04
-27.47
-34.27
-39.73
-43.06
-43.54
-40.90
-35.58
-28.64
-21.42
-15.03
-9.81
-5.01
0.93
9.73
22.23
37.51
53.02
65.32
71.60
70.60
62.73
49.46
32.43
13.24
-6.40
-24.28
-38.06
-46.33
-49.61
-50.52
-52.28
-56.43
-61.31
-62.61
-55.89
-39.58
-16.33
8.29
28.63
41.86
48.64
51.36
51.53
48.29
39.21
22.83
1.08
-20.38
-34.27
-35.18
-22.11
1.05
27.66
51.57
69.52
81.88
91.07
99.17
106.08
109.22
104.95
90.75
66.83
36.33
4.06
-25.52
-49.96
-69.07
-84.14
-96.64
-107.57
-117.41
-126.34
-134.35
-140.87
-144.45
-143.00
-134.60
-118.53
-95.84
-68.77
-39.80
-10.78
17.09
42.69
64.50
80.75
90.36
93.64
92.26
88.25
82.83
75.91
66.63
54.60
40.81
27.74
18.13
13.62
13.80
16.50
19.04
19.51
17.36
13.05
7.13
-0.52
-10.58
-23.35
-37.78
-51.16
-60.06
-61.97
-56.54
-45.90
-33.39
-21.90
-12.72
-5.44
0.97
7.27
13.51
19.36
24.43
28.30
30.12
28.39
21.45
8.54
-9.14
-28.40
-45.14
-56.11
-60.29
-59.13
-55.28
-50.93
-46.54
-40.74
-31.37
-16.93
2.40
24.48
45.72
62.31
71.43
72.09
65.29
53.34
38.84
23.87
9.61
-3.23
-13.80
-20.76
-22.48
-17.90
-7.36
7.06
22.09
34.42
41.84
43.68
40.39
32.87
21.97
8.57
-5.93
-19.53
-30.07
-36.15
-37.79
-36.41
-33.77
-30.72
-26.60
-19.80
-9.23
4.26
17.62
26.84
28.83
23.05
11.74
-1.31
-12.67
-20.65
-25.44
-28.09
-29.10
-27.89
-23.36
-15.17
-4.61
5.68
13.14
17.05
19.08
22.26
28.91
38.76
48.84
55.02
54.46
47.10
35.60
23.49
13.12
4.62
-3.40
-12.27
-21.89
-30.46
-35.61
-35.84
-31.56
-24.96
-18.85
-15.28
-14.70
-16.03
-17.53
-17.83
-16.51
-14.13
-11.66
-9.79
-8.55
-7.45
-5.85
-3.34
0.05
3.97
7.95
11.46
14.03
15.21
14.75
12.84
10.12
7.47
5.58
4.56
3.97
3.22
1.99
0.41
-1.22
-2.80
-4.73
-7.55
-11.41
-15.48
-18.00
-16.93
-10.95
-0.29
12.98
25.51
33.91
36.03
31.84
23.35
13.67
5.57
0.37
-2.38
-4.05
-5.73
-7.33
-7.79
-6.04
-1.97
3.26
7.98
10.96
11.89
11.17
9.02
5.19
-0.58
-7.88
-15.30
-21.00
-23.92
-24.55
-24.58
-25.52
-27.37
-28.37
-26.37
-20.67
-12.89
-6.19
-3.12
-3.83
-5.80
-5.53
-0.85
7.57
16.63
22.65
23.47
19.44
12.91
6.66
2.58
1.06
1.42
2.69
4.21
5.71
7.06
8.02
8.14
6.94
4.33
0.78
-2.61
-4.46
-3.61
0.53
7.77
17.12
27.08
35.84
41.65
43.08
39.40
30.87
18.92
5.86
-5.77
-14.10
-18.52
-19.77
-19.33
-18.52
-17.85
-17.06
-15.61
-13.37
-10.99
-9.61
-10.31
-13.46
-18.44
-23.89
-28.37
-30.84
-30.94
-28.79
-24.75
-19.11
-12.19
-4.57
2.69
8.16
10.57
9.37
5.08
-0.94
-7.10
-12.25
-16.04
-18.63
-20.29
-20.91
-19.94
-16.77
-11.19
-3.66
4.79
13.12
20.77
27.70
34.06
39.52
43.07
43.39
39.74
32.78
24.74
18.55
16.21
17.66
20.72
22.30
20.21
14.27
6.24
-1.47
-7.20
-10.65
-12.22
-12.02
-9.43
-3.61
5.33
15.52
23.71
26.76
23.25
14.09
1.78
-11.17
-23.53
-35.53
-48.00
-61.10
-73.92
-84.93
-92.99
-98.12
-101.25
-103.26
-104.30
-103.63
-100.04
-92.40
-80.01
-62.65
-40.65
-14.95
12.62
39.46
62.85
81.00
93.85
102.94
110.51
118.00
125.26
130.86
133.30
132.36
129.54
127.26
127.42
130.18
133.70
134.85
130.45
118.33
97.88
70.11
37.23
2.41
-30.70
-58.49
-78.31
-89.32
-92.79
-91.72
-89.62
-89.24
-91.83
-97.45
-105.55
-115.67
-127.43
-139.92
-151.32
-159.02
-160.58
-154.58
-141.24
-122.14
-99.38
-74.86
-49.90
-25.45
-2.36
18.54
36.70
52.11
65.22
76.57
86.37
94.26
99.66
102.21
102.21
100.69
99.01
98.18
98.47
99.23
99.26
97.43
93.10
86.29
77.40
66.78
54.50
40.49
24.91
8.51
-7.37
-21.31
-32.33
-40.34
-46.14
-50.81
-55.14
-59.34
-63.05
-65.77
-67.26
-67.67
-67.45
-67.03
-66.60
-65.94
-64.65
-62.37
-58.92
-54.44
-49.32
-43.90
-38.36
-32.55
-26.16
-18.81
-10.23
-0.27
11.05
23.59
36.92
50.23
62.32
71.85
77.76
79.60
77.73
73.12
66.94
60.15
53.24
46.37
39.68
33.50
28.25
24.19
21.01
17.85
13.56
7.28
-1.11
-10.84
-20.58
-29.04
-35.49
-39.99
-43.15
-45.59
-47.55
-48.77
-48.75
-47.19
-44.25
-40.48
-36.52
-32.79
-29.19
-25.25
-20.43
-14.48
-7.53
-0.02
7.56
14.81
21.49
27.46
32.55
36.54
39.29
40.91
41.73
42.25
42.76
43.11
42.66
40.48
35.90
28.83
19.92
10.35
1.21
-6.93
-14.18
-20.99
-27.56
-33.51
-37.91
-39.86
-39.09
-36.16
-32.18
-28.19
-24.60
-21.11
-17.12
-12.31
-6.90
-1.58
2.98
6.57
9.49
12.31
15.36
18.44
20.92
22.11
21.65
19.68
16.72
13.38
10.06
6.95
4.07
1.44
-0.91
-2.97
-4.83
-6.64
-8.42
-9.90
-10.47
-9.45
-6.51
-2.11
2.52
5.82
6.61
4.60
0.45
-4.54
-9.19
-12.82
-15.40
-17.08
-17.79
-16.99
-13.99
-8.54
-1.24
6.37
12.54
16.03
16.67
15.29
13.17
11.33
10.16
9.53
9.15
8.91
8.82
8.75
8.24
6.69
3.76
-0.24
-4.46
-8.01
-10.50
-12.27
-14.10
-16.63
-19.91
-23.36
-26.23
-27.93
-28.31
-27.29
-24.62
-19.77
-12.38
-2.80
7.59
16.75
22.89
25.24
24.49
22.28
20.25
19.10
18.42
17.29
15.17
12.57
10.63
10.39
11.77
13.47
13.54
10.54
4.46
-3.39
-11.02
-16.94
-20.67
-22.69
-23.76
-24.18
-23.66
-21.82
-18.76
-15.30
-12.67
-11.75
-12.57
-14.23
-15.44
-15.21
-13.28
-10.09
-6.38
-2.78
0.38
2.97
4.92
6.31
7.38
8.69
10.95
14.57
19.15
23.51
26.12
25.84
22.54
17.19
11.32
6.26
2.58
-0.08
-2.50
-5.24
-8.25
-10.88
-12.37
-12.39
-11.21
-9.55
-8.11
-7.15
-6.49
-5.72
-4.57
-3.14
-1.78
-0.81
-0.09
1.05
3.44
7.45
12.47
16.95
18.96
17.01
10.77
1.33
-9.27
-18.77
-25.46
-28.64
-28.57
-26.07
-22.20
-17.86
-13.70
-9.96
-6.38
-2.19
3.59
11.57
21.37
31.38
39.31
43.16
42.08
36.69
28.59
19.43
10.08
0.57
-9.26
-18.88
-26.76
-30.96
-30.23
-24.96
-17.23
-9.81
-4.72
-2.27
-1.27
-0.02
2.36
5.40
7.66
7.81
5.55
1.97
-1.22
-2.58
-1.75
0.46
2.70
3.82
3.50
2.23
1.08
0.93
2.02
3.73
4.89
4.39
1.83
-2.21
-6.54
-9.98
-12.07
-13.10
-13.69
-14.02
-13.36
-10.42
-4.22
4.99
15.58
25.08
31.30
33.29
31.50
27.24
21.82
15.90
9.53
2.69
-4.13
-9.89
-13.34
-13.80
-11.66
-8.19
-4.92
-2.84
-1.96
-1.54
-0.77
0.61
2.16
3.06
2.83
1.73
0.64
0.47
1.56
3.36
4.77
4.70
2.63
-1.14
-5.75
-10.13
-13.51
-15.58
-16.56
-16.91
-17.12
-17.40
-17.59
-17.32
-16.31
-14.52
-12.12
-9.24
-5.69
-0.94
5.48
13.39
21.57
28.08
31.26
30.75
27.95
25.45
25.58
28.95
33.93
37.53
37.15
32.26
24.62
16.95
10.98
6.24
0.58
-7.92
-19.08
-30.40
-38.56
-41.73
-40.78
-38.45
-37.07
-36.52
-33.98
-25.97
-11.04
8.56
27.82
41.42
46.15
41.62
29.35
11.23
-11.14
-35.87
-60.04
-79.62
-90.96
-92.48
-85.49
-73.18
-58.60
-42.97
-25.58
-5.24
18.00
42.07
63.92
81.10
92.94
100.27
104.17
104.72
100.89
91.61
77.11
59.46
41.85
27.04
15.95
7.49
-0.42
-9.44
-19.74
-29.99
-38.30
-43.46
-45.52
-45.59
-44.88
-43.79
-41.78
-37.98
-32.16
-25.41
-19.86
-17.59
-19.47
-24.62
-30.91
-36.09
-38.86
-39.39
-38.83
-38.51
-39.15
-40.47
-41.35
-40.28
-35.90
-27.45
-15.09
-0.11
15.18
28.01
35.84
37.30
32.70
24.12
14.67
7.38
4.05
4.43
6.27
6.21
1.21
-9.97
-26.04
-43.59
-58.42
-67.38
-69.58
-66.23
-59.62
-51.90
-44.35
-37.21
-30.21
-22.95
-14.99
-6.09
3.72
13.39
20.52
21.69
14.05
-3.06
-26.46
-49.72
-65.07
-65.35
-46.80
-10.54
37.67
89.35
135.51
169.69
188.40
190.93
180.02
159.82
134.05
104.99
74.03
42.04
11.87
-13.78
-33.97
-47.93
-55.86
-59.23
-60.03
-59.25
-57.35
-51.90
-41.55
-27.45
-9.45
14.18
46.03
88.28
142.16
205.59
277.13
352.82
410.73
429.19
399.38
331.87
247.81
176.15
116.47
62.53
7.16
-55.71
-127.89
-204.23
-276.93
-339.09
-386.36
-418.64
-434.69
-433.88
-415.84
-378.06
-318.20
-237.64
-143.31
-46.30
40.57
109.75
158.55
188.38
204.44
212.41
215.02
210.59
194.50
161.57
111.27
47.73
-21.26
-85.94
-137.63
-171.28
-186.18
-184.77
-171.00
-148.01
-118.54
-85.43
-51.61
-19.72
8.30
31.73
50.94
66.66
79.46
88.95
93.90
92.88
85.04
70.54
50.62
27.27
3.01
-19.63
-38.56
-52.50
-61.25
-65.69
-67.17
-66.88
-65.35
-62.28
-57.05
-49.37
-39.89
-30.23
-22.52
-18.56
-19.16
-23.91
-31.37
-39.70
-47.05
-51.94
-53.16
-49.87
-41.57
-28.33
-11.02
8.63
28.44
46.29
60.61
70.66
76.24
77.32
73.80
65.58
53.01
37.17
20.04
4.04
-8.61
-16.56
-19.56
-18.32
-14.09
-8.28
-2.22
2.93
6.30
7.56
7.04
5.87
5.57
7.57
12.65
20.59
30.34
40.35
49.21
55.82
59.58
60.33
58.28
54.07
48.82
43.94
40.83
40.39
42.68
46.80
51.13
53.79
53.27
48.73
40.17
28.11
13.24
-3.96
-23.20
-44.03
-65.39
-85.33
-101.18
-110.21
-110.41
-101.19
-83.56
-59.90
-33.42
-7.49
14.91
31.48
40.85
42.72
37.94
28.35
16.29
4.01
-6.88
-15.54
-21.78
-25.68
-27.33
-26.81
-24.35
-20.62
-16.53
-12.89
-9.90
-7.03
-3.24
2.30
9.54
17.44
24.31
28.57
29.38
26.95
22.33
16.87
11.82
7.87
5.20
3.67
3.03
3.08
3.71
4.77
6.01
7.03
7.48
7.26
6.78
6.96
8.83
13.11
19.78
28.08
37.00
45.79
54.39
63.35
73.24
84.03
94.70
103.31
107.76
106.62
99.58
87.21
70.49
50.15
26.87
1.78
-23.25
-45.67
-62.85
-73.19
-76.73
-75.03
-70.38
-64.53
-57.98
-50.55
-41.95
-32.35
-22.36
-12.40
-1.97
10.06
25.18
44.30
66.20
87.96
106.09
117.92
122.41
120.52
113.46
102.61
89.15
72.41
51.19
25.21
-4.10
-33.87
-59.99
-80.50
-94.48
-101.76
-105.15
-108.16
-112.94
-119.16
-124.69
-125.92
-123.12
-118.57
-115.46
-119.79
-136.67
-167.51
-209.50
-257.62
-305.95
-354.24
-404.07
-437.96
-439.27
-400.38
-328.86
-242.10
-169.20
-110.67
-62.26
-18.06
28.79
83.30
144.38
207.20
265.21
312.37
347.45
370.47
385.30
397.45
407.58
410.80
399.36
367.11
312.96
243.33
166.70
93.17
32.28
-10.49
-33.63
-38.62
-29.34
-12.30
4.85
12.77
4.90
-19.50
-55.52
-94.08
-124.87
-140.30
-138.63
-124.05
-105.93
-94.63
-97.75
-118.09
-152.63
-192.96
-227.37
-243.68
-232.16
-188.54
-115.55
-22.84
74.77
161.06
223.09
254.91
259.14
245.27
225.41
209.28
200.85
197.68
193.05
179.48
152.07
110.22
57.18
-2.02
-62.43
-120.02
-171.84
-215.60
-249.66
-273.14
-286.21
-290.10
-286.39
-275.96
-258.20
-231.10
-192.30
-140.88
-78.76
-11.20
54.15
109.37
148.72
170.39
176.73
172.88
164.47
155.51
147.35
139.16
129.59
118.27
106.43
96.34
89.82
87.19
86.99
86.77
84.21
78.13
68.63
56.80
43.95
31.12
18.89
7.57
-2.59
-11.25
-18.00
-22.57
-25.07
-26.24
-27.46
-30.32
-35.96
-44.47
-54.62
-64.33
-71.49
-74.89
-74.69
-72.13
-68.79
-65.67
-62.78
-59.18
-53.50
-44.59
-32.00
-16.28
0.94
17.26
30.09
37.49
39.10
36.48
32.62
30.65
32.24
36.94
42.65
47.14
49.41
50.03
50.25
50.62
50.41
48.18
43.15
36.09
28.98
23.48
19.50
15.05
7.55
-4.29
-19.30
-34.46
-46.64
-54.15
-57.25
-57.15
-54.76
-50.17
-43.04
-33.63
-23.38
-14.53
-9.14
-8.05
-10.71
-15.75
-21.67
-27.32
-31.70
-33.79
-32.53
-27.40
-19.07
-9.57
-1.96
0.91
-2.53
-11.80
-24.47
-36.93
-45.43
-46.96
-39.94
-24.60
-2.95
21.50
44.63
62.78
73.90
77.99
76.70
72.24
66.34
59.74
52.44
44.40
36.06
28.16
21.20
14.83
7.85
-1.19
-13.09
-27.49
-43.07
-58.15
-71.28
-81.43
-87.74
-89.25
-84.98
-74.53
-58.83
-40.45
-23.03
-10.03
-3.31
-2.34
-4.46
-6.18
-4.66
1.18
10.53
21.55
32.42
42.24
51.06
59.45
67.82
75.93
82.72
86.65
86.15
80.22
68.92
53.56
36.44
20.29
7.47
-0.76
-4.35
-4.28
-2.17
0.06
0.16
-4.30
-15.22
-32.88
-54.97
-76.67
-92.28
-97.82
-93.19
-82.49
-72.23
-67.98
-71.51
-80.02
-87.72
-89.02
-81.41
-66.20
-47.20
-28.12
-10.45
6.76
25.48
46.60
68.57
87.79
100.52
104.94
102.15
95.57
88.80
83.64
79.11
72.27
60.09
41.46
18.05
-6.30
-27.35
-42.40
-51.31
-56.07
-59.31
-62.61
-65.62
-66.45
-63.13
-55.00
-43.38
-30.98
-20.53
-13.56
-9.82
-7.73
-5.26
-1.01
5.37
13.32
21.62
28.88
33.89
35.96
35.11
32.11
28.14
24.32
21.17
18.58
16.01
12.87
8.84
3.92
-1.51
-6.68
-10.39
-11.23
-7.89
0.27
12.95
28.91
46.29
63.07
77.48
87.99
93.28
92.10
83.44
66.95
43.24
14.20
-17.09
-46.67
-70.32
-84.67
-88.26
-82.38
-70.82
-58.58
-50.03
-47.24
-49.53
-54.29
-58.61
-60.71
-60.51
-59.22
-58.39
-59.23
-62.21
-66.97
-72.17
-75.53
-74.05
-64.62
-45.34
-16.65
17.92
52.54
81.34
101.09
112.90
122.18
136.35
161.37
198.39
242.01
281.48
304.45
301.75
271.16
218.39
154.57
91.74
38.37
-2.90
-34.49
-60.80
-85.18
-108.30
-128.83
-145.30
-157.43
-165.90
-171.17
-172.49
-168.30
-157.94
-143.05
-127.64
-116.69
-113.89
-119.90
-132.24
-146.43
-157.78
-162.74
-159.20
-146.13
-123.23
-90.84
-50.26
-4.29
42.67
85.07
117.33
135.32
137.98
127.89
110.54
92.21
77.31
66.76
58.08
47.48
32.53
13.73
-5.88
-22.87
-35.68
-45.47
-54.97
-66.05
-77.90
-86.96
-88.76
-80.52
-62.81
-39.36
-15.31
5.01
19.44
28.07
32.53
35.12
38.09
43.30
51.81
63.50
76.93
89.59
98.78
102.54
100.30
93.20
83.74
74.83
68.79
66.51
67.11
68.27
67.03
60.77
48.35
30.87
11.53
-5.06
-14.08
-11.97
2.32
26.67
55.89
83.88
106.25
121.90
133.00
143.04
153.86
163.88
167.98
158.75
130.47
82.42
19.46
-49.01
-111.09
-155.32
-172.78
-160.09
-123.27
-75.56
-32.29
-6.17
-2.28
-16.42
-38.16
-55.96
-63.51
-65.43
-71.90
-90.61
-123.46
-165.52
-207.70
-241.05
-258.29
-254.29
-229.40
-184.62
-119.25
-34.98
62.33
163.21
249.21
299.24
322.01
329.41
321.95
302.74
274.34
238.33
196.08
148.76
98.59
48.60
-1.89
-52.89
-101.23
-143.48
-177.27
-201.51
-216.38
-221.75
-216.52
-201.92
-178.24
-144.35
-101.73
-55.63
-13.70
17.05
33.87
39.15
36.51
30.86
25.56
18.25
1.84
-30.72
-81.34
-144.55
-209.96
-268.02
-310.25
-330.35
-325.21
-293.63
-234.88
-149.41
-40.73
84.84
203.64
288.23
324.95
319.47
288.16
247.05
206.03
168.96
135.49
103.66
73.90
48.61
29.51
16.43
8.59
3.92
1.20
-0.56
-2.94
-6.48
-11.01
-16.83
-24.68
-34.99
-47.31
-60.35
-72.93
-84.48
-93.91
-98.67
-97.35
-89.97
-77.80
-62.63
-46.17
-29.85
-14.36
0.71
16.56
33.78
52.02
69.78
85.12
96.51
103.09
105.18
104.05
101.47
98.54
95.49
91.70
86.27
78.67
69.13
58.69
48.80
40.84
35.09
30.93
27.25
22.92
17.35
10.56
3.45
-2.69
-6.31
-6.87
-4.60
-0.13
5.83
12.60
19.49
26.20
32.67
39.16
44.80
48.33
48.70
45.46
38.77
29.06
16.93
3.09
-11.76
-28.59
-48.90
-73.98
-104.23
-139.13
-177.49
-218.02
-259.36
-290.79
-303.29
-293.55
-266.42
-230.74
-193.64
-158.20
-125.63
-96.86
-72.78
-54.10
-38.80
-21.98
1.89
34.88
73.52
109.06
132.40
137.05
121.39
90.03
51.98
17.68
-4.23
-7.86
8.40
42.42
88.94
140.04
187.17
223.24
244.90
246.96
230.53
200.66
164.24
127.88
96.38
72.40
56.30
46.47
39.62
32.53
22.14
6.85
-12.81
-34.21
-53.63
-67.67
-74.42
-74.06
-68.08
-59.21
-50.12
-42.43
-36.39
-31.34
-26.45
-21.15
-15.35
-9.60
-5.11
-2.91
-3.07
-4.45
-5.42
-4.35
0.01
8.32
19.64
31.84
42.57
50.51
55.61
58.32
58.94
57.58
54.47
48.83
39.47
25.19
5.22
-21.44
-56.84
-103.58
-162.90
-223.76
-269.44
-285.47
-269.48
-230.83
-182.58
-135.04
-93.65
-59.33
-30.36
-5.99
12.81
24.25
27.79
25.02
18.97
12.89
9.67
11.02
15.99
21.82
25.45
25.39
22.48
19.19
18.45
22.85
33.67
49.74
67.87
84.17
95.53
100.41
98.87
92.08
81.65
68.87
54.14
36.73
16.86
-5.03
-27.98
-50.88
-72.68
-92.07
-106.94
-114.25
-110.55
-93.82
-65.20
-29.33
6.72
35.96
54.21
61.36
60.65
56.69
52.93
50.49
48.73
46.58
43.67
40.69
38.84
38.78
40.46
43.02
45.30
46.29
45.66
43.51
40.24
36.27
31.72
26.59
20.90
14.96
9.47
5.08
1.90
-0.90
-5.06
-12.47
-23.90
-38.38
-53.02
-64.00
-68.27
-64.94
-55.57
-43.25
-31.26
-21.68
-15.01
-10.69
-7.69
-5.20
-2.42
1.59
7.62
15.38
23.11
27.87
27.09
20.30
9.70
-0.74
-7.52
-9.60
-8.76
-8.10
-9.60
-12.71
-14.71
-12.81
-6.21
3.24
12.16
17.87
19.75
19.01
17.26
15.24
12.44
7.90
1.56
-5.27
-10.44
-12.37
-11.20
-8.82
-7.53
-8.51
-11.02
-12.99
-12.52
-9.18
-4.43
-0.51
0.97
0.07
-1.67
-2.36
-0.95
1.96
4.80
5.85
4.40
1.13
-2.25
-4.09
-3.69
-1.61
0.78
2.10
1.60
-0.59
-3.75
-7.07
-10.04
-12.53
-14.60
-16.27
-17.40
-17.78
-17.29
-16.07
-14.46
-12.84
-11.48
-10.38
-9.39
-8.13
-6.11
-2.66
2.83
10.50
19.63
28.52
34.94
37.05
34.35
27.97
20.28
13.59
9.27
7.31
6.94
7.43
8.85
11.82
16.73
23.02
28.84
31.93
30.70
25.15
16.79
7.88
0.27
-5.38
-9.49
-13.07
-16.57
-19.36
-20.29
-18.76
-15.52
-12.51
-12.18
-15.89
-23.60
-33.38
-41.89
-45.93
-44.32
-38.44
-31.50
-27.28
-27.78
-33.27
-41.82
-49.75
-53.26
-50.61
-42.54
-31.37
-20.44
-11.87
-7.87
-9.55
-15.38
-20.45
-17.84
-0.20
38.02
97.44
174.74
254.54
313.51
332.44
308.69
254.99
188.16
126.58
69.90
16.03
-35.34
-81.08
-115.30
-130.68
-123.28
-94.02
-52.31
-14.64
4.77
-0.78
-26.82
-60.06
-85.81
-95.93
-91.17
-77.72
-62.06
-46.72
-29.62
-9.71
10.60
25.20
26.36
8.64
-27.82
-76.97
-125.36
-160.70
-177.76
-177.67
-164.68
-143.17
-116.41
-86.68
-56.75
-29.56
-7.85
6.37
15.20
23.08
35.78
57.93
91.01
131.54
169.55
195.66
203.54
193.17
170.21
143.01
118.50
99.91
86.18
74.17
60.87
43.63
21.56
-4.89
-33.02
-58.91
-76.80
-82.44
-74.68
-57.55
-39.35
-28.03
-27.31
-34.05
-39.69
-35.10
-16.80
11.26
38.43
52.96
47.87
22.87
-16.26
-60.12
-99.23
-126.89
-138.96
-132.16
-106.83
-67.57
-24.25
9.39
19.61
-3.55
-63.30
-153.79
-263.77
-372.46
-452.70
-484.13
-464.47
-408.42
-337.42
-276.36
-228.12
-190.04
-157.40
-125.48
-91.52
-56.12
-21.99
7.20
27.50
37.47
36.38
26.68
12.94
-0.53
-10.69
-15.22
-11.81
1.62
27.49
65.39
112.82
164.92
214.87
255.57
282.71
296.30
300.22
300.99
303.47
309.64
317.89
323.99
323.71
315.52
301.44
285.88
273.61
266.57
263.32
259.71
250.80
233.06
205.85
171.19
132.59
93.41
55.32
18.16
-19.70
-60.17
-104.21
-151.20
-199.11
-244.67
-284.29
-315.04
-334.89
-342.97
-339.28
-324.35
-299.70
-267.98
-231.80
-192.49
-149.30
-100.04
-43.08
20.39
86.18
146.67
193.83
223.53
238.11
245.51
255.30
273.72
301.21
334.55
367.01
391.38
403.09
401.42
388.85
369.12
345.06
318.65
293.45
271.06
250.11
227.03
197.64
158.37
107.44
44.92
-38.33
-135.82
-229.30
-299.28
-335.83
-340.55
-322.51
-289.74
-248.45
-204.51
-161.92
-125.99
-104.33
-102.27
-121.73
-155.48
-188.62
-206.02
-200.12
-172.82
-135.69
-103.53
-86.81
-86.35
-95.90
-106.38
-110.46
-104.91
-89.22
-65.48
-35.99
-3.54
28.62
54.83
67.49
61.38
38.04
6.83
-20.76
-36.95
-40.76
-36.93
-32.56
-32.99
-39.86
-51.50
-64.99
-78.19
-90.36
-101.57
-111.24
-117.81
-118.89
-112.17
-96.99
-75.19
-50.56
-27.54
-9.94
0.54
4.53
5.52
8.56
18.59
38.36
66.59
97.91
122.79
133.53
126.36
103.79
73.43
44.60
24.94
15.09
12.44
13.34
16.03
21.07
30.81
47.13
69.46
94.21
116.32
131.14
135.51
128.38
109.97
81.70
46.61
9.75
-22.69
-44.99
-54.31
-52.50
-45.44
-40.52
-43.32
-55.15
-72.68
-91.13
-105.81
-114.40
-117.88
-119.41
-122.70
-129.81
-139.68
-143.69
-133.18
-102.78
-54.77
0.86
51.35
86.43
101.96
100.78
90.24
77.44
66.90
60.37
56.20
53.55
52.79
54.47
58.12
61.89
62.64
58.01
47.40
32.56
17.03
4.93
-0.55
1.53
9.80
20.99
31.15
36.64
34.89
25.25
8.96
-11.31
-32.33
-51.24
-66.29
-76.82
-82.89
-84.86
-82.80
-76.71
-67.00
-54.60
-40.60
-25.70
-9.90
7.24
25.81
45.15
63.72
79.66
91.49
98.63
101.35
100.40
96.45
89.39
78.67
63.43
42.71
15.58
-18.30
-57.87
-99.72
-138.21
-167.91
-185.17
-189.30
-181.80
-164.90
-140.18
-108.09
-68.47
-22.01
27.12
72.20
106.39
125.71
130.30
123.36
109.36
92.34
75.05
56.84
35.15
6.94
-29.79
-75.60
-129.99
-191.93
-259.67
-320.08
-358.31
-364.58
-340.39
-295.78
-241.67
-185.56
-132.73
-86.74
-48.91
-20.85
1.82
24.44
51.97
87.69
132.71
184.07
236.82
286.59
330.44
359.64
369.83
361.26
338.65
310.74
284.40
263.25
247.30
233.05
215.18
188.32
148.51
94.33
29.20
-42.74
-115.87
-183.03
-236.50
-263.09
-253.17
-209.58
-158.05
-111.74
-75.13
-44.84
-17.87
8.57
35.48
60.83
80.45
89.00
84.73
67.01
36.88
-3.91
-53.03
-108.17
-163.35
-207.04
-229.53
-227.50
-207.33
-178.60
-148.43
-118.29
-84.79
-45.62
3.84
60.63
116.51
159.96
181.23
175.99
147.03
102.56
49.38
-1.75
-42.60
-67.73
-75.12
-65.45
-41.82
-9.01
26.93
59.86
85.29
99.13
99.86
89.00
70.64
49.88
31.40
18.15
10.90
8.69
8.15
5.53
-1.51
-13.53
-30.25
-50.98
-74.78
-99.96
-123.94
-144.29
-158.37
-163.05
-156.05
-137.90
-111.94
-82.80
-54.35
-28.39
-4.62
19.28
47.12
80.89
117.00
146.58
159.20
147.35
109.48
50.31
-20.22
-88.21
-139.95
-166.15
-162.40
-127.45
-62.84
26.66
129.89
220.48
273.20
282.05
258.81
219.82
177.32
137.41
101.87
70.16
42.22
20.76
8.96
6.47
8.86
10.83
6.86
-5.15
-24.01
-45.75
-64.30
-74.55
-75.35
-69.10
-59.34
-49.14
-40.43
-34.83
-33.75
-37.54
-44.86
-54.32
-63.35
-68.29
-65.83
-54.39
-35.00
-10.66
15.28
40.06
61.42
77.58
87.04
88.55
81.61
66.89
46.60
24.20
3.15
-14.53
-28.83
-41.36
-54.19
-68.22
-82.60
-94.93
-102.55
-103.82
-98.81
-89.09
-77.01
-64.84
-54.12
-45.66
-39.67
-35.84
-33.32
-30.74
-26.59
-19.92
-11.00
-1.44
6.36
10.26
9.44
4.87
-1.11
-5.82
-7.49
-5.94
-2.44
1.16
3.56
4.61
5.26
6.94
10.68
16.63
24.22
32.47
40.50
47.81
54.13
59.20
62.62
63.86
62.54
58.78
53.16
46.55
39.72
33.17
26.99
21.17
15.73
10.90
6.98
4.05
1.85
-0.11
-2.24
-4.62
-6.94
-8.76
-9.80
-10.17
-10.37
-10.97
-12.24
-14.03
-15.96
-17.64
-18.97
-20.08
-21.22
-22.50
-23.80
-24.79
-25.12
-24.58
-23.18
-21.10
-18.54
-15.66
-12.51
-9.12
-5.62
-2.33
0.27
1.78
2.06
1.42
0.52
0.17
0.89
2.74
5.23
7.69
9.59
10.85
11.72
12.63
13.80
15.06
15.99
16.11
15.25
13.68
11.91
10.47
9.57
9.04
8.50
7.67
6.57
5.55
5.03
5.23
5.96
6.70
6.90
6.22
4.71
2.75
0.82
-0.74
-1.92
-2.92
-4.08
-5.57
-7.36
-9.21
-10.86
-12.15
-12.99
-13.30
-12.92
-11.57
-9.09
-5.60
-1.59
2.14
4.81
5.99
5.73
4.45
2.70
0.83
-0.93
-2.39
-3.28
-3.28
-2.30
-0.60
1.17
2.29
2.34
1.48
0.37
-0.18
0.27
1.61
3.23
4.47
5.01
4.96
4.76
4.78
5.06
5.31
5.18
4.38
3.00
1.32
-0.31
-1.68
-2.73
-3.47
-3.86
-3.78
-3.12
-1.98
-0.68
0.31
0.62
0.14
-0.97
-2.41
-3.96
-5.60
-7.40
-9.40
-11.45
-13.24
-14.38
-14.65
-14.00
-12.60
-10.68
-8.46
-6.04
-3.54
-1.04
1.31
3.32
4.83
5.82
6.35
6.61
6.73
6.77
6.66
6.35
5.87
5.35
4.94
4.72
4.57
4.27
3.61
2.54
1.24
0.05
-0.70
-0.88
-0.59
-0.08
0.42
0.77
1.00
1.24
1.67
2.44
3.57
4.88
6.14
7.11
7.66
7.82
7.71
7.54
7.49
7.56
7.57
7.42
7.19
7.11
7.52
8.67
10.68
13.54
16.74
19.61
21.68
23.05
24.18
25.68
28.11
31.83
36.99
42.67
47.45
50.32
51.31
51.33
51.55
52.94
56.04
61.01
66.49
70.56
71.95
70.83
68.15
64.71
60.65
55.61
49.03
38.80
22.38
-1.74
-33.02
-69.55
-109.52
-152.04
-196.96
-234.85
-255.09
-252.56
-231.66
-201.32
-168.56
-136.82
-107.23
-79.63
-53.16
-28.39
-7.52
6.70
12.66
10.02
1.62
-8.79
-17.07
-20.04
-17.98
-14.39
-13.43
-17.57
-26.86
-39.66
-54.05
-68.59
-82.98
-96.46
-108.86
-119.30
-126.16
-127.94
-123.90
-114.17
-98.96
-78.04
-51.31
-19.61
15.35
51.06
84.60
113.82
137.96
157.91
175.48
192.05
207.36
219.58
226.02
224.41
214.11
196.45
174.25
150.89
129.06
110.17
94.51
81.86
71.87
64.15
58.01
52.21
45.18
35.46
22.32
6.36
-10.61
-26.31
-39.03
-48.71
-57.21
-67.54
-82.49
-103.19
-128.32
-154.21
-175.93
-188.64
-188.98
-176.02
-151.28
-118.36
-81.83
-46.09
-14.43
11.45
31.35
45.91
55.93
61.89
63.86
61.75
55.80
46.70
35.55
23.44
11.23
-0.44
-10.82
-18.84
-23.12
-22.77
-18.17
-11.25
-4.96
-1.81
-2.58
-5.84
-8.77
-8.75
-4.92
1.41
7.66
11.54
12.33
11.26
10.55
12.32
17.49
25.59
35.11
44.13
50.89
54.21
53.75
49.94
43.74
36.11
27.68
18.68
9.19
-0.43
-9.26
-16.04
-19.68
-19.91
-17.55
-14.12
-11.02
-8.86
-7.25
-5.28
-2.40
1.03
3.87
4.89
3.56
0.48
-2.94
-5.28
-5.84
-4.94
-3.42
-1.89
-0.43
1.41
4.06
7.58
11.68
16.11
21.00
26.60
32.81
38.62
42.27
41.94
36.72
27.18
15.24
3.27
-6.86
-14.33
-19.20
-21.76
-22.10
-20.17
-16.22
-11.10
-6.22
-2.95
-1.97
-2.90
-4.52
-5.43
-4.76
-2.45
0.83
4.14
6.70
8.11
8.22
6.93
4.34
0.79
-3.10
-6.53
-8.73
-9.31
-8.42
-6.70
-5.06
-4.14
-4.12
-4.76
-5.55
-6.05
-6.02
-5.59
-5.19
-5.36
-6.27
-7.69
-9.13
-9.96
-9.62
-7.62
-3.77
1.64
7.80
14.40
21.34
28.37
34.71
39.07
40.08
36.50
27.54
13.35
-3.04
-17.26
-25.40
-26.05
-20.50
-11.62
-2.82
3.03
4.12
2.12
-0.38
-1.77
-2.58
-3.79
-4.52
-2.12
5.70
18.30
34.43
51.37
66.71
80.36
96.75
124.34
171.20
239.91
305.73
340.12
326.79
273.88
203.64
135.91
81.07
40.30
9.18
-17.99
-41.75
-59.08
-66.89
-65.90
-61.02
-58.88
-65.54
-84.34
-114.56
-149.47
-180.77
-201.36
-208.70
-204.63
-192.83
-176.71
-158.42
-138.96
-117.58
-94.05
-69.77
-47.96
-31.65
-21.57
-15.98
-11.97
-7.27
-0.69
7.06
14.12
18.34
18.82
16.57
13.79
12.34
12.73
14.21
15.26
14.61
11.48
5.86
-1.62
-10.03
-18.40
-25.75
-31.09
-33.57
-32.46
-27.54
-19.20
-8.48
3.07
13.76
22.15
27.32
28.96
27.35
23.06
16.79
9.33
1.57
-5.55
-11.10
-14.32
-14.95
-13.27
-10.11
-6.58
-3.62
-1.71
-0.64
0.28
1.77
4.03
6.48
7.84
6.74
2.40
-4.90
-13.98
-23.28
-31.51
-37.95
-42.31
-44.35
-43.76
-40.19
-33.63
-24.64
-14.34
-3.97
5.50
13.61
20.36
25.97
30.79
35.35
40.30
46.33
53.78
62.32
70.86
77.93
82.22
83.18
81.06
76.59
70.35
62.50
52.62
40.12
24.70
6.59
-13.61
-35.37
-58.44
-82.66
-107.36
-130.73
-149.89
-161.64
-163.68
-155.66
-139.35
-117.83
-94.13
-70.27
-47.07
-24.81
-4.04
13.91
27.32
35.08
37.40
35.97
33.29
31.57
31.83
33.64
35.44
35.49
32.65
26.82
18.95
10.46
2.73
-3.34
-7.35
-9.22
-8.91
-6.35
-1.66
4.62
11.24
16.51
18.83
17.34
12.42
5.56
-1.18
-6.07
-8.29
-8.11
-6.48
-4.47
-2.79
-1.61
-0.71
0.17
1.10
1.93
2.53
2.96
3.50
4.50
6.18
8.40
10.75
12.79
14.21
14.99
15.37
15.72
16.32
17.32
18.69
20.26
21.69
22.46
21.94
19.61
15.41
9.93
4.29
-0.19
-2.62
-2.78
-1.22
1.11
3.42
5.30
6.83
8.29
9.86
11.43
12.61
13.03
12.51
11.11
9.08
6.69
4.12
1.45
-1.25
-3.90
-6.31
-8.21
-9.40
-9.76
-9.38
-8.39
-7.01
-5.34
-3.56
-1.86
-0.41
0.68
1.46
2.27
3.76
6.74
11.95
19.41
28.33
37.41
45.53
52.27
58.12
64.01
70.76
78.51
86.16
92.09
95.02
94.70
91.92
87.98
83.70
79.36
75.02
69.98
63.72
56.40
48.68
40.88
32.95
23.67
12.61
0.70
-12.00
-25.88
-41.27
-58.01
-75.84
-93.43
-110.09
-123.71
-130.98
-131.23
-125.55
-114.93
-99.56
-80.13
-57.69
-36.95
-22.23
-15.70
-20.57
-39.11
-70.71
-112.16
-160.30
-211.97
-268.21
-328.94
-370.46
-370.44
-323.64
-247.08
-164.77
-103.67
-57.47
-17.82
21.20
61.84
102.06
133.22
147.90
144.50
127.51
106.82
89.65
80.74
80.78
83.48
79.84
64.84
40.69
15.28
-0.90
-2.80
9.58
31.49
53.88
67.91
69.73
61.78
50.37
42.66
41.45
46.07
53.66
60.10
62.24
59.72
54.64
49.90
47.88
48.45
50.27
51.59
50.75
46.72
39.56
30.28
20.30
11.09
3.49
-2.16
-6.15
-9.23
-12.24
-15.40
-17.97
-18.40
-15.39
-8.87
-0.76
5.71
7.53
3.79
-3.65
-11.24
-15.89
-16.93
-16.33
-17.18
-21.35
-27.91
-33.66
-34.94
-29.76
-18.50
-3.17
14.34
33.18
53.21
73.55
91.40
102.64
103.64
93.66
76.03
57.20
43.99
40.51
46.45
57.49
67.40
70.48
63.36
45.42
18.68
-12.78
-43.27
-66.55
-77.53
-74.35
-59.70
-40.05
-22.95
-13.39
-11.58
-13.76
-15.48
-15.23
-16.08
-23.73
-42.21
-70.13
-99.90
-120.56
-122.93
-104.05
-69.01
-28.74
4.50
21.90
21.02
5.83
-15.61
-34.36
-43.52
-40.09
-25.19
-3.12
20.75
42.25
59.92
74.83
88.83
102.33
112.73
114.98
104.05
77.61
37.32
-11.97
-64.64
-116.08
-162.75
-200.65
-224.01
-225.61
-199.47
-144.16
-65.18
25.38
111.44
176.96
209.91
205.26
166.39
104.54
36.14
-21.73
-56.45
-63.61
-47.62
-18.79
11.65
36.09
52.28
62.10
68.29
71.58
70.04
60.73
42.45
17.77
-7.26
-25.70
-32.85
-28.42
-16.66
-3.89
4.54
6.63
3.96
0.14
-1.71
-0.65
1.85
3.24
1.59
-3.24
-9.79
-16.00
-20.52
-23.45
-26.08
-29.86
-35.35
-41.65
-46.75
-48.46
-45.33
-37.14
-24.73
-9.59
6.66
22.44
36.25
46.45
51.25
49.09
39.13
21.86
-0.63
-24.74
-46.14
-60.84
-66.30
-62.13
-50.05
-33.16
-14.69
2.96
18.57
31.72
42.18
49.58
53.65
54.73
53.96
52.87
52.27
51.42
48.07
39.82
25.93
8.44
-8.58
-21.05
-27.25
-28.74
-29.20
-31.95
-37.74
-44.23
-47.57
-44.99
-36.66
-25.82
-17.01
-13.70
-16.71
-24.34
-33.54
-41.52
-46.46
-47.59
-44.69
-37.85
-27.59
-15.23
-3.01
6.48
11.36
11.45
8.67
6.44
8.25
16.16
29.80
46.46
62.19
73.38
78.20
77.12
72.36
66.66
62.15
59.48
57.86
55.58
50.56
40.94
25.33
3.35
-23.85
-53.09
-79.56
-98.06
-104.98
-99.90
-86.04
-69.01
-54.55
-46.20
-44.38
-46.85
-50.23
-51.68
-49.75
-44.26
-35.64
-24.28
-10.31
5.98
23.90
42.29
59.82
75.39
88.49
99.05
107.22
112.94
115.64
114.45
108.51
97.28
80.63
58.83
32.56
2.92
-28.36
-58.95
-86.31
-108.31
-123.80
-132.54
-134.61
-129.73
-117.11
-96.23
-67.93
-35.14
-2.51
25.11
44.36
54.41
56.74
54.04
48.92
43.19
37.98
34.07
32.13
32.65
35.69
40.85
47.50
55.00
62.54
68.90
72.20
70.41
62.12
47.50
28.53
8.33
-10.04
-24.82
-35.84
-44.13
-50.80
-56.19
-59.54
-59.47
-54.87
-45.76
-33.60
-21.15
-11.65
-7.75
-10.44
-18.61
-29.39
-39.28
-45.64
-47.94
-48.14
-49.91
-56.77
-70.09
-87.96
-105.51
-116.88
-117.88
-107.96
-90.28
-70.06
-51.86
-37.11
-23.42
-5.66
21.37
60.24
109.26
162.74
212.69
251.09
272.10
273.44
256.86
227.30
191.07
153.87
119.07
87.18
56.14
22.54
-16.54
-61.85
-111.54
-161.87
-207.78
-243.49
-263.58
-264.58
-246.27
-212.19
-168.24
-121.48
-79.17
-47.22
-28.64
-22.73
-25.98
-32.98
-36.92
-29.92
-5.58
36.92
90.97
144.14
182.10
192.95
170.68
118.12
47.56
-23.21
-77.11
-101.88
-91.33
-45.14
31.50
125.33
210.93
263.52
275.33
255.73
219.53
178.15
138.13
102.15
70.20
42.68
21.75
9.79
6.33
8.17
9.33
5.13
-6.51
-25.98
-50.79
-76.37
-98.69
-117.18
-135.27
-157.72
-187.23
-215.58
-235.00
-238.44
-222.54
-189.27
-145.51
-100.71
-62.75
-34.95
-15.92
-2.65
10.82
29.30
55.37
88.41
123.62
154.00
173.64
180.18
174.35
159.84
140.36
114.46
81.50
40.57
-7.34
-57.32
-100.86
-129.21
-136.17
-120.81
-87.24
-42.34
5.89
50.69
87.27
112.64
124.94
124.07
111.90
92.52
71.61
54.06
42.52
36.70
34.00
31.17
26.17
18.75
9.99
1.24
-7.44
-17.25
-29.84
-46.04
-65.26
-85.62
-104.99
-121.94
-136.17
-148.33
-159.14
-168.46
-174.97
-176.51
-171.10
-157.86
-137.56
-112.40
-85.31
-58.98
-34.99
-13.63
5.76
24.11
41.85
58.56
72.99
83.53
88.81
88.31
82.70
73.74
63.79
55.04
48.79
45.13
43.09
41.13
37.67
31.54
22.16
9.72
-4.88
-20.11
-34.06
-44.88
-51.29
-52.89
-50.07
-43.66
-34.52
-23.36
-11.01
1.33
11.99
19.18
21.64
19.22
12.99
4.86
-3.11
-9.36
-13.04
-14.02
-12.49
-8.76
-3.23
3.53
10.80
17.72
23.50
27.62
29.84
30.14
28.69
25.78
21.83
17.44
13.25
9.83
7.51
6.26
5.78
5.62
5.39
4.89
4.11
3.13
1.93
0.57
-0.63
-0.72
1.67
7.88
18.15
31.01
43.35
51.43
52.38
45.32
31.57
13.84
-5.09
-23.21
-39.37
-52.73
-62.25
-66.79
-65.76
-59.85
-51.00
-41.59
-33.24
-26.06
-18.79
-9.83
1.46
14.23
26.25
35.04
39.02
38.22
34.18
29.07
24.68
21.73
19.82
18.04
15.65
12.70
10.08
8.92
9.95
12.87
16.38
18.79
18.79
16.16
11.83
7.42
4.29
2.91
2.64
2.20
0.49
-2.68
-6.34
-8.77
-8.27
-4.05
3.31
12.03
19.76
24.46
25.00
21.41
14.58
5.62
-4.62
-15.65
-26.87
-37.05
-44.05
-45.34
-39.26
-26.17
-8.83
8.50
21.83
29.01
30.36
27.94
24.07
20.11
16.12
11.62
6.56
1.80
-1.40
-2.36
-1.78
-1.63
-4.19
-10.88
-21.42
-33.92
-45.65
-54.12
-57.87
-56.60
-50.99
-42.22
-31.63
-20.58
-10.28
-1.74
4.45
8.36
10.72
12.66
15.27
19.08
23.70
27.88
29.95
28.45
22.86
13.85
3.07
-7.52
-16.51
-23.48
-28.84
-33.17
-36.34
-37.34
-34.63
-27.27
-15.85
-2.67
9.12
16.96
20.15
19.97
18.74
18.43
19.63
21.55
22.96
23.11
22.13
20.33
17.30
11.59
1.48
-13.42
-31.18
-47.89
-59.30
-62.89
-58.89
-49.69
-38.02
-25.38
-11.55
4.32
22.20
40.18
54.93
63.11
62.97
55.03
41.73
26.40
12.18
1.35
-4.85
-6.26
-3.50
2.34
10.10
18.75
27.34
34.82
39.80
40.71
36.30
26.43
12.62
-2.20
-14.62
-22.10
-23.84
-20.93
-15.56
-9.92
-5.31
-1.83
1.16
4.33
7.81
11.00
12.87
12.66
10.41
7.01
3.74
1.61
0.77
0.57
-0.04
-1.82
-4.79
-8.22
-11.19
-13.06
-13.87
-14.12
-14.34
-14.76
-15.24
-15.44
-15.13
-14.23
-12.70
-10.25
-6.29
-0.13
8.64
19.74
32.04
43.63
52.38
56.56
55.38
49.18
39.22
27.27
15.01
3.74
-5.68
-12.73
-17.02
-18.43
-17.43
-15.09
-12.83
-11.74
-11.96
-12.63
-12.45
-10.62
-7.47
-4.40
-2.94
-3.76
-6.19
-8.62
-9.46
-8.17
-5.49
-2.90
-1.62
-1.76
-2.37
-2.12
-0.18
3.34
7.47
11.00
12.99
13.29
12.47
11.68
12.09
14.45
18.64
23.53
27.46
29.03
27.75
24.26
19.79
15.27
10.84
6.33
1.63
-3.05
-7.83
-14.07
-24.84
-43.81
-73.02
-110.50
-149.12
-179.55
-194.58
-192.89
-179.45
-162.34
-148.15
-139.03
-132.53
-122.85
-105.46
-79.24
-47.11
-13.71
17.49
45.50
70.97
94.32
116.11
135.53
151.44
163.39
173.34
186.57
209.98
248.80
292.20
324.21
330.45
308.42
267.07
219.05
173.63
133.46
94.89
51.62
2.99
-50.36
-102.58
-146.18
-175.76
-189.97
-191.80
-187.63
-185.15
-189.38
-197.53
-205.41
-207.16
-196.11
-166.74
-117.44
-52.90
15.42
72.64
104.48
102.12
65.83
5.29
-63.15
-121.72
-156.67
-162.21
-140.77
-101.25
-55.35
-13.36
18.20
37.22
44.76
43.77
38.05
32.09
30.48
36.81
52.49
75.46
100.39
120.44
130.11
127.34
114.28
95.92
77.55
62.71
52.20
44.78
38.51
32.04
25.11
18.57
13.84
12.07
13.88
19.19
27.92
39.59
52.82
65.13
73.88
77.25
74.88
68.46
60.88
56.23
57.68
65.25
75.24
82.10
81.16
69.93
49.23
21.21
-10.25
-42.39
-75.69
-113.90
-160.13
-213.83
-270.69
-323.05
-362.90
-381.36
-371.01
-328.44
-256.04
-159.81
-47.69
70.35
185.55
275.74
322.16
324.67
299.03
260.86
217.92
173.47
120.40
54.22
-24.77
-110.01
-192.57
-254.29
-282.88
-276.56
-243.80
-198.71
-152.81
-112.03
-75.46
-39.15
-0.71
37.12
69.84
93.71
108.19
114.49
114.41
110.40
104.65
97.93
87.95
71.03
47.31
18.82
-11.13
-39.45
-63.72
-82.89
-97.18
-107.77
-114.06
-112.88
-100.33
-74.15
-36.12
7.69
48.97
80.38
97.97
102.62
98.48
89.90
79.32
67.10
52.77
36.81
21.49
9.70
4.20
6.37
15.91
31.25
49.85
68.52
83.39
90.35
86.10
69.49
42.47
9.75
-22.85
-50.44
-70.51
-82.81
-88.17
-87.34
-80.25
-66.49
-46.19
-20.83
6.62
32.89
55.72
74.45
89.67
102.26
111.12
114.60
111.48
102.35
90.33
80.32
76.89
82.22
94.98
110.95
125.13
133.55
134.26
126.95
112.04
90.02
61.59
28.20
-8.05
-44.82
-80.60
-115.05
-148.42
-180.26
-208.65
-230.25
-241.65
-240.86
-228.17
-206.05
-178.22
-148.27
-118.75
-90.87
-64.67
-39.50
-14.57
10.29
34.33
55.97
73.56
86.23
94.46
99.76
103.73
107.10
109.24
108.62
104.08
95.67
85.04
74.58
66.33
60.88
57.38
54.12
49.44
42.40
32.83
20.97
7.10
-8.35
-24.80
-41.27
-56.57
-69.68
-80.27
-88.72
-95.63
-101.31
-105.19
-106.04
-102.68
-95.00
-84.30
-73.06
-64.17
-59.75
-60.81
-67.24
-78.16
-92.43
-108.65
-124.97
-139.14
-149.16
-153.92
-153.59
-149.49
-143.34
-136.44
-129.30
-122.03
-114.61
-106.86
-98.02
-86.29
-69.12
-44.42
-12.24
24.34
59.72
88.01
105.43
112.02
111.16
107.72
105.56
105.95
107.63
108.04
105.12
98.57
89.92
81.47
75.02
70.99
68.53
66.39
64.11
62.33
62.27
64.47
67.87
69.71
66.73
56.98
41.10
22.31
4.93
-7.86
-15.56
-20.67
-27.54
-40.41
-61.76
-91.68
-128.26
-168.54
-209.58
-248.68
-283.54
-312.02
-332.29
-343.20
-344.76
-338.51
-327.16
-313.83
-300.90
-289.27
-278.16
-265.61
-249.16
-226.71
-197.35
-161.55
-121.18
-78.97
-37.91
-0.66
31.15
57.14
78.09
95.57
111.68
128.40
147.48
170.15
196.89
227.34
260.60
295.79
332.44
370.28
408.25
443.48
470.89
484.38
478.96
452.82
408.11
350.12
285.59
221.35
164.05
120.48
97.02
97.84
122.07
162.00
204.15
232.98
235.94
207.75
151.98
79.31
4.52
-57.17
-93.44
-97.30
-68.63
-14.88
50.34
110.73
151.64
164.00
146.01
102.35
41.84
-25.27
-89.43
-143.00
-180.95
-201.36
-205.52
-197.32
-182.05
-164.78
-149.30
-137.71
-130.67
-127.90
-128.32
-129.88
-129.79
-125.12
-113.75
-95.44
-72.05
-46.96
-24.30
-8.28
-2.16
-7.13
-21.26
-38.94
-51.81
-51.09
-30.78
9.59
64.43
124.42
180.30
226.34
261.46
287.40
305.55
314.65
310.76
289.92
251.56
200.35
145.34
96.55
60.84
38.97
25.75
12.80
-7.57
-39.45
-82.40
-132.42
-183.89
-231.34
-270.25
-296.93
-308.47
-302.91
-280.10
-242.29
-193.78
-139.78
-84.77
-31.21
20.67
71.79
122.66
172.20
217.56
255.12
281.83
296.24
298.72
290.85
274.27
250.04
218.64
180.25
135.43
85.60
33.17
-18.96
-68.05
-112.32
-151.26
-185.52
-216.46
-245.33
-272.44
-296.62
-315.28
-325.12
-323.43
-309.31
-284.30
-252.01
-217.12
-183.89
-155.16
-131.65
-112.11
-93.95
-74.17
-50.26
-20.90
13.71
51.82
90.51
126.36
155.89
176.09
184.70
180.48
163.66
136.44
102.81
67.85
36.37
11.60
-5.54
-16.04
-21.79
-24.50
-24.79
-22.20
-15.87
-5.28
9.02
25.30
41.09
53.83
61.63
63.68
60.35
52.93
43.29
33.41
25.32
20.78
21.08
26.68
36.87
49.71
62.53
72.72
78.60
79.77
76.88
70.66
61.35
48.64
32.52
14.27
-3.36
-16.80
-23.24
-21.87
-14.33
-3.67
7.33
17.48
27.41
38.35
50.89
63.85
74.64
80.58
80.33
74.57
65.61
56.25
48.27
41.65
34.65
24.67
9.62
-11.21
-36.54
-63.39
-87.89
-106.33
-116.08
-116.31
-108.25
-95.13
-81.47
-71.81
-69.31
-74.67
-85.99
-99.62
-111.70
-119.61
-122.36
-120.51
-114.88
-105.74
-92.57
-74.71
-52.24
-26.80
-1.63
19.54
33.70
39.76
38.80
33.51
26.85
20.99
16.66
13.45
10.80
8.79
8.55
11.68
19.39
31.49
46.26
60.86
72.57
79.87
82.90
83.29
83.05
83.47
84.47
84.74
82.61
77.07
68.48
58.23
48.04
38.95
30.87
23.05
14.99
7.18
1.24
-0.69
3.06
12.93
27.84
45.49
62.99
77.32
85.56
85.09
73.88
50.99
17.02
-25.64
-73.31
-121.88
-167.89
-209.50
-246.81
-281.68
-316.58
-352.77
-388.74
-419.61
-438.26
-437.91
-415.13
-371.52
-313.27
-248.87
-185.62
-127.23
-73.28
-21.03
31.80
84.90
134.93
176.91
206.73
223.43
229.63
230.45
231.29
235.83
244.86
257.03
270.38
283.69
296.89
310.12
322.70
332.58
337.14
334.48
324.48
308.78
289.69
268.91
246.82
222.94
196.93
169.29
141.43
114.83
90.46
68.34
47.81
28.28
9.75
-7.23
-22.18
-35.16
-47.15
-59.78
-74.74
-92.96
-114.41
-138.33
-163.83
-190.80
-220.11
-253.30
-291.26
-332.97
-374.73
-410.79
-435.20
-443.86
-435.49
-411.50
-374.86
-328.90
-276.90
-222.24
-168.29
-118.05
-73.15
-33.28
3.42
38.87
73.40
105.18
130.90
147.68
154.82
154.21
149.15
142.54
135.62
127.99
118.58
106.87
93.53
79.88
67.18
55.80
45.19
34.35
22.28
8.54
-6.66
-22.83
-39.28
-54.99
-68.22
-76.70
-78.00
-70.28
-52.95
-26.95
5.38
40.62
74.79
104.11
125.69
138.23
142.53
141.12
137.16
133.09
129.50
125.23
118.27
107.18
92.05
74.45
56.41
39.50
24.60
12.22
2.67
-3.96
-8.49
-13.26
-22.24
-40.17
-70.63
-113.95
-165.86
-217.89
-259.45
-281.27
-278.48
-252.29
-209.24
-158.57
-109.14
-67.00
-34.63
-11.57
4.09
14.54
21.60
26.65
30.59
33.65
35.28
34.56
30.71
23.67
14.39
4.64
-3.51
-7.95
-7.06
-0.03
12.74
29.22
45.94
58.90
64.85
62.34
52.20
36.94
19.60
2.58
-12.85
-26.36
-37.89
-47.25
-53.97
-57.65
-58.28
-56.45
-53.16
-49.48
-46.23
-43.87
-42.58
-42.28
-42.62
-42.86
-41.89
-38.45
-31.77
-22.05
-10.80
-0.54
6.33
8.64
7.10
4.06
2.75
5.78
14.01
26.21
39.73
51.64
59.76
63.32
62.70
58.81
52.53
44.52
35.42
25.94
16.93
9.21
3.32
-0.58
-2.67
-3.32
-2.98
-1.98
-0.85
-0.23
-1.07
-4.21
-9.97
-17.92
-26.86
-35.15
-41.26
-44.36
-44.40
-42.09
-38.68
-35.38
-32.85
-30.87
-28.17
-22.99
-13.76
-0.07
16.85
34.36
49.24
58.82
62.01
59.31
52.18
42.26
30.87
18.97
7.73
-1.21
-5.98
-5.12
1.64
13.19
27.27
41.47
53.83
63.41
70.08
73.97
75.10
73.30
68.33
60.50
50.96
41.35
33.24
27.59
24.37
22.75
21.67
20.33
18.41
15.73
11.84
5.89
-3.37
-17.12
-35.67
-58.23
-82.89
-107.15
-128.62
-145.44
-156.42
-161.02
-159.26
-151.63
-139.05
-122.78
-104.16
-84.66
-66.01
-50.32
-39.98
-36.99
-41.83
-52.67
-65.37
-74.69
-76.23
-68.36
-52.75
-33.50
-14.85
0.66
12.95
23.79
35.18
48.01
61.62
74.27
84.14
90.21
92.46
91.74
89.26
86.24
83.47
81.11
78.52
74.41
67.30
56.23
41.48
24.83
9.18
-2.54
-8.26
-7.55
-1.68
6.92
15.51
21.90
25.03
25.10
23.15
20.55
18.29
16.66
15.22
13.33
10.54
6.86
2.74
-1.24
-4.65
-7.26
-8.75
-8.49
-5.82
-0.24
7.83
16.87
24.62
28.74
27.73
21.47
11.27
-0.86
-12.92
-23.52
-32.08
-38.65
-43.56
-47.19
-49.82
-51.56
-52.49
-52.75
-52.63
-52.53
-52.65
-52.90
-52.66
-51.30
-48.60
-45.19
-42.38
-41.52
-43.12
-46.26
-49.21
-50.51
-50.17
-49.91
-52.35
-59.46
-71.46
-86.87
-103.70
-120.90
-138.98
-159.29
-182.65
-208.04
-232.26
-250.78
-259.29
-254.96
-237.01
-206.57
-166.02
-118.55
-67.71
-17.41
28.68
67.44
96.95
116.89
128.73
135.39
140.75
149.37
165.25
190.61
224.50
262.73
298.78
325.96
339.80
339.63
328.37
310.80
291.42
272.65
254.53
235.70
214.64
190.61
163.75
134.78
104.44
73.37
42.29
12.37
-14.65
-36.88
-52.77
-62.01
-66.14
-68.44
-72.35
-79.84
-89.98
-98.75
-100.76
-91.68
-70.78
-41.58
-10.88
14.18
28.88
32.60
28.56
21.76
16.58
14.86
15.52
15.54
11.94
3.05
-10.77
-27.45
-44.37
-59.18
-70.10
-75.76
-74.91
-66.49
-50.41
-27.95
-2.01
23.41
44.62
59.37
67.59
70.81
70.88
68.56
63.15
53.45
39.27
22.80
8.31
0.42
1.77
11.58
25.70
38.58
45.76
45.10
37.05
23.17
4.85
-16.96
-41.21
-65.65
-86.81
-100.82
-105.27
-100.22
-88.43
-74.14
-61.36
-52.44
-47.73
-46.11
-46.04
-46.53
-47.13
-47.86
-48.55
-48.79
-47.96
-45.79
-42.42
-38.25
-33.57
-28.18
-21.67
-13.73
-4.56
5.03
14.03
21.84
28.41
34.15
39.39
44.12
48.20
51.89
56.06
62.03
70.81
82.32
94.95
106.17
113.61
116.20
114.57
110.51
106.09
102.73
101.13
101.39
103.63
107.98
114.45
122.68
131.92
141.26
149.91
157.24
162.56
164.90
163.07
156.18
144.05
127.33
107.07
84.01
58.58
31.16
2.62
-25.59
-52.20
-77.01
-101.11
-125.97
-151.82
-176.86
-197.97
-213.06
-223.15
-232.55
-246.27
-266.08
-287.96
-302.92
-301.30
-277.89
-234.75
-179.80
-122.09
-67.20
-15.52
35.50
86.88
134.72
170.61
185.43
174.33
139.50
89.15
33.52
-19.63
-67.12
-109.09
-145.87
-174.95
-190.60
-185.93
-156.85
-105.29
-40.04
25.82
79.14
111.23
120.20
110.18
88.45
61.91
34.62
7.38
-21.25
-52.46
-85.50
-116.87
-140.82
-150.75
-141.29
-110.52
-61.29
-1.58
56.93
101.52
122.25
115.25
84.26
39.56
-5.47
-38.56
-52.15
-44.53
-18.66
20.02
65.75
113.58
159.10
198.13
226.96
243.06
245.86
236.79
218.37
193.18
162.67
127.18
86.71
41.80
-5.98
-53.84
-97.72
-132.74
-154.03
-158.40
-145.85
-120.20
-88.10
-56.63
-30.72
-11.60
2.45
14.02
24.25
31.93
34.38
29.52
17.36
0.46
-17.28
-32.28
-42.74
-48.75
-51.61
-52.78
-53.05
-52.42
-50.49
-46.82
-41.41
-34.82
-27.99
-21.83
-16.95
-13.42
-10.95
-9.10
-7.45
-5.74
-3.77
-1.20
2.39
7.43
14.07
22.18
31.62
42.13
53.36
64.75
75.28
83.62
88.45
89.18
86.19
80.68
74.03
67.22
60.61
54.15
47.72
41.35
35.00
28.50
21.41
13.35
4.30
-5.15
-14.18
-22.05
-28.66
-34.32
-39.56
-44.55
-48.88
-51.63
-51.88
-49.40
-44.71
-38.97
-33.69
-30.04
-28.69
-29.60
-32.11
-35.14
-37.52
-38.38
-37.47
-35.21
-32.51
-30.38
-29.45
-29.68
-30.62
-31.81
-33.04
-34.37
-36.13
-38.45
-41.31
-44.74
-49.10
-55.07
-63.35
-74.23
-87.22
-101.09
-114.05
-124.47
-131.30
-134.28
-133.80
-130.57
-125.40
-119.21
-112.88
-107.42
-103.86
-103.01
-105.32
-110.80
-118.84
-128.49
-138.67
-148.39
-157.18
-165.46
-174.51
-186.04
-201.64
-221.86
-245.68
-270.46
-292.23
-306.89
-311.08
-303.17
-283.64
-255.27
-222.19
-188.87
-159.14
-135.06
-116.50
-101.31
-86.62
-70.53
-53.17
-36.65
-23.53
-14.68
-7.95
1.41
18.87
47.64
86.85
131.50
174.47
209.45
233.16
245.71
249.30
246.62
239.40
228.68
215.78
203.18
194.32
192.10
197.65
209.21
223.29
236.38
246.56
253.72
258.38
260.23
257.71
249.06
234.30
216.23
199.86
190.36
190.60
200.13
215.77
233.47
250.08
263.87
273.89
279.31
279.36
273.75
263.19
249.48
234.61
220.22
206.84
194.04
181.34
168.72
156.85
146.66
138.75
132.82
127.95
123.20
118.32
114.23
112.50
114.34
120.02
128.40
137.37
144.63
148.35
147.65
142.67
134.37
124.17
113.54
103.29
92.90
80.34
62.45
36.03
-0.72
-47.40
-101.30
-158.17
-213.68
-264.39
-308.09
-343.53
-370.10
-387.80
-397.74
-402.54
-406.09
-412.47
-423.95
-439.31
-453.71
-459.98
-451.29
-423.99
-379.09
-321.69
-258.59
-195.88
-136.80
-81.71
-29.11
22.45
72.84
120.30
162.42
197.48
224.99
245.56
260.16
269.90
276.29
282.11
291.35
308.17
334.57
368.20
402.01
426.05
431.35
413.48
374.22
320.16
259.39
198.27
140.38
87.36
40.72
3.12
-22.21
-33.60
-32.58
-24.54
-16.98
-16.39
-25.58
-43.12
-64.96
-87.22
-108.09
-127.88
-147.39
-165.84
-180.35
-187.08
-183.75
-171.27
-153.90
-137.55
-127.14
-124.67
-128.69
-135.58
-141.40
-143.50
-141.08
-134.68
-125.30
-113.84
-100.90
-86.83
-71.93
-56.57
-41.09
-25.55
-9.81
6.19
22.15
37.28
50.46
60.28
65.47
65.14
58.97
47.61
32.71
16.96
3.18
-6.49
-11.46
-12.54
-11.47
-10.02
-9.39
-10.29
-13.15
-18.34
-25.97
-35.58
-45.81
-54.70
-60.59
-62.84
-62.18
-60.39
-59.62
-61.42
-66.24
-73.33
-81.11
-87.71
-91.32
-90.58
-84.75
-73.61
-57.52
-37.24
-13.89
10.98
35.39
57.19
74.49
86.34
93.02
95.63
95.61
93.86
90.48
85.03
77.28
67.80
58.20
50.76
47.19
47.80
51.22
54.83
55.64
51.28
40.62
23.91
2.62
-21.12
-45.02
-67.10
-86.16
-101.66
-113.62
-122.12
-126.97
-127.55
-123.29
-113.93
-100.02
-82.89
-64.28
-45.66
-27.98
-11.87
1.94
12.34
18.16
18.73
14.60
7.84
1.22
-2.92
-3.69
-1.82
0.91
2.55
1.63
-2.79
-11.36
-24.38
-41.07
-59.02
-74.01
-81.06
-76.67
-60.91
-37.93
-14.56
2.36
9.01
5.82
-3.18
-12.88
-19.65
-22.67
-23.66
-25.04
-28.35
-33.18
-37.73
-40.00
-38.73
-34.05
-27.20
-19.77
-13.01
-7.40
-2.89
0.82
3.77
5.51
5.22
2.23
-3.44
-10.76
-17.77
-22.36
-23.24
-20.66
-16.42
-13.05
-12.41
-14.90
-19.48
-24.42
-28.35
-30.80
-32.17
-33.21
-34.62
-36.81
-40.08
-44.58
-49.92
-55.02
-58.25
-58.10
-54.13
-47.44
-40.27
-34.83
-32.06
-31.29
-30.75
-28.74
-24.53
-18.53
-11.60
-4.19
4.05
14.04
26.41
40.66
55.01
66.86
73.82
74.76
70.37
63.06
56.10
52.36
53.31
58.54
66.04
73.21
77.98
79.49
78.30
76.05
74.60
75.15
77.56
80.28
81.03
77.81
70.02
58.72
46.25
35.15
27.08
22.15
18.95
15.28
9.28
0.20
-11.18
-22.89
-32.55
-38.34
-39.79
-37.70
-33.96
-30.70
-29.57
-31.21
-35.32
-41.03
-47.35
-53.59
-59.38
-64.63
-69.34
-73.48
-76.87
-79.13
-79.56
-77.38
-72.01
-63.50
-52.73
-41.16
-30.25
-20.68
-12.04
-3.13
7.24
19.22
31.74
42.95
51.36
56.73
60.09
63.07
66.77
71.22
75.48
78.31
78.82
76.84
72.84
67.71
62.51
58.20
55.49
54.60
55.08
55.86
55.54
52.83
47.04
38.19
27.14
15.32
4.26
-4.80
-11.34
-15.74
-19.07
-22.48
-26.59
-31.15
-35.07
-37.03
-36.07
-32.06
-25.98
-19.85
-16.09
-16.69
-22.38
-32.12
-43.46
-53.57
-60.25
-62.45
-59.88
-52.15
-38.46
-18.06
8.59
38.93
68.46
92.27
107.05
112.27
109.95
102.99
93.38
81.36
66.20
47.69
27.47
8.97
-4.03
-9.26
-7.19
-1.01
4.99
7.33
4.93
-0.71
-6.60
-10.13
-10.41
-8.72
-7.56
-8.98
-13.31
-18.95
-23.37
-24.55
-22.27
-17.90
-13.61
-10.87
-9.78
-9.59
-9.53
-9.73
-11.15
-14.81
-20.75
-27.90
-34.66
-39.93
-43.52
-45.84
-47.21
-47.40
-45.86
-42.66
-39.06
-37.27
-39.32
-45.85
-55.52
-65.60
-73.10
-76.14
-74.46
-69.19
-62.19
-55.20
-49.52
-45.81
-44.22
-44.42
-45.82
-47.68
-49.38
-50.56
-51.32
-52.15
-53.48
-55.31
-56.97
-57.32
-55.17
-49.81
-41.41
-30.98
-19.96
-9.65
-0.96
5.72
10.29
13.03
14.55
16.01
19.31
26.47
38.92
56.54
77.28
97.59
113.57
122.30
122.90
116.66
106.26
94.55
83.35
73.25
63.75
54.37
45.19
37.14
31.58
29.53
31.20
35.73
41.52
46.85
50.47
52.02
52.10
51.87
52.43
54.40
57.48
60.60
62.49
62.26
59.66
54.88
48.25
39.85
29.73
18.24
6.11
-5.56
-15.69
-23.63
-29.26
-32.81
-34.87
-36.12
-37.24
-38.73
-40.66
-42.51
-43.31
-42.26
-39.27
-35.39
-32.14
-30.73
-31.25
-32.74
-33.76
-33.40
-31.56
-28.76
-25.64
-22.48
-19.43
-16.86
-15.44
-15.90
-18.51
-22.68
-27.11
-30.46
-31.85
-31.20
-29.13
-26.27
-23.08
-19.63
-15.68
-10.97
-5.39
1.00
7.76
14.15
19.39
23.03
25.23
26.74
28.43
30.59
32.74
33.74
32.69
29.53
25.43
22.34
22.12
25.67
32.53
41.11
49.32
55.41
58.50
58.76
57.18
55.18
53.65
52.63
51.16
47.77
41.42
32.17
21.29
10.78
2.51
-2.53
-4.52
-4.37
-3.35
-2.62
-3.13
-5.49
-10.09
-16.81
-24.90
-33.04
-39.54
-42.83
-41.79
-36.16
-26.70
-15.17
-3.87
5.34
11.89
16.92
22.64
31.04
42.23
53.82
61.86
62.67
55.02
40.72
23.74
7.98
-4.45
-13.71
-21.03
-27.21
-31.74
-33.26
-31.06
-26.01
-20.49
-17.10
-17.07
-19.43
-21.57
-20.86
-16.40
-9.50
-3.01
0.41
-0.26
-3.81
-7.70
-9.54
-8.49
-5.63
-3.27
-3.77
-8.42
-16.98
-27.92
-39.19
-48.93
-55.82
-59.32
-59.51
-57.05
-52.99
-48.51
-44.59
-41.81
-40.30
-39.95
-40.63
-42.16
-44.02
-45.23
-44.50
-40.90
-34.24
-25.28
-15.22
-5.07
4.78
14.40
23.71
31.99
37.76
39.60
37.06
31.27
24.60
19.55
17.51
18.04
19.39
19.59
17.70
14.12
10.26
7.50
6.34
6.20
5.95
4.70
2.32
-0.51
-2.81
-3.97
-4.03
-3.63
-3.78
-5.34
-8.71
-13.57
-18.83
-22.96
-24.46
-22.43
-16.90
-8.81
0.35
9.33
17.45
24.84
31.98
39.22
46.34
52.56
57.04
59.36
59.90
59.59
59.45
60.13
61.65
63.69
65.77
67.66
69.20
69.96
69.22
66.32
61.37
55.71
51.80
52.20
58.20
68.94
81.62
92.19
96.85
93.29
81.04
61.43
36.95
10.75
-13.89
-33.92
-47.05
-52.66
-51.91
-47.34
-41.66
-36.61
-32.19
-26.82
-18.60
-6.61
8.21
23.38
35.89
43.18
43.84
37.46
24.33
5.16
-18.61
-44.49
-69.13
-89.17
-102.22
-107.72
-107.12
-103.07
-98.45
-95.46
-95.22
-97.95
-103.40
-111.22
-120.72
-131.00
-140.43
-146.78
-147.28
-139.51
-122.58
-98.19
-70.79
-46.28
-30.01
-24.35
-27.78
-35.47
-41.61
-42.17
-36.55
-27.69
-20.45
-19.52
-27.57
-44.42
-66.97
-90.06
-108.06
-116.54
-113.61
-100.55
-81.13
-59.98
-40.95
-25.92
-14.67
-5.76
2.43
10.79
19.40
28.01
36.78
46.79
59.91
78.21
102.87
133.51
167.60
201.08
229.31
248.70
257.68
256.79
247.79
232.32
210.94
183.21
149.07
110.41
71.73
39.23
18.63
12.32
17.76
27.92
33.52
26.31
1.73
-39.95
-94.41
-155.24
-215.43
-268.52
-309.05
-332.77
-337.30
-323.05
-293.59
-254.97
-214.09
-176.41
-144.52
-117.88
-94.31
-71.84
-49.88
-29.19
-10.84
4.78
18.23
30.46
42.16
53.54
65.00
77.54
92.36
109.65
127.46
141.57
147.07
140.86
123.53
99.18
73.87
52.83
38.59
30.74
27.12
25.32
23.55
20.58
15.14
5.75
-8.51
-26.77
-45.69
-60.22
-65.61
-59.74
-44.53
-25.26
-8.30
1.81
4.16
1.49
-1.61
-1.02
5.28
16.77
31.31
46.13
58.73
67.26
70.72
69.06
63.30
55.24
46.77
39.07
32.24
25.72
19.02
12.52
7.57
5.82
8.20
14.29
22.41
30.53
37.15
41.86
45.10
47.60
49.79
51.76
53.29
54.12
54.06
53.21
52.04
51.50
52.93
57.36
65.03
74.68
83.74
89.31
89.36
83.82
74.78
65.67
59.60
57.98
59.76
61.96
61.25
55.78
46.57
37.40
32.96
36.25
46.29
58.18
64.97
61.15
45.46
21.60
-3.54
-23.38
-35.01
-40.21
-44.06
-51.86
-66.30
-86.75
-110.02
-132.38
-150.87
-163.63
-169.27
-166.58
-154.88
-134.88
-109.62
-84.06
-63.78
-52.69
-51.56
-57.93
-67.58
-76.69
-83.77
-90.51
-100.95
-119.28
-147.23
-182.14
-216.90
-242.00
-248.83
-232.99
-195.73
-142.63
-80.84
-16.25
47.65
108.37
162.70
205.62
231.47
236.30
220.81
191.40
157.92
129.43
110.26
98.76
88.89
73.81
49.10
14.98
-23.65
-59.32
-85.05
-96.89
-94.42
-80.34
-59.78
-39.33
-25.03
-19.78
-22.60
-29.83
-37.33
-41.97
-42.09
-37.34
-27.38
-10.55
16.05
53.73
99.54
142.53
166.43
161.70
134.84
103.46
83.26
79.58
86.93
94.45
93.14
81.23
64.06
49.08
40.06
35.21
29.60
18.84
1.41
-20.95
-43.96
-61.85
-70.03
-66.92
-53.38
-31.53
-4.21
24.96
49.03
61.23
57.80
39.56
11.73
-17.90
-41.93
-56.24
-61.26
-60.70
-58.45
-56.47
-54.64
-51.83
-47.44
-42.14
-37.40
-34.66
-34.39
-35.51
-35.99
-33.64
-27.10
-16.24
-2.33
12.66
26.45
37.01
43.06
44.10
39.86
30.02
14.37
-6.21
-28.86
-48.07
-58.13
-55.31
-39.92
-16.53
7.76
26.48
36.32
38.07
34.96
30.41
26.37
22.92
19.34
15.30
11.50
9.16
9.19
11.26
13.94
15.50
14.42
10.35
3.93
-3.57
-10.97
-17.63
-23.68
-29.74
-36.35
-43.56
-50.55
-55.92
-58.05
-55.82
-49.04
-38.52
-25.81
-12.65
-0.37
10.41
19.83
28.46
36.73
44.77
52.13
57.99
61.58
62.54
61.16
58.25
54.83
51.70
49.09
46.66
43.81
40.15
35.73
31.24
27.72
26.24
27.51
31.75
38.61
47.26
56.27
63.47
66.47
63.42
53.94
39.59
23.53
9.48
0.32
-3.00
-1.80
1.29
3.60
3.59
1.30
-2.16
-5.44
-7.69
-8.86
-9.50
-10.09
-10.59
-10.43
-8.91
-6.01
-2.64
-0.66
-1.68
-6.89
-16.08
-27.53
-38.53
-46.51
-50.07
-49.36
-45.82
-41.17
-36.70
-32.56
-27.98
-21.98
-14.23
-5.36
3.69
12.18
20.36
29.03
39.60
53.49
71.45
93.01
116.44
139.51
159.50
174.30
181.45
179.49
168.25
148.90
123.15
92.41
58.14
20.54
-20.12
-64.63
-112.40
-160.57
-204.13
-237.98
-258.85
-265.24
-259.51
-245.58
-229.82
-217.57
-211.73
-212.56
-219.44
-232.19
-249.99
-273.91
-289.11
-284.22
-255.19
-206.74
-146.18
-78.31
-13.34
51.85
117.14
179.24
231.61
269.54
289.98
293.05
281.28
258.21
228.58
194.62
157.42
115.36
66.75
13.66
-36.45
-74.99
-96.32
-98.41
-84.29
-59.03
-29.36
-1.31
21.37
37.05
45.35
48.31
50.72
56.32
68.35
86.58
106.62
122.25
126.77
115.65
90.32
58.68
31.55
18.78
26.25
53.18
93.85
139.83
177.55
194.78
184.94
148.39
91.32
24.29
-42.94
-93.52
-112.10
-95.81
-54.55
-1.71
53.63
101.35
142.77
176.72
200.64
211.07
205.24
185.98
159.04
131.18
106.96
88.19
72.20
55.27
33.81
6.32
-24.75
-54.17
-76.71
-90.06
-95.11
-96.61
-99.81
-109.09
-126.35
-149.78
-175.08
-197.87
-216.09
-230.24
-242.61
-254.44
-264.82
-271.52
-273.17
-271.27
-269.68
-271.86
-277.08
-279.51
-270.80
-245.85
-207.60
-167.13
-138.48
-130.99
-143.74
-165.51
-180.51
-175.57
-145.33
-92.99
-27.69
39.51
99.30
145.38
174.56
186.13
181.35
163.09
136.24
107.38
84.50
74.83
81.69
101.71
123.76
132.58
115.60
69.98
5.53
-58.65
-103.00
-117.05
-104.33
-80.44
-64.08
-67.29
-90.02
-121.18
-145.03
-149.19
-129.47
-90.21
-41.18
8.21
52.78
91.28
124.33
152.31
173.00
182.25
180.39
168.03
145.11
113.49
75.53
33.38
-11.67
-59.45
-110.30
-163.59
-216.35
-261.20
-286.86
-282.59
-243.64
-175.24
-92.82
-16.45
37.36
61.99
63.29
56.00
56.06
73.15
106.86
147.44
180.65
193.40
178.43
137.06
78.99
19.23
-26.54
-46.92
-38.78
-8.24
31.61
65.85
84.16
85.05
75.68
67.57
70.02
84.41
103.01
112.59
101.27
65.38
11.71
-45.40
-90.35
-112.47
-109.27
-85.47
-49.96
-12.49
18.28
35.82
36.69
21.54
-4.21
-30.96
-47.82
-46.82
-26.34
7.89
45.17
74.83
91.13
95.28
93.51
92.50
94.61
96.56
92.28
78.07
56.48
35.69
24.29
25.13
32.73
36.51
28.21
8.27
-13.48
-23.77
-14.58
11.50
42.51
64.49
69.64
60.05
44.78
32.82
27.03
23.35
15.38
0.50
-17.09
-28.66
-26.98
-11.76
9.53
25.73
28.17
15.25
-7.51
-31.23
-48.18
-54.30
-49.01
-33.28
-8.18
24.46
60.63
93.31
113.56
113.32
88.47
40.85
-21.73
-86.99
-141.16
-172.33
-173.41
-143.87
-89.60
-21.36
47.73
105.00
141.02
151.75
139.66
112.84
82.20
57.48
43.07
36.49
30.10
15.72
-10.39
-44.86
-78.73
-101.60
-106.16
-90.79
-59.33
-19.06
21.71
55.39
76.36
82.36
75.18
60.55
46.44
39.96
43.91
55.17
65.82
67.05
53.79
27.42
-4.56
-31.69
-44.77
-39.20
-16.05
19.01
57.77
91.86
114.27
120.00
106.35
73.54
25.18
-31.47
-86.13
-127.75
-147.25
-140.40
-108.92
-59.87
-3.94
47.69
85.59
103.89
100.98
79.30
43.89
0.81
-44.64
-88.49
-127.74
-159.51
-180.22
-185.70
-172.19
-138.50
-88.09
-29.32
26.25
66.73
83.03
71.24
33.66
-21.14
-80.10
-129.04
-156.28
-155.78
-127.96
-78.86
-17.82
44.82
99.01
135.97
148.84
134.08
93.19
33.96
-30.36
-84.09
-114.16
-114.04
-85.31
-35.94
22.90
79.93
126.04
154.96
163.11
149.22
114.51
63.31
3.43
-54.62
-99.82
-123.33
-120.68
-92.45
-44.04
15.50
75.34
124.74
154.62
158.99
135.99
88.81
25.78
-40.69
-96.74
-130.29
-134.28
-108.40
-59.22
1.67
60.42
104.52
125.31
119.37
88.75
39.84
-17.95
-74.03
-118.25
-142.61
-142.40
-116.87
-69.39
-7.08
59.62
118.42
157.52
168.54
149.16
104.33
45.16
-14.09
-60.07
-83.55
-81.13
-54.90
-11.35
40.39
89.63
125.83
140.51
129.14
92.89
38.81
-21.73
-76.51
-116.08
-136.57
-140.01
-132.13
-118.70
-102.09
-80.54
-50.52
-11.16
32.21
68.14
83.60
70.81
31.96
-21.02
-71.98
-108.08
-124.53
-124.25
-113.29
-95.82
-71.94
-40.34
-2.76
33.24
55.90
54.90
27.28
-20.06
-72.79
-115.30
-137.08
-135.94
-116.87
-88.04
-56.18
-23.93
9.90
47.44
88.29
127.59
156.86
167.42
155.00
122.72
80.41
40.47
12.37
-1.21
-3.89
-1.34
3.47
12.19
28.91
55.13
85.69
109.18
113.06
90.78
46.36
-6.52
-51.15
-76.22
-81.05
-74.97
-70.75
-76.17
-88.78
-96.97
-86.86
-51.36
3.99
62.12
102.13
109.40
82.75
34.47
-16.20
-52.10
-64.89
-56.28
-34.29
-7.73
17.18
36.99
48.88
49.28
34.94
5.98
-31.68
-67.08
-88.50
-88.91
-69.56
-39.28
-9.95
9.35
16.23
14.85
12.51
14.83
22.83
33.19
41.20
44.07
42.59
40.26
40.78
45.69
53.45
60.42
62.93
59.11
49.55
36.69
23.30
11.36
1.48
-6.75
-14.01
-20.46
-25.21
-26.42
-22.12
-11.30
4.92
22.82
36.83
41.39
33.27
13.16
-14.01
-40.71
-59.50
-65.87
-59.63
-44.49
-26.17
-10.00
0.70
4.94
3.32
-2.74
-11.35
-20.22
-26.85
-29.26
-26.91
-21.11
-14.41
-8.95
-4.81
0.31
9.53
24.35
42.62
58.78
66.16
60.41
41.84
15.59
-10.70
-30.09
-39.25
-39.22
-34.14
-28.67
-25.44
-23.74
-19.99
-9.99
8.63
34.48
62.20
84.20
93.66
87.49
67.68
40.38
13.21
-8.06
-21.44
-28.52
-32.08
-33.29
-30.28
-19.41
1.28
28.89
54.80
67.68
59.02
28.12
-16.55
-60.49
-89.50
-95.85
-80.84
-52.74
-21.78
4.54
23.31
34.79
39.53
36.67
24.47
2.74
-24.91
-50.92
-66.31
-64.65
-45.04
-12.60
24.01
56.37
79.31
91.35
93.23
85.90
69.38
43.46
9.21
-29.71
-67.19
-96.17
-110.99
-109.04
-91.32
-61.72
-25.89
9.76
38.79
55.75
57.32
43.56
18.34
-11.71
-39.58
-60.22
-71.76
-74.83
-70.72
-59.66
-40.59
-12.77
22.07
58.21
87.17
100.64
94.16
69.33
33.30
-4.26
-35.06
-54.93
-64.06
-64.86
-59.50
-48.41
-30.87
-7.00
20.28
45.20
61.27
64.71
56.92
44.17
34.21
31.85
36.03
40.56
38.11
25.15
4.62
-15.41
-26.38
-24.47
-12.74
1.02
9.44
10.10
6.42
4.20
6.73
11.86
13.49
6.29
-9.66
-27.71
-38.11
-33.89
-15.46
9.28
29.34
36.89
31.38
18.82
7.18
1.05
-0.86
-3.98
-13.24
-28.72
-44.69
-52.66
-46.55
-26.70
-0.17
22.94
34.78
33.29
21.90
6.07
-10.40
-26.91
-44.48
-62.59
-77.22
-81.86
-70.91
-43.21
-3.55
38.94
74.54
96.41
102.22
93.35
72.94
44.40
11.09
-23.16
-53.61
-75.13
-83.52
-76.80
-55.82
-24.31
11.94
46.01
71.08
81.94
76.47
56.60
27.94
-2.05
-26.63
-42.00
-47.92
-46.48
-39.82
-28.50
-11.57
11.61
39.17
65.84
84.31
88.17
74.82
46.37
8.41
-32.51
-70.96
-103.05
-125.66
-135.58
-129.96
-108.02
-72.91
-31.91
5.54
31.54
42.59
40.25
29.07
13.62
-3.26
-20.14
-35.14
-44.88
-45.12
-33.05
-9.30
21.73
53.52
79.81
96.26
100.56
91.56
68.69
32.80
-12.29
-58.77
-96.10
-114.27
-107.91
-78.52
-34.11
13.83
54.27
79.73
87.55
79.41
59.66
33.57
6.02
-19.09
-38.74
-50.51
-52.50
-43.71
-24.78
1.30
29.08
51.77
63.29
60.76
45.97
24.70
4.08
-10.82
-19.29
-24.72
-31.94
-43.77
-58.80
-71.93
-77.20
-71.19
-54.91
-32.90
-10.34
9.73
27.27
43.57
58.51
68.95
69.99
58.14
34.49
5.52
-19.21
-31.19
-26.70
-7.90
18.91
46.57
69.55
84.50
89.30
81.88
60.54
25.39
-19.80
-67.35
-107.44
-131.09
-133.08
-113.43
-77.01
-31.70
13.87
52.29
78.45
89.76
85.81
67.85
38.35
0.77
-40.31
-79.14
-109.21
-124.24
-119.72
-94.45
-51.46
2.16
56.31
99.89
123.05
119.57
88.63
35.65
-28.30
-88.89
-131.93
-147.04
-130.22
-84.81
-20.50
49.16
109.77
149.09
159.49
139.77
95.75
39.35
-14.21
-50.47
-60.34
-43.40
-8.25
30.54
57.94
64.20
48.01
15.74
-22.20
-56.10
-79.73
-90.48
-87.48
-70.00
-37.92
5.93
53.70
93.11
111.42
101.39
65.54
16.02
-30.63
-60.87
-69.90
-62.39
-48.32
-36.72
-30.90
-28.07
-22.75
-11.40
4.89
21.24
32.29
35.50
32.08
25.44
18.23
10.39
-0.56
-17.18
-39.37
-63.15
-81.62
-87.77
-77.42
-51.01
-13.38
27.91
64.95
91.48
103.99
101.87
86.81
61.87
30.70
-3.07
-35.85
-63.98
-83.44
-90.30
-81.76
-57.68
-21.74
18.71
54.53
77.95
85.41
78.59
63.07
45.21
28.98
14.48
-1.12
-20.76
-44.47
-67.82
-82.95
-81.75
-59.90
-19.65
29.97
76.16
106.95
115.60
102.56
74.13
38.77
3.28
-29.31
-59.07
-86.62
-110.81
-128.05
-133.80
-125.18
-102.93
-71.32
-36.32
-2.98
26.08
50.53
70.67
85.72
93.30
90.57
76.29
52.30
23.50
-3.74
-23.91
-34.09
-34.38
-27.11
-15.38
-1.90
11.40
23.18
32.55
39.12
43.30
46.44
50.35
56.26
63.57
69.52
70.19
62.46
45.85
23.02
-1.45
-23.71
-42.59
-59.62
-76.90
-94.27
-107.99
-112.09
-101.90
-77.24
-43.69
-10.39
14.22
26.01
26.39
20.37
13.04
6.83
1.18
-5.64
-14.10
-22.39
-27.53
-27.75
-24.07
-19.75
-18.00
-19.38
-20.85
-17.36
-5.12
15.54
39.74
60.37
71.71
72.20
64.48
53.11
41.32
29.27
14.34
-6.30
-32.81
-61.30
-84.67
-95.62
-90.02
-69.01
-38.55
-6.90
18.88
35.44
43.62
46.99
49.27
52.32
55.57
56.91
54.34
47.19
36.40
23.74
11.09
-0.12
-8.76
-13.75
-14.13
-9.64
-1.48
7.43
13.06
11.92
2.58
-13.64
-33.27
-52.23
-67.20
-76.14
-77.94
-72.02
-58.32
-38.11
-14.74
6.54
20.17
22.69
14.52
0.08
-14.18
-22.51
-22.22
-14.21
-1.91
10.68
20.80
27.63
31.79
34.44
36.37
37.79
38.35
37.20
33.13
25.10
12.65
-3.68
-22.08
-39.54
-52.66
-58.43
-55.64
-45.15
-28.93
-9.40
10.61
27.71
38.32
39.02
28.38
7.27
-20.41
-46.89
-62.48
-59.40
-34.79
8.87
64.32
123.28
176.55
215.08
232.92
228.11
201.58
156.66
99.39
36.70
-22.96
-74.41
-116.46
-147.49
-163.00
-157.15
-125.72
-67.90
10.87
102.83
196.82
268.90
295.84
272.44
216.57
153.60
109.11
78.20
52.07
23.93
-9.18
-47.22
-84.98
-118.78
-149.47
-180.90
-217.75
-259.27
-301.94
-341.50
-371.79
-385.37
-376.22
-341.73
-282.78
-204.48
-112.94
-17.21
71.37
144.37
199.52
239.53
268.73
290.27
303.92
308.28
300.81
278.34
240.44
190.51
133.65
73.72
12.02
-52.63
-119.29
-178.48
-219.36
-235.98
-229.58
-205.91
-172.49
-136.66
-104.60
-81.44
-65.83
-56.84
-53.48
-54.63
-58.70
-64.16
-69.70
-74.62
-77.95
-79.95
-83.77
-93.24
-110.12
-131.67
-150.24
-155.50
-138.26
-94.38
-27.05
53.06
131.94
196.47
238.35
255.73
252.39
235.89
214.99
196.58
183.90
177.06
173.54
169.94
163.68
153.61
139.58
121.93
100.58
76.50
52.50
32.42
19.81
16.51
21.15
28.73
33.04
28.14
12.35
-11.44
-38.96
-67.33
-95.68
-124.79
-156.36
-190.58
-226.67
-260.10
-283.51
-289.76
-273.84
-233.27
-168.81
-85.69
11.90
104.15
167.88
193.15
186.73
162.17
130.80
102.42
76.31
53.12
34.78
25.98
30.67
47.79
69.53
85.11
84.79
62.83
20.63
-35.45
-93.96
-141.62
-167.63
-166.46
-138.13
-88.02
-26.66
33.30
78.80
100.74
96.06
67.08
20.45
-33.77
-83.74
-118.04
-127.01
-105.32
-53.03
23.64
112.35
196.83
260.41
290.18
280.57
235.50
167.75
96.13
40.68
16.95
31.37
79.25
146.26
212.87
260.58
277.17
259.69
214.07
151.84
85.42
24.29
-26.43
-64.87
-90.77
-104.30
-106.32
-99.60
-89.38
-82.64
-85.51
-100.62
-126.02
-156.66
-187.38
-215.27
-240.20
-262.59
-280.55
-288.41
-278.50
-245.41
-190.37
-122.84
-57.75
-9.83
12.36
9.29
-10.74
-35.87
-55.37
-62.19
-52.94
-26.54
16.53
73.42
137.43
197.54
240.22
253.39
231.28
177.47
104.49
29.92
-29.57
-63.75
-71.67
-61.02
-44.44
-34.63
-40.48
-65.22
-106.94
-160.04
-216.97
-269.37
-309.19
-329.62
-326.28
-298.72
-251.15
-192.02
-131.68
-79.71
-41.95
-19.61
-9.47
-4.91
1.33
14.36
34.21
56.26
72.83
77.61
68.19
47.11
21.67
0.11
-11.89
-14.65
-12.24
-10.68
-13.70
-22.48
-36.04
-50.65
-62.31
-67.99
-69.08
-68.20
-68.43
-69.18
-66.77
-55.84
-29.87
14.34
74.97
142.33
206.77
251.28
271.27
276.95
276.06
275.43
271.72
270.80
263.97
243.56
204.72
149.40
84.05
17.06
-42.21
-86.66
-111.98
-119.49
-111.45
-91.48
-63.22
-32.49
-7.44
4.74
0.20
-18.79
-46.00
-71.03
-84.34
-80.38
-60.56
-32.95
-8.18
4.11
-1.01
-23.84
-59.12
-99.15
-136.25
-165.41
-185.39
-197.40
-203.48
-204.32
-199.45
-187.20
-166.89
-139.92
-109.97
-81.67
-58.63
-42.44
-32.73
-28.34
-28.03
-30.72
-35.10
-39.21
-40.59
-37.15
-28.30
-15.45
-1.46
10.71
19.57
25.73
31.61
40.45
55.24
77.61
107.44
142.82
180.37
215.99
245.59
265.88
274.82
271.78
257.34
232.96
200.58
162.52
121.44
80.31
42.35
10.69
-12.33
-25.92
-31.16
-30.89
-28.61
-27.29
-28.45
-31.92
-36.57
-41.06
-44.69
-47.15
-48.46
-48.56
-47.49
-45.82
-44.99
-46.99
-53.46
-64.81
-79.55
-94.78
-107.05
-113.40
-112.12
-102.92
-86.79
-65.79
-42.72
-20.54
-1.73
12.47
22.43
29.89
37.24
46.70
59.63
76.18
95.45
115.70
134.96
151.72
165.46
177.19
189.20
204.09
223.57
247.34
272.60
294.46
307.08
305.16
285.54
248.24
197.03
139.01
83.21
38.27
9.92
-0.62
3.20
15.04
28.33
38.69
44.96
48.43
51.11
53.88
55.63
53.28
43.12
22.47
-9.11
-49.73
-95.79
-143.14
-187.79
-226.03
-254.14
-268.51
-266.59
-248.38
-217.41
-180.16
-143.51
-111.29
-82.42
-52.12
-15.63
27.85
73.78
114.78
145.22
164.61
177.49
189.48
202.36
211.55
207.95
183.17
135.06
69.79
-0.66
-64.04
-113.21
-148.21
-174.10
-195.89
-214.03
-222.80
-212.70
-175.78
-110.83
-25.77
64.19
141.68
192.89
211.32
198.18
159.99
105.58
43.97
-16.42
-68.02
-104.86
-124.06
-127.09
-119.50
-108.79
-101.48
-100.45
-104.50
-109.94
-113.19
-112.57
-108.40
-101.70
-92.67
-80.35
-63.61
-42.81
-20.75
-2.13
8.18
7.43
-3.72
-21.37
-40.35
-56.46
-68.08
-76.28
-83.51
-91.99
-102.30
-113.24
-122.48
-127.77
-127.91
-122.98
-113.67
-100.29
-82.12
-57.59
-25.58
13.01
54.17
91.71
119.55
134.66
138.86
137.97
138.92
145.91
158.00
169.54
173.31
164.24
141.83
109.98
74.66
40.87
10.68
-16.77
-43.49
-70.45
-96.10
-116.46
-126.75
-123.60
-106.67
-79.15
-46.61
-15.06
10.94
29.22
39.94
44.60
44.73
41.02
33.07
20.10
1.89
-20.25
-43.29
-63.22
-76.62
-82.32
-82.05
-79.70
-79.41
-83.51
-91.39
-99.98
-105.32
-104.19
-94.94
-77.10
-50.72
-16.02
25.92
72.02
116.76
153.19
175.34
180.55
170.70
151.19
128.43
107.13
88.71
71.69
53.49
32.66
9.93
-12.06
-30.33
-42.99
-49.98
-52.69
-52.93
-52.08
-50.76
-49.54
-49.73
-53.63
-63.63
-80.38
-100.95
-118.46
-124.01
-110.20
-74.96
-23.46
33.39
83.14
116.72
131.46
130.90
121.58
108.94
94.75
77.14
53.14
21.62
-14.90
-50.96
-80.52
-99.85
-109.00
-111.01
-109.50
-105.93
-98.34
-82.21
-53.36
-11.44
38.43
86.78
123.66
143.15
145.99
138.58
129.01
122.21
117.14
107.97
88.23
55.60
13.98
-28.18
-62.45
-84.68
-96.19
-101.33
-103.30
-101.32
-91.30
-69.49
-36.30
2.42
37.84
62.75
75.21
78.82
79.47
80.88
81.87
77.11
60.62
29.72
-12.95
-60.47
-105.16
-142.17
-171.13
-194.79
-215.54
-232.13
-238.81
-227.86
-193.95
-137.87
-67.14
6.83
73.56
127.48
168.95
202.24
231.69
258.51
279.58
288.75
279.65
248.62
196.88
131.17
62.71
3.95
-35.56
-52.86
-52.60
-44.70
-39.33
-41.83
-50.63
-59.23
-61.00
-53.77
-41.38
-31.30
-30.01
-39.25
-55.39
-72.28
-85.43
-94.55
-102.76
-113.27
-125.85
-135.65
-135.58
-120.58
-91.29
-54.53
-20.38
2.53
10.81
7.28
-1.21
-7.56
-7.58
-0.82
10.53
23.78
37.17
49.89
61.28
69.89
73.40
69.69
58.18
40.63
20.81
3.28
-8.23
-12.09
-8.89
-0.71
10.13
21.91
33.59
44.41
53.45
59.70
62.63
62.63
60.70
57.48
52.37
43.56
29.33
9.83
-12.02
-31.33
-43.48
-46.48
-41.91
-33.87
-26.58
-22.43
-21.29
-21.58
-21.64
-20.46
-17.57
-12.47
-4.41
6.97
20.83
34.95
46.33
52.46
52.26
46.21
35.63
21.94
6.18
-10.61
-26.75
-39.64
-46.20
-44.13
-33.16
-15.84
3.13
18.44
26.14
25.24
18.21
10.06
6.18
10.20
22.45
40.02
57.89
70.66
73.74
63.85
39.22
0.41
-48.59
-99.78
-142.27
-165.49
-163.02
-135.56
-90.96
-41.14
2.76
34.27
52.76
61.66
65.33
66.43
65.53
62.10
56.31
49.79
44.77
42.45
41.83
40.17
34.97
26.40
18.29
16.68
26.20
46.49
70.99
89.56
93.25
78.71
49.62
14.15
-19.50
-46.95
-68.39
-86.32
-102.11
-114.23
-119.12
-114.20
-100.79
-84.47
-72.58
-70.13
-76.86
-87.15
-93.06
-88.73
-73.66
-52.71
-33.34
-21.75
-19.99
-25.54
-33.01
-36.56
-31.77
-16.25
10.64
48.43
95.70
149.59
205.05
254.68
290.01
303.97
293.53
260.88
212.67
157.25
101.38
48.32
-1.66
-48.85
-91.49
-124.91
-143.58
-144.71
-130.87
-109.73
-90.84
-81.25
-82.63
-91.46
-101.78
-108.52
-109.64
-105.94
-99.24
-90.50
-79.17
-64.23
-46.06
-27.61
-13.95
-10.11
-18.47
-36.94
-59.52
-78.62
-88.05
-85.25
-71.60
-51.03
-27.85
-5.16
15.71
34.54
51.25
65.45
76.73
85.25
92.03
98.42
104.96
110.52
112.48
107.96
95.58
76.55
54.40
33.35
16.08
2.43
-10.11
-24.51
-41.88
-60.36
-75.98
-84.89
-85.56
-79.54
-70.23
-60.66
-51.84
-42.68
-31.37
-17.33
-2.04
11.46
20.25
23.13
21.15
16.91
13.23
12.01
13.61
16.94
20.03
20.73
17.61
10.53
0.89
-8.80
-15.88
-18.73
-17.29
-12.93
-7.36
-1.64
4.24
10.92
18.69
26.74
33.36
36.96
37.16
35.15
33.07
32.75
34.74
38.14
41.29
42.65
41.32
36.82
28.79
16.87
1.05
-17.55
-36.34
-51.89
-61.38
-63.97
-61.13
-55.56
-49.23
-42.10
-32.28
-17.83
1.03
21.05
37.08
44.86
43.79
37.54
31.85
31.00
35.16
40.12
39.94
30.36
10.97
-15.29
-44.33
-73.47
-101.95
-129.55
-154.37
-171.84
-176.32
-164.35
-137.46
-101.80
-65.27
-33.31
-6.16
21.05
54.96
99.35
151.76
202.84
239.18
248.04
222.38
164.01
84.18
0.97
-65.92
-101.75
-101.96
-73.58
-32.62
2.28
16.31
2.83
-35.63
-89.37
-144.99
-189.22
-212.44
-211.17
-188.74
-153.57
-116.21
-85.23
-64.61
-53.56
-48.90
-47.78
-49.07
-52.47
-56.11
-55.59
-45.31
-21.79
13.22
52.63
87.06
109.43
118.47
118.77
117.56
120.14
126.56
131.63
127.90
110.18
78.28
37.08
-5.58
-42.11
-67.74
-81.53
-85.55
-83.25
-77.70
-70.77
-63.41
-55.84
-47.79
-39.27
-30.89
-23.66
-18.62
-15.62
-13.61
-11.53
-8.58
-3.29
5.38
17.32
30.84
42.08
47.93
45.77
34.41
15.96
-1.93
-10.31
-3.48
18.02
46.49
75.16
99.12
116.26
127.57
138.70
154.12
174.16
194.86
208.41
213.43
211.32
203.67
192.94
187.21
195.66
224.93
276.09
341.52
416.41
495.10
570.70
606.16
575.46
478.98
345.05
231.57
143.34
74.52
19.53
-30.33
-76.67
-114.99
-141.03
-154.29
-159.03
-165.22
-175.73
-190.74
-209.82
-231.01
-248.04
-254.56
-247.62
-229.83
-210.52
-195.37
-188.45
-192.36
-206.92
-227.56
-248.55
-266.14
-280.34
-295.56
-313.29
-332.53
-349.66
-358.49
-351.37
-323.18
-274.74
-214.09
-154.90
-108.89
-82.72
-76.78
-86.26
-102.70
-117.39
-123.63
-116.87
-94.23
-52.59
8.84
84.73
162.22
225.68
262.56
268.67
250.31
220.79
195.28
182.84
180.64
175.23
153.02
107.48
41.82
-33.09
-104.26
-159.03
-187.99
-187.74
-160.52
-108.79
-35.56
53.67
151.56
236.81
288.37
300.25
288.71
262.69
225.58
178.25
118.34
46.74
-34.04
-117.82
-190.52
-236.72
-248.30
-227.14
-184.09
-132.92
-84.45
-44.62
-16.45
6.91
29.16
49.18
65.02
75.26
79.98
80.99
82.20
87.25
98.41
112.75
124.60
129.86
127.59
119.36
106.89
90.88
69.50
40.44
1.55
-44.94
-92.79
-135.48
-169.93
-198.07
-222.78
-247.19
-271.70
-294.14
-307.73
-303.93
-276.35
-222.93
-147.28
-55.40
42.90
140.78
219.04
260.79
264.97
245.68
225.07
205.96
190.02
174.03
149.26
109.31
55.74
-2.82
-55.32
-89.01
-97.19
-80.05
-47.97
-17.10
-2.23
-9.44
-35.25
-70.91
-107.10
-138.10
-159.37
-168.07
-161.64
-138.58
-100.07
-52.82
-8.64
20.33
27.22
15.99
-1.32
-10.49
-1.97
24.80
61.26
94.05
111.05
105.73
79.45
38.78
-7.79
-52.33
-88.70
-112.50
-120.31
-109.32
-77.79
-25.65
43.88
123.49
202.15
266.95
306.57
315.11
294.62
254.46
207.92
166.37
134.83
110.77
86.82
55.51
13.66
-36.34
-87.98
-133.58
-166.79
-183.02
-179.26
-154.12
-109.31
-51.39
7.96
54.81
77.15
68.95
32.19
-24.12
-86.55
-140.36
-172.40
-173.50
-139.98
-74.80
12.32
106.29
189.37
245.05
263.06
242.76
193.89
133.51
79.90
45.42
32.16
31.95
31.14
17.85
-12.76
-57.47
-108.52
-158.49
-203.38
-242.01
-273.58
-295.27
-302.68
-292.26
-263.96
-222.00
-173.13
-123.41
-75.41
-28.08
21.22
73.72
127.37
177.14
217.14
243.01
253.08
247.85
228.44
195.76
151.06
97.46
41.24
-8.76
-43.56
-57.40
-50.09
-26.83
4.24
35.13
60.11
75.94
80.79
73.32
52.68
19.39
-23.71
-71.32
-116.76
-153.70
-177.98
-188.51
-187.15
-177.60
-163.75
-147.84
-129.67
-107.40
-79.58
-47.73
-17.54
2.06
2.42
-20.51
-63.22
-114.84
-160.61
-187.06
-186.42
-158.48
-109.38
-48.08
17.20
81.20
141.52
196.81
244.75
281.24
301.42
301.84
282.36
246.69
201.07
151.96
104.00
59.05
16.94
-22.74
-59.14
-89.74
-111.69
-124.05
-129.46
-133.91
-144.05
-163.21
-188.40
-210.54
-218.54
-205.43
-172.80
-130.66
-92.49
-68.05
-58.49
-56.73
-52.91
-41.28
-23.63
-7.54
-0.37
-3.33
-9.65
-8.07
10.90
49.80
103.24
160.69
211.65
249.31
271.45
278.88
273.01
254.52
223.71
181.81
132.13
80.24
32.80
-4.35
-28.01
-38.72
-40.44
-38.91
-39.31
-44.51
-54.23
-65.73
-75.41
-80.23
-78.70
-71.32
-61.12
-52.94
-52.14
-62.12
-81.70
-103.95
-117.61
-111.87
-82.07
-33.22
20.93
62.79
78.04
61.39
18.25
-37.48
-88.55
-119.67
-121.85
-94.86
-46.87
8.61
57.69
91.26
108.56
116.56
125.62
143.48
170.38
198.26
214.59
209.10
179.12
131.30
78.53
34.03
6.02
-4.68
-2.87
4.77
13.17
20.03
25.23
28.66
28.74
22.74
8.38
-14.45
-43.14
-73.12
-99.30
-117.61
-126.18
-125.56
-118.62
-109.71
-103.30
-102.05
-105.56
-110.43
-111.93
-106.50
-93.54
-75.53
-56.29
-38.93
-24.65
-13.23
-4.54
0.37
-0.51
-8.61
-23.07
-40.44
-55.69
-64.30
-63.89
-54.58
-38.29
-17.62
4.72
25.87
42.73
52.39
53.06
45.28
32.01
17.52
5.42
-2.77
-7.78
-11.21
-13.61
-13.44
-7.64
6.26
28.14
54.70
80.87
102.37
117.83
129.08
139.35
150.53
161.35
167.70
164.81
150.03
124.47
92.47
59.47
29.65
4.83
-15.14
-30.74
-41.61
-46.57
-44.74
-37.00
-26.51
-18.06
-16.34
-24.17
-41.41
-65.10
-90.64
-113.38
-129.96
-139.09
-141.44
-138.83
-133.17
-125.74
-116.84
-106.26
-93.82
-79.71
-64.26
-47.62
-29.68
-10.69
8.01
23.61
32.67
32.90
25.15
13.80
5.32
5.37
16.29
36.48
62.10
89.88
118.81
149.52
181.83
212.33
234.17
239.62
223.75
187.13
135.61
77.74
21.52
-27.69
-67.18
-95.57
-111.95
-116.08
-109.27
-94.90
-77.88
-63.23
-54.60
-53.57
-59.69
-70.99
-84.54
-96.97
-105.29
-107.70
-104.26
-96.66
-86.87
-75.68
-61.83
-42.68
-16.05
17.78
55.16
90.10
116.47
130.37
131.34
121.97
106.26
87.90
69.15
50.99
33.99
19.31
8.96
4.97
8.05
16.43
26.07
31.91
30.01
19.22
1.54
-18.94
-37.92
-52.45
-61.63
-66.22
-67.79
-67.81
-67.38
-67.29
-68.03
-69.70
-71.61
-72.28
-69.77
-62.37
-49.30
-31.08
-9.25
14.10
37.02
57.94
75.90
90.41
101.56
110.05
117.23
124.53
132.50
139.94
143.66
139.50
124.28
97.59
62.52
24.72
-9.92
-37.58
-57.75
-72.62
-85.13
-96.96
-107.62
-115.21
-117.99
-115.82
-110.39
-104.26
-99.24
-95.30
-90.54
-82.43
-69.39
-51.84
-32.19
-13.62
1.34
11.85
18.73
23.66
28.04
32.34
36.07
38.41
38.92
37.95
36.55
36.05
37.54
41.46
47.40
54.18
59.93
62.51
60.14
52.26
40.08
26.64
15.88
10.86
12.16
17.19
21.26
19.81
10.69
-4.66
-21.97
-36.27
-44.32
-45.69
-42.34
-36.78
-30.38
-22.91
-13.52
-2.21
9.22
17.65
20.19
15.84
6.27
-4.98
-14.22
-19.28
-20.29
-19.22
-18.51
-19.59
-22.40
-25.64
-27.62
-27.16
-23.96
-18.57
-12.04
-5.48
0.24
4.60
7.45
8.87
9.07
8.27
6.45
3.40
-1.25
-7.76
-15.89
-24.57
-31.92
-35.58
-33.37
-24.15
-8.59
10.65
29.37
43.17
49.05
46.56
38.19
28.54
22.44
23.06
30.66
42.66
55.11
64.54
69.16
68.93
64.51
56.19
43.49
25.85
3.79
-20.34
-42.80
-59.79
-69.12
-71.10
-68.19
-63.43
-58.96
-55.21
-51.26
-45.97
-39.02
-31.17
-24.01
-19.06
-17.15
-18.16
-21.34
-25.65
-30.04
-33.30
-34.14
-31.50
-25.17
-16.20
-6.64
1.56
7.76
13.30
20.95
33.33
51.34
73.60
97.06
118.53
135.67
147.37
153.17
152.75
145.68
131.69
111.19
85.43
56.27
25.88
-3.52
-29.82
-51.25
-66.96
-77.45
-84.57
-90.72
-97.60
-105.44
-112.96
-118.51
-121.17
-121.13
-118.99
-114.76
-107.44
-95.79
-79.77
-61.58
-45.30
-35.00
-32.32
-35.23
-38.79
-37.78
-29.32
-14.21
3.96
21.09
34.80
45.45
55.31
66.77
80.61
95.41
108.28
116.27
117.74
112.80
103.11
90.92
78.15
65.99
55.03
45.72
38.73
34.59
33.06
32.89
31.94
28.09
20.13
8.39
-5.32
-18.58
-29.33
-36.58
-39.96
-39.34
-34.42
-25.13
-12.28
2.17
15.37
24.44
27.18
23.69
16.41
9.12
5.16
6.22
12.14
21.67
33.34
45.17
56.37
66.80
76.12
82.70
83.54
75.75
58.31
32.93
2.01
-30.40
-59.84
-83.48
-101.77
-117.70
-134.82
-155.32
-179.09
-205.90
-233.25
-256.89
-272.76
-278.86
-275.30
-262.70
-240.97
-196.82
-127.79
-44.82
33.80
94.10
131.01
146.60
147.25
140.56
132.51
124.28
115.38
105.61
96.06
88.37
83.82
82.69
84.42
87.42
88.20
84.70
77.35
68.45
60.37
54.45
50.67
47.96
44.75
38.73
29.13
17.38
6.67
-0.30
-1.47
3.98
15.48
30.82
46.08
57.19
61.12
56.75
44.89
28.43
11.60
-1.20
-7.16
-6.07
0.09
8.35
15.94
21.16
24.28
26.91
30.56
34.90
37.61
35.62
27.07
11.91
-8.39
-31.16
-53.63
-71.78
-82.69
-84.94
-78.65
-65.36
-48.99
-35.66
-30.98
-37.87
-55.38
-79.69
-106.01
-130.43
-150.82
-161.71
-160.36
-147.62
-127.39
-104.03
-80.64
-59.22
-44.07
-34.07
-28.06
-25.55
-25.96
-28.85
-34.11
-40.28
-46.56
-51.15
-50.14
-39.38
-16.37
18.43
61.12
105.38
144.53
173.74
191.81
201.26
205.52
206.95
206.24
202.95
196.45
186.37
173.10
157.83
142.44
128.20
115.72
104.97
95.33
85.90
75.78
64.57
53.10
43.17
35.81
29.93
22.30
9.37
-10.18
-33.73
-55.27
-68.27
-69.07
-58.86
-42.56
-26.02
-13.08
-4.57
0.60
3.41
3.64
0.09
-8.07
-20.31
-34.81
-49.55
-63.43
-76.65
-90.13
-105.03
-122.33
-142.83
-166.83
-193.26
-218.66
-237.33
-243.10
-232.42
-206.95
-173.20
-139.40
-111.13
-88.20
-65.41
-36.57
0.48
41.29
76.25
96.13
97.73
86.38
73.32
69.39
79.04
98.22
117.11
125.83
119.51
99.73
72.04
41.64
10.07
-24.11
-62.42
-103.23
-141.20
-169.53
-183.59
-183.09
-171.71
-155.05
-138.17
-124.31
-114.27
-106.58
-98.02
-85.29
-67.10
-45.76
-26.78
-15.94
-15.94
-24.13
-33.34
-35.74
-27.55
-11.42
5.23
14.43
12.17
-0.24
-17.66
-34.23
-45.67
-49.53
-44.15
-27.93
0.10
38.82
83.59
126.30
157.29
168.72
157.93
128.91
91.21
56.11
32.51
24.25
30.11
45.85
66.83
89.77
112.84
134.66
153.48
167.24
174.54
175.69
172.66
167.70
161.83
154.10
142.51
125.74
104.52
81.93
62.55
50.27
45.99
46.89
47.35
41.41
24.95
-3.19
-40.45
-80.09
-111.96
-125.36
-112.98
-74.25
-16.06
49.35
108.06
149.25
169.17
171.58
163.94
152.96
142.15
132.60
124.35
116.01
104.39
85.20
54.62
10.41
-47.29
-115.48
-188.63
-253.88
-295.00
-303.89
-286.29
-254.29
-217.10
-179.09
-142.41
-108.86
-80.30
-58.67
-45.02
-38.41
-35.65
-33.24
-29.26
-23.70
-17.41
-11.17
-6.04
-3.08
-2.58
-3.43
-3.95
-3.14
-0.99
1.98
5.24
8.05
9.57
9.47
8.35
7.28
6.86
7.26
8.37
9.94
11.61
12.96
13.89
14.79
16.24
18.61
22.01
26.31
31.23
36.35
41.13
45.09
47.99
49.62
49.98
48.97
46.60
42.97
38.35
32.94
27.04
21.02
15.23
10.09
5.96
3.12
1.75
2.16
4.20
7.71
12.43
17.97
23.90
29.71
34.97
39.39
43.00
45.47
46.83
47.36
47.55
47.96
49.13
51.60
55.80
62.11
69.95
78.95
88.79
99.05
109.23
118.89
127.71
135.61
142.74
148.31
152.12
154.33
155.06
154.12
150.72
143.32
128.96
112.11
93.59
74.00
53.87
33.65
13.52
-6.65
-27.24
-48.71
-71.25
-95.87
-122.74
-151.55
-181.56
-211.80
-241.16
-268.69
-294.01
-317.51
-341.74
-369.47
-402.11
-437.81
-471.15
-494.60
-501.99
-491.47
-465.89
-431.14
-392.21
-351.50
-309.45
-267.08
-227.68
-195.89
-175.00
-163.75
-156.47
-145.74
-126.77
-99.57
-68.08
-36.91
-8.42
17.79
43.10
67.43
88.20
101.36
104.02
96.71
83.75
71.73
67.04
73.34
89.70
110.84
129.29
138.89
137.94
130.27
123.10
123.00
131.96
145.90
156.93
158.17
147.43
128.29
108.03
93.35
86.66
85.44
84.61
80.24
71.93
62.50
55.63
53.14
53.63
53.38
48.60
37.63
21.60
3.50
-13.62
-27.52
-37.07
-42.06
-42.96
-40.63
-36.31
-31.18
-26.17
-22.21
-20.07
-20.09
-21.47
-22.01
-18.75
-9.46
5.73
23.65
38.40
43.31
33.92
10.80
-19.93
-49.01
-68.38
-74.48
-69.47
-59.19
-48.92
-39.89
-28.58
-9.61
19.43
54.99
88.59
111.02
117.44
109.73
94.56
79.06
67.59
61.29
59.72
62.47
68.87
76.43
80.18
74.87
58.48
35.04
13.77
4.34
10.89
29.08
48.51
59.09
56.52
43.99
28.74
16.11
6.03
-5.97
-23.74
-45.78
-64.40
-70.01
-57.45
-30.15
1.20
24.60
33.82
31.92
29.09
35.86
56.14
84.57
109.51
119.45
108.67
79.24
39.29
-1.04
-33.49
-54.11
-63.48
-65.48
-65.27
-66.78
-70.81
-74.36
-71.80
-57.56
-29.20
10.71
55.11
95.18
123.97
138.74
140.76
133.28
119.67
102.66
84.95
69.85
61.27
62.15
72.91
90.68
109.91
124.41
129.80
124.84
111.59
94.49
78.82
68.97
67.39
74.00
85.89
97.78
103.46
98.20
80.90
55.01
27.33
4.99
-7.66
-10.18
-4.95
4.84
16.58
28.33
37.96
42.43
38.15
22.78
-2.83
-34.26
-65.25
-90.44
-107.51
-117.35
-122.33
-124.27
-123.55
-119.68
-112.70
-104.25
-97.13
-93.96
-95.78
-101.15
-106.53
-107.57
-100.76
-84.95
-61.74
-34.95
-9.46
10.26
21.51
23.97
19.66
12.16
5.51
3.01
6.58
16.47
31.28
48.24
63.42
72.38
70.94
56.56
29.74
-4.98
-39.23
-63.13
-69.03
-55.24
-27.48
3.51
27.00
37.83
39.02
39.53
47.84
65.94
87.74
102.57
101.53
82.78
52.46
20.86
-3.61
-18.65
-27.65
-35.98
-46.39
-56.91
-62.61
-59.55
-47.99
-32.89
-21.21
-17.76
-22.48
-30.47
-34.55
-29.24
-13.78
7.10
25.62
35.27
34.72
28.67
25.40
32.44
52.44
81.42
110.35
129.21
131.46
116.62
89.94
59.70
33.53
15.56
5.62
0.63
-3.21
-8.43
-15.53
-23.56
-31.27
-37.89
-43.25
-47.23
-48.97
-46.69
-38.82
-25.57
-9.87
3.55
10.32
8.59
-0.30
-12.80
-25.28
-36.06
-45.55
-54.92
-64.13
-70.98
-71.92
-64.56
-49.84
-32.19
-17.55
-9.97
-9.40
-12.14
-13.41
-10.57
-4.54
1.21
3.18
0.25
-5.34
-9.47
-8.79
-2.67
6.70
15.70
21.45
23.14
22.07
20.39
19.87
21.00
23.10
24.98
25.64
24.77
22.61
19.64
16.74
15.00
15.74
19.57
25.37
30.26
31.08
26.94
21.08
20.04
29.52
49.72
73.64
89.98
89.35
69.77
37.93
5.58
-17.24
-27.27
-28.42
-27.37
-28.18
-29.99
-29.19
-23.62
-15.27
-9.44
-11.07
-21.17
-36.05
-49.91
-58.30
-60.47
-58.55
-55.22
-51.89
-48.42
-44.42
-40.77
-39.76
-43.20
-50.54
-58.47
-62.84
-61.28
-54.63
-46.38
-40.46
-38.78
-40.26
-42.00
-41.34
-37.51
-31.80
-26.51
-23.54
-23.34
-24.69
-25.25
-22.57
-15.19
-2.98
13.32
32.88
54.68
77.17
97.68
112.52
118.11
112.74
98.10
79.33
62.88
53.17
50.34
50.29
47.55
39.11
26.35
13.74
5.15
1.05
-1.71
-7.16
-17.03
-29.33
-39.73
-44.69
-44.28
-42.42
-44.28
-52.66
-65.97
-79.28
-87.03
-85.95
-76.44
-61.69
-45.47
-30.31
-16.73
-3.74
9.69
23.53
36.28
45.48
49.12
46.99
41.02
34.32
30.01
30.14
34.81
42.11
49.20
53.98
56.31
58.05
61.74
68.66
77.11
82.45
79.16
63.83
37.57
6.47
-20.59
-35.80
-36.08
-24.48
-8.43
4.20
9.04
7.06
3.39
3.59
9.89
19.49
26.51
26.28
19.45
12.29
12.89
25.74
48.11
70.71
82.80
78.41
59.75
35.83
17.21
10.01
13.01
19.58
22.40
17.70
6.36
-8.20
-23.37
-38.92
-55.97
-74.25
-90.15
-97.48
-91.34
-72.46
-48.45
-30.77
-29.09
-46.37
-77.32
-111.18
-136.74
-146.85
-140.55
-122.72
-101.90
-87.06
-84.60
-96.38
-119.40
-147.18
-171.99
-187.32
-189.72
-178.91
-156.66
-125.70
-89.22
-51.30
-17.44
6.47
16.42
12.44
-0.73
-15.06
-21.86
-14.87
7.68
42.43
81.88
116.62
138.36
142.87
131.45
110.24
87.54
70.22
60.81
57.02
54.12
48.64
41.17
36.07
38.33
49.50
65.81
79.86
84.86
78.60
64.46
49.16
38.31
32.98
29.46
22.32
8.53
-10.02
-27.01
-34.82
-28.15
-6.33
26.70
64.03
98.35
124.16
138.79
142.26
136.28
123.29
105.84
86.38
67.72
53.21
46.21
48.68
59.84
75.63
89.69
95.88
90.87
75.39
53.53
30.61
10.91
-3.38
-11.80
-14.61
-12.00
-4.28
7.59
21.60
34.93
44.92
49.86
49.08
42.39
29.81
11.90
-9.38
-30.35
-46.52
-54.34
-53.24
-46.51
-40.18
-40.36
-50.20
-68.64
-91.17
-112.17
-127.48
-135.87
-139.10
-140.39
-142.60
-146.77
-151.75
-154.74
-152.53
-142.61
-123.76
-96.26
-61.82
-23.71
13.48
44.19
62.93
66.18
54.35
32.57
9.27
-7.19
-12.36
-7.56
1.35
7.83
8.60
5.15
2.12
3.40
9.31
16.34
20.17
19.41
17.14
18.97
28.94
46.03
64.25
76.48
78.90
73.43
66.35
64.30
70.08
81.15
91.37
94.63
87.74
71.07
47.09
18.58
-12.00
-42.09
-68.25
-86.46
-93.71
-89.85
-78.49
-65.51
-56.22
-53.00
-54.41
-56.52
-55.19
-47.89
-34.40
-16.44
2.92
19.73
29.91
30.71
21.88
6.15
-11.47
-25.44
-31.90
-29.75
-20.31
-5.91
11.64
31.20
51.16
68.24
77.54
74.11
55.56
23.95
-14.42
-51.20
-79.40
-96.17
-103.49
-106.53
-110.48
-117.59
-126.04
-131.40
-129.42
-118.21
-98.82
-74.18
-47.36
-20.33
5.82
29.75
48.86
59.50
58.69
46.41
26.50
5.33
-11.03
-19.66
-21.90
-22.11
-24.72
-31.66
-41.61
-51.22
-57.29
-58.37
-54.62
-46.61
-34.34
-17.94
1.02
19.03
31.79
36.55
33.74
26.81
20.20
16.69
16.16
16.63
16.46
15.92
17.16
22.30
31.34
41.71
49.57
52.13
49.50
44.66
41.73
43.72
50.91
60.36
67.48
68.42
62.21
51.52
41.37
36.59
39.58
49.56
63.77
79.22
93.72
105.69
113.00
112.72
102.84
84.95
65.79
55.38
62.46
89.03
127.72
164.08
182.79
174.22
137.99
81.91
17.54
-43.97
-94.01
-126.26
-135.63
-119.39
-79.39
-24.15
32.23
74.49
92.23
83.76
55.32
16.73
-23.47
-59.90
-89.38
-108.55
-113.08
-99.45
-68.02
-24.67
20.31
55.82
74.03
72.22
52.00
17.09
-27.97
-77.73
-125.06
-161.42
-179.36
-175.68
-153.43
-120.90
-87.79
-61.08
-42.46
-29.48
-18.88
-10.09
-6.22
-11.96
-29.84
-57.42
-87.70
-112.41
-126.50
-130.54
-129.96
-131.18
-137.66
-148.13
-157.88
-161.95
-157.97
-146.97
-132.10
-116.72
-102.51
-89.21
-75.33
-59.19
-39.42
-15.00
14.72
49.79
88.61
127.53
161.50
185.96
198.36
198.66
188.60
170.66
147.34
121.08
94.67
71.40
54.50
46.09
46.39
53.71
65.36
78.59
91.14
101.23
107.18
107.45
101.03
87.82
68.78
45.66
20.55
-4.50
-27.48
-46.67
-61.07
-70.53
-75.81
-78.53
-80.80
-84.47
-90.26
-97.15
-102.38
-102.47
-95.04
-80.51
-62.54
-46.39
-35.95
-31.47
-29.51
-25.03
-14.75
0.69
17.03
28.84
32.58
28.45
20.00
12.22
9.47
14.18
26.77
46.20
70.33
96.10
119.86
138.04
148.09
149.06
141.73
128.27
111.73
95.29
81.54
72.28
68.57
71.18
80.59
96.39
116.69
137.71
154.12
160.38
152.54
129.73
94.69
52.86
10.45
-27.57
-58.69
-82.91
-101.59
-116.24
-127.99
-137.51
-145.50
-153.03
-161.38
-171.48
-183.49
-196.58
-209.29
-220.19
-228.40
-233.73
-236.28
-236.05
-232.80
-226.37
-216.86
-204.66
-190.23
-173.72
-155.21
-134.98
-113.86
-92.99
-73.34
-54.92
-36.59
-16.89
4.68
26.64
45.69
58.03
61.05
54.59
41.06
24.45
8.80
-2.58
-7.23
-3.45
9.83
32.41
62.37
96.02
128.81
156.99
178.93
195.25
207.19
214.79
215.96
207.31
186.56
154.44
114.89
73.56
35.39
2.76
-24.39
-46.98
-65.31
-78.56
-86.23
-89.45
-91.15
-94.63
-100.97
-107.51
-108.50
-97.64
-71.17
-29.87
21.52
76.24
127.45
169.26
196.47
203.75
185.60
138.34
63.21
-30.70
-126.48
-203.69
-245.14
-243.47
-204.91
-147.76
-95.27
-65.83
-65.31
-85.01
-106.77
-111.85
-89.17
-40.66
19.82
73.86
108.43
121.85
123.19
125.88
140.12
169.73
211.21
256.37
296.97
328.95
352.27
367.11
369.91
353.25
312.40
248.86
170.24
87.70
13.28
-44.13
-82.57
-107.54
-128.46
-148.96
-165.21
-168.85
-151.71
-107.82
-35.30
61.78
173.46
263.19
295.33
260.78
183.54
95.91
17.96
-44.41
-93.25
-132.58
-165.00
-186.90
-192.79
-180.98
-156.20
-126.34
-98.61
-77.51
-64.89
-60.49
-59.69
-56.88
-49.30
-38.70
-28.69
-22.09
-19.96
-22.01
-27.40
-32.98
-35.30
-33.04
-27.82
-22.42
-19.17
-19.09
-21.96
-26.78
-31.26
-33.57
-33.63
-33.82
-36.80
-43.67
-53.01
-61.33
-64.51
-59.36
-45.60
-25.84
-4.61
13.89
27.49
36.38
42.10
45.29
46.54
44.93
39.30
29.58
17.27
4.68
-6.40
-16.45
-27.28
-40.74
-57.17
-74.44
-88.18
-93.62
-87.84
-71.16
-46.91
-19.86
5.58
26.58
42.07
52.27
57.87
59.50
57.35
51.71
43.32
33.36
23.22
13.93
5.89
-1.18
-8.07
-15.64
-24.37
-34.01
-43.82
-51.85
-56.72
-57.83
-55.57
-51.11
-45.90
-41.11
-37.30
-34.31
-31.58
-28.72
-25.59
-22.41
-19.57
-17.26
-15.26
-12.92
-9.41
-4.12
2.91
11.10
19.61
27.67
34.98
41.73
48.36
55.19
62.13
68.49
73.34
75.73
75.03
71.04
64.01
54.53
43.52
32.04
21.26
12.24
5.78
2.18
1.18
1.99
3.50
4.65
4.60
2.94
-0.37
-5.06
-10.74
-16.96
-23.18
-28.76
-32.99
-35.15
-34.75
-31.74
-26.54
-20.01
-13.16
-6.89
-1.79
1.96
4.49
6.05
6.81
6.80
5.89
3.95
0.98
-2.83
-7.10
-11.40
-15.38
-18.90
-21.92
-24.52
-26.68
-28.29
-29.18
-29.26
-28.57
-27.35
-25.93
-24.58
-23.45
-22.52
-21.70
-20.81
-19.62
-17.93
-15.56
-12.49
-8.92
-5.25
-1.95
0.63
2.45
3.73
4.70
5.35
5.37
4.24
1.56
-2.72
-8.21
-14.25
-20.08
-25.10
-28.89
-31.14
-31.53
-29.90
-26.25
-20.93
-14.55
-7.74
-0.99
5.57
12.06
18.71
25.62
32.75
39.81
46.42
52.16
56.67
59.60
60.67
59.60
56.21
50.43
42.38
32.41
21.13
9.34
-2.08
-12.32
-20.82
-27.24
-31.46
-33.53
-33.58
-31.74
-28.17
-23.08
-16.70
-9.38
-1.61
6.05
12.89
18.22
21.50
22.46
21.12
17.81
13.02
7.22
0.82
-5.89
-12.60
-18.90
-24.20
-27.89
-29.41
-28.56
-25.55
-20.97
-15.66
-10.37
-5.65
-1.76
1.27
3.49
4.94
5.62
5.61
5.02
4.01
2.78
1.51
0.33
-0.66
-1.37
-1.71
-1.66
-1.29
-0.71
-0.07
0.55
1.14
1.73
2.38
3.09
3.79
4.35
4.67
4.72
4.56
4.29
4.03
3.82
3.63
3.41
3.14
2.87
2.68
2.67
2.90
3.34
3.89
4.45
4.98
5.46
5.92
6.47
7.20
8.20
9.49
10.96
12.36
13.38
13.67
13.04
11.45
9.05
6.13
3.06
0.21
-2.04
-3.34
-3.46
-2.35
-0.19
2.59
5.44
7.76
9.08
9.12
7.86
5.47
2.29
-1.28
-4.85
-8.13
-10.95
-13.26
-15.04
-16.29
-16.99
-17.05
-16.38
-14.94
-12.68
-9.62
-5.92
-1.88
2.06
5.38
7.66
8.67
8.46
7.34
5.70
3.91
2.18
0.64
-0.64
-1.50
-1.74
-1.18
0.20
2.21
4.51
6.64
8.27
9.26
9.61
9.43
8.82
7.79
6.34
4.56
2.68
1.14
0.49
1.12
3.07
5.95
9.14
12.11
14.69
17.07
19.71
23.03
27.12
31.76
36.55
40.93
44.26
45.66
44.02
38.35
28.33
14.81
-0.08
-13.50
-22.73
-26.00
-22.87
-13.94
-0.46
15.99
33.69
50.81
65.31
75.25
79.15
76.55
68.26
56.16
42.58
29.43
17.83
7.93
-0.66
-8.35
-14.91
-19.49
-20.97
-18.92
-14.20
-8.50
-3.76
-1.15
-1.39
-4.67
-10.94
-19.95
-31.44
-44.98
-59.46
-73.57
-85.91
-96.86
-107.58
-118.99
-130.01
-137.73
-138.49
-128.82
-107.79
-77.17
-43.26
-13.63
5.92
15.10
18.05
20.34
26.46
36.33
46.31
48.02
33.03
-3.71
-59.54
-126.72
-196.60
-261.51
-317.86
-348.52
-340.26
-291.47
-215.96
-130.76
-48.69
16.67
66.36
101.86
126.65
145.18
164.44
190.74
231.52
289.68
359.92
424.30
460.68
456.74
414.27
357.07
293.44
227.31
161.35
94.63
29.82
-30.54
-84.12
-131.54
-176.00
-222.23
-268.83
-307.33
-327.12
-320.85
-290.07
-244.74
-200.53
-172.83
-171.84
-194.98
-227.57
-250.31
-246.92
-209.68
-139.40
-43.59
66.61
179.26
274.01
333.73
353.74
342.23
310.58
267.52
218.41
166.19
111.80
57.74
5.10
-45.89
-95.92
-146.22
-196.65
-244.89
-287.52
-321.30
-342.71
-337.79
-297.52
-219.62
-110.07
18.93
152.40
276.24
373.28
426.87
433.10
401.62
349.12
289.44
230.03
173.17
118.69
68.55
20.55
-24.18
-63.85
-96.99
-123.14
-142.17
-154.08
-159.16
-154.65
-139.46
-112.66
-76.38
-36.24
-0.21
24.32
33.26
27.09
10.59
-9.65
-26.37
-35.21
-35.73
-30.48
-22.92
-15.71
-10.15
-6.29
-3.94
-1.80
1.27
5.72
11.53
18.49
26.42
35.11
44.30
53.23
61.28
67.74
71.73
72.42
69.35
62.51
52.35
39.68
25.30
10.18
-4.77
-18.70
-30.82
-40.42
-46.97
-50.23
-50.32
-47.74
-43.20
-37.52
-31.45
-25.60
-20.35
-15.93
-12.40
-9.76
-7.92
-6.82
-6.38
-6.54
-7.21
-8.16
-9.09
-9.63
-9.51
-8.65
-7.17
-5.33
-3.42
-1.62
0.01
1.51
2.82
3.87
4.47
4.52
4.09
3.39
2.79
2.50
2.62
3.00
3.42
3.73
3.86
3.83
3.64
3.24
2.55
1.48
0.09
-1.45
-2.89
-3.99
-4.64
-4.82
-4.62
-4.14
-3.45
-2.58
-1.58
-0.49
0.60
1.64
2.52
3.13
3.37
3.14
2.46
1.41
0.23
-0.85
-1.61
-1.98
-2.02
-1.85
-1.59
-1.32
-1.04
-0.75
-0.49
-0.34
-0.40
-0.69
-1.22
-1.93
-2.73
-3.54
-4.30
-4.88
-5.15
-4.95
-4.20
-2.88
-1.10
0.99
3.15
5.12
6.71
7.76
8.23
8.11
7.53
6.66
5.75
5.05
4.73
4.89
5.45
6.24
7.02
7.61
7.89
7.85
7.46
6.70
5.50
3.80
1.65
-0.74
-3.08
-5.09
-6.60
-7.56
-8.06
-8.16
-7.91
-7.30
-6.36
-5.19
-3.96
-2.83
-1.90
-1.23
-0.80
-0.61
-0.70
-1.14
-1.97
-3.18
-4.62
-6.04
-7.16
-7.73
-7.53
-6.46
-4.49
-1.70
1.72
5.50
9.32
12.86
15.84
18.08
19.50
20.10
19.91
18.95
17.29
15.01
12.25
9.22
6.16
3.30
0.81
-1.20
-2.73
-3.86
-4.67
-5.26
-5.72
-6.12
-6.51
-6.93
-7.39
-7.87
-8.32
-8.67
-8.88
-8.91
-8.78
-8.51
-8.12
-7.59
-6.88
-5.95
-4.81
-3.52
-2.21
-1.05
-0.24
0.07
-0.09
-0.61
-1.24
-1.73
-1.96
-1.90
-1.65
-1.31
-0.95
-0.56
-0.12
0.37
0.84
1.21
1.41
1.45
1.40
1.34
1.35
1.44
1.63
1.95
2.42
3.08
3.92
4.84
5.66
6.17
6.20
5.72
4.84
3.72
2.53
1.29
-0.08
-1.71
-3.65
-5.80
-7.88
-9.59
-10.65
-10.98
-10.64
-9.83
-8.74
-7.50
-6.14
-4.67
-3.15
-1.71
-0.57
0.07
0.15
-0.22
-0.73
-1.04
-0.85
-0.11
1.01
2.19
3.10
3.56
3.54
3.19
2.70
2.25
1.88
1.58
1.27
1.00
0.87
1.04
1.58
2.49
3.64
4.79
5.76
6.45
6.93
7.33
7.74
8.15
8.37
8.13
7.20
5.49
3.13
0.46
-2.13
-4.37
-6.20
-7.71
-9.09
-10.43
-11.62
-12.43
-12.60
-12.03
-10.83
-9.17
-7.28
-5.25
-3.09
-0.80
1.51
3.60
5.17
6.00
6.05
5.48
4.59
3.71
3.06
2.72
2.64
2.65
2.58
2.35
1.94
1.47
1.06
0.79
0.68
0.64
0.60
0.52
0.43
0.40
0.53
0.88
1.47
2.27
3.21
4.20
5.05
5.51
5.35
4.41
2.69
0.39
-2.11
-4.40
-6.10
-7.00
-7.10
-6.51
-5.44
-4.12
-2.70
-1.29
0.04
1.24
2.26
2.99
3.30
3.02
2.08
0.48
-1.61
-3.89
-6.03
-7.70
-8.68
-8.89
-8.32
-7.12
-5.43
-3.41
-1.22
1.03
3.21
5.20
6.85
8.04
8.70
8.82
8.47
7.81
6.99
6.10
5.19
4.23
3.24
2.27
1.42
0.77
0.34
0.05
-0.21
-0.48
-0.72
-0.78
-0.52
0.12
0.99
1.89
2.62
3.07
3.31
3.46
3.62
3.82
4.00
4.09
4.06
3.97
3.88
3.80
3.62
3.15
2.21
0.71
-1.27
-3.54
-5.85
-7.98
-9.80
-11.27
-12.40
-13.21
-13.66
-13.70
-13.25
-12.30
-10.93
-9.26
-7.43
-5.57
-3.79
-2.19
-0.87
0.07
0.57
0.68
0.50
0.22
-0.01
-0.13
-0.17
-0.23
-0.39
-0.64
-0.88
-1.03
-1.01
-0.84
-0.58
-0.25
0.21
0.96
2.12
3.78
5.85
8.13
10.36
12.25
13.60
14.27
14.22
13.52
12.33
10.93
9.55
8.40
7.50
6.70
5.75
4.40
2.51
0.15
-2.49
-5.15
-7.59
-9.60
-11.04
-11.74
-11.55
-10.34
-8.10
-5.04
-1.54
1.91
4.82
6.85
7.82
7.71
6.60
4.63
1.95
-1.21
-4.57
-7.86
-10.79
-13.17
-14.93
-16.05
-16.51
-16.33
-15.54
-14.18
-12.32
-10.06
-7.47
-4.53
-1.20
2.60
6.87
11.48
16.10
20.26
23.43
25.18
25.27
23.85
21.30
18.14
14.80
11.45
7.96
4.15
-0.05
-4.37
-8.28
-11.16
-12.60
-12.59
-11.47
-9.77
-7.98
-6.36
-4.97
-3.75
-2.63
-1.62
-0.81
-0.25
0.04
0.12
0.14
0.27
0.65
1.33
2.28
3.31
4.23
4.82
5.00
4.78
4.23
3.40
2.25
0.73
-1.19
-3.45
-5.88
-8.35
-10.78
-13.22
-15.74
-18.21
-20.28
-21.33
-20.68
-17.87
-12.86
-6.11
1.57
9.25
16.13
21.65
25.58
27.87
28.58
27.82
25.67
22.27
17.76
12.43
6.68
1.02
-4.02
-8.04
-10.84
-12.38
-12.77
-12.20
-10.86
-8.93
-6.60
-4.06
-1.56
0.74
2.73
4.38
5.68
6.53
6.93
6.91
6.65
6.32
6.21
6.45
7.02
7.59
7.72
7.23
6.32
5.56
5.56
6.79
9.33
12.78
16.18
18.42
18.96
18.18
17.04
16.67
18.08
21.93
28.19
36.03
44.14
51.56
58.05
63.67
68.43
72.25
74.81
75.33
72.22
63.40
47.10
22.37
-11.29
-53.96
-105.05
-160.90
-212.76
-250.23
-267.29
-264.92
-248.51
-223.74
-194.04
-160.07
-121.05
-76.70
-28.89
18.21
60.09
95.08
122.84
143.30
156.25
160.95
156.28
141.47
117.21
86.74
55.32
28.10
8.57
-2.14
-4.85
-1.91
4.34
11.62
18.45
24.35
29.46
34.22
38.95
43.53
46.89
47.37
43.28
34.40
22.61
11.06
2.64
-1.43
-1.75
0.43
5.13
14.32
31.19
57.70
92.05
128.18
157.57
172.64
169.65
149.79
117.76
79.24
38.58
-2.03
-41.68
-79.48
-114.05
-143.54
-166.28
-181.30
-188.64
-189.07
-183.79
-174.04
-160.80
-144.91
-126.94
-107.16
-85.73
-62.95
-39.45
-16.39
4.77
22.53
35.62
43.41
45.86
43.48
37.04
27.46
15.58
2.19
-12.02
-26.39
-40.19
-52.44
-62.07
-67.99
-69.40
-65.99
-57.93
-45.63
-29.43
-9.47
14.17
40.86
69.11
96.31
119.21
134.71
140.75
136.87
124.05
104.30
79.93
53.14
25.85
-0.22
-23.48
-42.48
-56.20
-64.24
-66.87
-64.95
-59.61
-51.94
-42.79
-32.66
-21.90
-10.74
0.51
11.46
21.56
30.15
36.57
40.24
40.91
38.64
33.81
27.07
19.18
10.95
3.09
-3.86
-9.53
-13.81
-16.82
-18.81
-20.08
-20.74
-20.70
-19.62
-17.06
-12.72
-6.58
1.00
9.32
17.46
24.50
29.70
32.58
33.01
31.16
27.48
22.56
17.03
11.50
6.41
2.04
-1.60
-4.63
-7.19
-9.40
-11.27
-12.68
-13.55
-13.85
-13.71
-13.35
-13.02
-12.87
-12.97
-13.31
-13.86
-14.57
-15.39
-16.24
-17.00
-17.54
-17.79
-17.74
-17.44
-16.96
-16.34
-15.55
-14.57
-13.36
-11.85
-9.97
-7.70
-4.99
-1.88
1.56
5.18
8.85
12.41
15.76
18.82
21.45
23.50
24.80
25.20
24.71
23.42
21.52
19.19
16.58
13.72
10.62
7.32
3.90
0.55
-2.51
-5.13
-7.24
-8.89
-10.15
-11.11
-11.78
-12.12
-12.10
-11.71
-10.99
-10.03
-8.87
-7.55
-6.04
-4.29
-2.36
-0.33
1.61
3.27
4.48
5.18
5.34
5.00
4.25
3.14
1.81
0.37
-1.06
-2.35
-3.39
-4.07
-4.27
-3.93
-3.06
-1.81
-0.38
1.01
2.21
3.12
3.72
3.95
3.75
3.08
1.95
0.52
-0.99
-2.28
-3.15
-3.53
-3.48
-3.13
-2.69
-2.37
-2.34
-2.67
-3.28
-3.97
-4.46
-4.51
-3.96
-2.81
-1.16
0.83
2.96
5.04
6.89
8.27
8.99
8.89
7.91
6.13
3.76
1.11
-1.50
-3.78
-5.58
-6.83
-7.55
-7.81
-7.63
-6.99
-5.82
-4.09
-1.80
0.97
4.08
7.31
10.38
13.02
14.93
15.86
15.64
14.22
11.77
8.58
5.05
1.60
-1.42
-3.80
-5.49
-6.50
-6.95
-6.93
-6.53
-5.85
-5.02
-4.18
-3.50
-3.12
-3.07
-3.31
-3.76
-4.35
-5.07
-5.87
-6.71
-7.42
-7.72
-7.34
-6.12
-4.14
-1.76
0.47
2.00
2.52
2.08
1.12
0.27
0.15
1.13
3.21
6.04
9.11
11.86
13.88
14.92
14.88
13.83
11.94
9.39
6.37
3.00
-0.60
-4.34
-8.03
-11.35
-13.83
-14.99
-14.48
-12.26
-8.69
-4.45
-0.31
3.11
5.55
7.21
8.55
10.02
11.76
13.32
13.93
12.82
9.51
4.08
-2.81
-10.07
-16.48
-20.91
-22.53
-21.02
-16.83
-11.28
-6.25
-3.48
-3.58
-5.47
-6.64
-4.24
3.60
16.74
32.96
48.88
61.21
67.91
68.53
64.03
55.99
46.05
35.42
24.78
14.50
4.73
-4.37
-12.41
-18.79
-22.95
-24.68
-24.25
-22.34
-19.66
-16.66
-13.53
-10.33
-7.27
-4.89
-3.94
-5.07
-8.47
-13.76
-19.99
-25.99
-30.73
-33.58
-34.53
-33.96
-32.44
-30.39
-27.92
-24.88
-20.99
-16.10
-10.41
-4.43
1.16
5.73
8.92
10.67
11.18
10.74
9.66
8.19
6.53
4.88
3.42
2.32
1.70
1.61
1.97
2.64
3.44
4.20
4.82
5.36
5.94
6.78
8.01
9.61
11.37
12.90
13.77
13.61
12.19
9.56
5.93
1.76
-2.43
-6.08
-8.65
-9.81
-9.37
-7.42
-4.26
-0.40
3.58
7.14
9.84
11.38
11.67
10.73
8.71
5.84
2.36
-1.40
-5.15
-8.64
-11.67
-14.06
-15.72
-16.49
-16.30
-15.11
-13.07
-10.45
-7.70
-5.27
-3.51
-2.59
-2.47
-2.91
-3.64
-4.38
-4.90
-5.04
-4.73
-3.95
-2.82
-1.46
-0.04
1.34
2.67
3.95
5.17
6.21
6.85
6.81
5.93
4.23
1.91
-0.72
-3.35
-5.75
-7.82
-9.56
-11.06
-12.43
-13.73
-15.03
-16.31
-17.53
-18.63
-19.51
-20.05
-20.15
-19.74
-18.78
-17.24
-15.05
-12.06
-8.07
-2.91
3.41
10.64
18.22
25.38
31.32
35.38
37.16
36.54
33.69
29.00
22.97
16.21
9.36
3.04
-2.17
-5.76
-7.40
-6.96
-4.57
-0.60
4.46
10.06
15.69
20.87
25.18
28.18
29.54
29.08
26.87
23.28
18.84
14.16
9.74
5.88
2.72
0.29
-1.42
-2.45
-2.89
-2.93
-2.81
-2.84
-3.20
-3.94
-4.93
-6.03
-7.13
-8.29
-9.66
-11.37
-13.43
-15.67
-17.73
-19.22
-19.92
-19.77
-18.94
-17.71
-16.29
-14.80
-13.19
-11.33
-9.08
-6.43
-3.52
-0.65
1.80
3.53
4.40
4.55
4.30
4.06
4.10
4.51
5.09
5.51
5.38
4.46
2.67
0.18
-2.72
-5.70
-8.44
-10.68
-12.25
-13.04
-13.02
-12.26
-10.86
-9.00
-6.89
-4.68
-2.51
-0.45
1.44
3.12
4.52
5.51
5.99
5.91
5.35
4.50
3.64
3.07
2.92
3.25
4.00
5.13
6.65
8.53
10.68
12.88
14.85
16.27
16.95
16.90
16.29
15.34
14.28
13.21
12.10
10.82
9.23
7.23
4.84
2.20
-0.42
-2.69
-4.37
-5.32
-5.55
-5.21
-4.45
-3.42
-2.25
-1.09
-0.13
0.40
0.36
-0.26
-1.26
-2.27
-2.90
-2.86
-2.03
-0.43
1.83
4.67
7.99
11.62
15.27
18.61
21.31
23.18
24.18
24.33
23.62
21.93
19.10
15.03
9.84
3.90
-2.29
-8.24
-13.57
-18.08
-21.66
-24.23
-25.73
-26.15
-25.59
-24.27
-22.54
-20.73
-19.13
-17.91
-17.15
-16.91
-17.23
-18.13
-19.63
-21.65
-24.07
-26.76
-29.61
-32.52
-35.36
-37.89
-39.69
-40.20
-38.82
-35.12
-29.06
-20.96
-11.49
-1.44
8.49
17.76
26.03
32.98
38.30
41.66
42.81
41.74
38.70
34.18
28.74
22.85
16.79
10.73
4.79
-0.79
-5.65
-9.39
-11.72
-12.60
-12.28
-11.21
-9.82
-8.37
-6.93
-5.40
-3.64
-1.59
0.68
3.03
5.30
7.31
8.91
9.90
10.14
9.54
8.13
6.12
3.88
1.82
0.26
-0.56
-0.62
-0.06
0.88
1.88
2.64
2.92
2.61
1.67
0.22
-1.55
-3.34
-4.84
-5.73
-5.84
-5.16
-3.80
-1.96
0.14
2.34
4.57
6.77
8.88
10.83
12.53
13.92
14.95
15.59
15.78
15.52
14.83
13.81
12.53
11.07
9.48
7.73
5.88
4.06
2.47
1.30
0.65
0.45
0.57
0.88
1.35
2.05
3.01
4.17
5.30
6.11
6.30
5.80
4.69
3.21
1.62
0.12
-1.20
-2.30
-3.15
-3.71
-3.93
-3.77
-3.30
-2.58
-1.76
-0.96
-0.29
0.22
0.54
0.64
0.48
-0.02
-0.87
-2.04
-3.39
-4.75
-5.91
-6.74
-7.23
-7.43
-7.51
-7.58
-7.69
-7.81
-7.89
-7.85
-7.70
-7.48
-7.26
-7.10
-7.02
-6.97
-6.86
-6.55
-5.92
-4.94
-3.66
-2.28
-1.07
-0.37
-0.48
-1.57
-3.65
-6.56
-9.96
-13.42
-16.50
-18.82
-20.10
-20.18
-19.06
-16.83
-13.68
-9.85
-5.60
-1.16
3.22
7.34
11.00
14.01
16.26
17.62
18.00
17.40
15.85
13.50
10.62
7.53
4.57
2.03
0.09
-1.24
-2.04
-2.48
-2.74
-2.97
-3.22
-3.43
-3.51
-3.40
-3.08
-2.62
-2.13
-1.69
-1.22
-0.57
0.44
1.92
3.81
6.00
8.29
10.50
12.51
14.21
15.51
16.23
16.22
15.31
13.48
10.83
7.58
4.01
0.47
-2.77
-5.50
-7.59
-8.99
-9.67
-9.66
-8.94
-7.56
-5.61
-3.22
-0.59
2.06
4.51
6.60
8.20
9.25
9.69
9.45
8.48
6.82
4.59
2.04
-0.53
-2.86
-4.80
-6.27
-7.25
-7.69
-7.49
-6.57
-4.93
-2.68
-0.06
2.65
5.20
7.42
9.14
10.22
10.49
9.83
8.17
5.62
2.30
-1.60
-5.97
-10.70
-15.67
-20.62
-25.15
-28.79
-31.18
-32.13
-31.74
-30.28
-28.08
-25.43
-22.50
-19.36
-16.07
-12.67
-9.23
-5.82
-2.51
0.71
3.88
7.06
10.24
13.35
16.13
18.28
19.49
19.55
18.48
16.56
14.25
12.09
10.48
9.65
9.66
10.40
11.77
13.67
15.95
18.41
20.70
22.42
23.18
22.78
21.27
18.91
16.09
13.11
10.17
7.36
4.72
2.33
0.29
-1.40
-2.88
-4.33
-5.99
-7.94
-10.02
-11.90
-13.11
-13.23
-12.01
-9.41
-5.61
-0.99
4.00
8.89
13.25
16.71
19.04
20.14
20.04
18.91
16.97
14.53
11.92
9.45
7.30
5.57
4.24
3.25
2.46
1.80
1.19
0.64
0.19
-0.17
-0.50
-0.99
-1.86
-3.37
-5.65
-8.71
-12.37
-16.34
-20.31
-23.93
-26.90
-28.92
-29.73
-29.16
-27.17
-23.87
-19.48
-14.32
-8.72
-3.10
2.09
6.39
9.35
10.71
10.43
8.75
6.10
3.01
-0.10
-2.95
-5.37
-7.31
-8.71
-9.55
-9.83
-9.60
-9.03
-8.36
-7.85
-7.68
-7.90
-8.47
-9.30
-10.39
-11.81
-13.68
-16.08
-18.88
-21.77
-24.25
-25.83
-26.11
-24.95
-22.45
-18.92
-14.73
-10.26
-5.84
-1.67
2.15
5.61
8.77
11.78
14.77
17.84
20.97
24.02
26.78
28.98
30.42
30.94
30.54
29.25
27.10
24.18
20.56
16.41
11.94
7.46
3.26
-0.42
-3.43
-5.76
-7.44
-8.53
-9.07
-9.05
-8.48
-7.42
-5.97
-4.32
-2.63
-1.08
0.20
1.06
1.39
1.11
0.27
-0.89
-1.97
-2.50
-2.12
-0.71
1.57
4.35
7.17
9.69
11.67
12.96
13.52
13.35
12.53
11.25
9.80
8.48
7.56
7.15
7.20
7.55
8.01
8.40
8.59
8.52
8.22
7.72
7.13
6.50
5.84
5.06
4.01
2.54
0.58
-1.82
-4.50
-7.25
-9.92
-12.40
-14.68
-16.78
-18.72
-20.44
-21.86
-22.83
-23.23
-23.02
-22.18
-20.80
-18.96
-16.76
-14.26
-11.46
-8.36
-5.03
-1.61
1.62
4.41
6.56
8.04
8.94
9.45
9.72
9.80
9.72
9.47
9.12
8.73
8.36
7.96
7.41
6.58
5.41
4.01
2.59
1.35
0.42
-0.24
-0.67
-0.95
-1.05
-0.88
-0.37
0.43
1.35
2.16
2.65
2.75
2.52
2.15
1.72
1.26
0.67
-0.14
-1.22
-2.47
-3.66
-4.59
-5.10
-5.22
-5.10
-4.89
-4.70
-4.54
-4.32
-3.91
-3.26
-2.38
-1.36
-0.31
0.66
1.52
2.19
2.63
2.83
2.78
2.55
2.24
1.94
1.73
1.61
1.55
1.52
1.49
1.49
1.53
1.62
1.75
1.90
2.04
2.21
2.44
2.76
3.16
3.54
3.78
3.75
3.40
2.79
2.04
1.28
0.54
-0.28
-1.34
-2.75
-4.55
-6.54
-8.43
-9.93
-10.81
-10.98
-10.48
-9.42
-7.88
-6.00
-3.88
-1.64
0.61
2.75
4.69
6.35
7.63
8.45
8.77
8.57
7.95
7.06
6.06
5.04
4.07
3.15
2.33
1.74
1.45
1.52
1.94
2.58
3.23
3.61
3.46
2.57
0.89
-1.58
-4.69
-8.19
-11.82
-15.25
-18.20
-20.42
-21.66
-21.74
-20.59
-18.26
-14.99
-11.07
-6.87
-2.68
1.24
4.75
7.77
10.29
12.31
13.80
14.67
14.93
14.65
13.98
13.14
12.29
11.42
10.37
8.82
6.55
3.61
0.30
-2.91
-5.59
-7.53
-8.74
-9.34
-9.43
-9.04
-8.12
-6.63
-4.67
-2.50
-0.48
1.05
1.88
1.97
1.48
0.65
-0.30
-1.21
-2.02
-2.71
-3.27
-3.62
-3.67
-3.36
-2.66
-1.71
-0.69
0.21
0.88
1.30
1.54
1.71
1.83
1.93
1.96
1.90
1.76
1.60
1.49
1.42
1.36
1.20
0.93
0.58
0.29
0.14
0.18
0.28
0.26
-0.08
-0.80
-1.80
-2.87
-3.75
-4.28
-4.38
-4.08
-3.40
-2.33
-0.82
1.14
3.51
6.13
8.81
11.30
13.43
15.03
16.00
16.25
15.73
14.44
12.48
10.07
7.50
5.09
3.06
1.57
0.63
0.15
-0.01
-0.04
-0.13
-0.40
-0.93
-1.72
-2.67
-3.65
-4.53
-5.20
-5.63
-5.81
-5.81
-5.65
-5.31
-4.77
-4.04
-3.16
-2.27
-1.50
-0.94
-0.57
-0.31
-0.02
0.36
0.85
1.43
2.07
2.72
3.34
3.83
4.08
3.97
3.46
2.61
1.60
0.58
-0.32
-1.09
-1.75
-2.37
-2.95
-3.44
-3.76
-3.82
-3.57
-3.06
-2.38
-1.67
-1.08
-0.66
-0.42
-0.27
-0.11
0.19
0.71
1.48
2.48
3.61
4.73
5.61
6.07
5.91
5.08
3.63
1.70
-0.45
-2.56
-4.41
-5.83
-6.76
-7.20
-7.22
-6.94
-6.45
-5.81
-5.08
-4.30
-3.54
-2.93
-2.58
-2.65
-3.24
-4.34
-5.81
-7.43
-8.92
-10.06
-10.72
-10.88
-10.53
-9.70
-8.38
-6.58
-4.39
-1.98
0.40
2.46
4.00
4.93
5.35
5.44
5.38
5.35
5.42
5.60
5.85
6.16
6.52
6.95
7.44
7.94
8.35
8.53
8.34
7.73
6.72
5.42
4.02
2.63
1.33
0.11
-1.08
-2.25
-3.37
-4.35
-5.03
-5.33
-5.23
-4.82
-4.22
-3.52
-2.78
-1.99
-1.12
-0.16
0.85
1.80
2.57
3.12
3.49
3.80
4.20
4.76
5.46
6.21
6.85
7.21
7.21
6.80
5.99
4.79
3.20
1.19
-1.19
-3.94
-6.97
-10.11
-13.15
-15.87
-18.08
-19.62
-20.38
-20.25
-19.15
-17.10
-14.20
-10.72
-7.00
-3.44
-0.34
2.18
4.10
5.47
6.40
6.95
7.13
7.05
6.81
6.52
6.26
6.05
5.86
5.67
5.44
5.18
4.98
4.89
4.95
5.13
5.40
5.65
5.85
5.94
5.90
5.72
5.36
4.86
4.24
3.61
3.07
2.71
2.54
2.50
2.48
2.37
2.13
1.77
1.36
0.95
0.58
0.20
-0.24
-0.79
-1.45
-2.12
-2.72
-3.18
-3.50
-3.77
-4.07
-4.44
-4.77
-4.93
-4.77
-4.29
-3.61
-2.95
-2.50
-2.34
-2.41
-2.57
-2.67
-2.57
-2.27
-1.81
-1.25
-0.68
-0.10
0.49
1.15
1.92
2.76
3.59
4.28
4.68
4.74
4.47
3.99
3.40
2.82
2.32
1.93
1.66
1.49
1.37
1.26
1.14
1.00
0.85
0.72
0.68
0.74
0.91
1.18
1.46
1.67
1.67
1.42
0.94
0.39
-0.07
-0.32
-0.35
-0.28
-0.31
-0.57
-1.07
-1.72
-2.34
-2.83
-3.14
-3.35
-3.56
-3.88
-4.32
-4.77
-5.10
-5.19
-4.99
-4.52
-3.88
-3.18
-2.53
-1.97
-1.51
-1.13
-0.79
-0.42
0.02
0.52
1.07
1.63
2.18
2.70
3.24
3.82
4.46
5.16
5.83
6.40
6.88
7.25
7.49
7.49
7.08
6.04
4.24
1.58
-1.82
-5.70
-9.67
-13.32
-16.32
-18.47
-19.67
-19.90
-19.17
-17.41
-14.60
-10.82
-6.31
-1.54
2.92
6.60
9.16
10.51
10.82
10.40
9.53
8.55
7.68
7.02
6.58
6.28
6.02
5.71
5.29
4.70
3.95
3.05
2.07
1.10
0.28
-0.26
-0.49
-0.50
-0.45
-0.50
-0.76
-1.15
-1.50
-1.60
-1.28
-0.52
0.59
1.86
3.08
4.06
4.65
4.70
4.09
2.75
0.69
-1.92
-4.77
-7.47
-9.66
-11.04
-11.51
-11.04
-9.73
-7.71
-5.19
-2.49
0.02
1.99
3.22
3.71
3.66
3.34
3.00
2.72
2.46
2.18
1.84
1.52
1.32
1.32
1.52
1.85
2.21
2.51
2.69
2.76
2.78
2.83
2.94
3.13
3.35
3.52
3.55
3.43
3.19
2.87
2.55
2.25
1.98
1.77
1.73
1.91
2.35
3.01
3.74
4.33
4.55
4.22
3.27
1.71
-0.38
-2.90
-5.70
-8.57
-11.24
-13.40
-14.72
-14.97
-14.01
-11.86
-8.69
-4.78
-0.51
3.77
7.70
10.95
13.28
14.54
14.68
13.78
12.00
9.55
6.76
3.94
1.31
-1.00
-2.94
-4.54
-5.84
-6.79
-7.34
-7.39
-6.89
-5.95
-4.81
-3.75
-3.05
-2.80
-2.92
-3.19
-3.38
-3.35
-3.09
-2.70
-2.24
-1.71
-1.03
-0.15
0.90
2.00
3.03
3.88
4.55
5.08
5.46
5.60
5.34
4.54
3.20
1.48
-0.33
-1.92
-3.06
-3.59
-3.46
-2.69
-1.42
0.16
1.79
3.23
4.34
5.13
5.68
6.09
6.38
6.46
6.21
5.50
4.30
2.65
0.67
-1.51
-3.72
-5.79
-7.60
-9.02
-10.00
-10.50
-10.52
-10.11
-9.41
-8.59
-7.84
-7.32
-7.06
-7.00
-6.99
-6.89
-6.58
-6.03
-5.26
-4.29
-3.18
-1.98
-0.79
0.27
1.09
1.56
1.61
1.28
0.67
-0.09
-0.85
-1.45
-1.80
-1.81
-1.42
-0.52
1.07
3.52
6.88
11.03
15.58
19.96
23.58
26.00
27.00
26.62
25.04
22.50
19.16
15.19
10.75
6.11
1.57
-2.56
-6.09
-8.90
-11.02
-12.51
-13.41
-13.67
-13.23
-12.04
-10.23
-8.01
-5.71
-3.60
-1.83
-0.43
0.65
1.48
2.08
2.39
2.32
1.77
0.70
-0.94
-3.03
-5.38
-7.74
-9.76
-11.13
-11.64
-11.13
-9.61
-7.17
-4.05
-0.61
2.71
5.51
7.47
8.45
8.50
7.82
6.59
5.02
3.28
1.49
-0.20
-1.55
-2.41
-2.64
-2.12
-0.88
0.99
3.23
5.47
7.26
8.23
8.07
6.72
4.33
1.19
-2.32
-5.86
-9.07
-11.66
-13.37
-14.02
-13.55
-12.07
-9.93
-7.53
-5.33
-3.64
-2.63
-2.24
-2.27
-2.46
-2.57
-2.54
-2.34
-2.08
-1.84
-1.63
-1.39
-0.98
-0.30
0.64
1.74
2.86
3.87
4.72
5.40
5.91
6.20
6.17
5.74
4.88
3.69
2.30
0.91
-0.28
-1.11
-1.53
-1.51
-1.16
-0.64
-0.09
0.34
0.63
0.84
1.07
1.37
1.69
1.94
1.96
1.68
1.12
0.37
-0.44
-1.19
-1.83
-2.34
-2.67
-2.78
-2.65
-2.21
-1.46
-0.45
0.75
2.04
3.31
4.48
5.49
6.28
6.80
6.97
6.74
6.07
5.02
3.76
2.43
1.21
0.18
-0.61
-1.17
-1.47
-1.49
-1.25
-0.82
-0.35
0.03
0.23
0.26
0.19
0.12
0.07
-0.03
-0.29
-0.79
-1.51
-2.35
-3.13
-3.73
-4.05
-4.10
-3.95
-3.68
-3.42
-3.25
-3.24
-3.40
-3.65
-3.86
-3.88
-3.61
-2.99
-2.10
-1.05
0.02
1.01
1.86
2.54
3.03
3.30
3.31
3.12
2.84
2.62
2.58
2.77
3.11
3.47
3.72
3.77
3.65
3.43
3.20
3.00
2.85
2.74
2.62
2.48
2.28
1.97
1.51
0.82
-0.12
-1.28
-2.52
-3.63
-4.38
-4.64
-4.42
-3.92
-3.41
-3.16
-3.28
-3.72
-4.30
-4.80
-5.06
-5.00
-4.67
-4.15
-3.54
-2.89
-2.27
-1.67
-1.11
-0.64
-0.33
-0.26
-0.48
-0.98
-1.60
-2.12
-2.30
-1.94
-0.98
0.46
2.13
3.76
5.15
6.18
6.86
7.21
7.30
7.13
6.68
5.93
4.93
3.82
2.75
1.87
1.22
0.81
0.54
0.34
0.15
-0.04
-0.19
-0.31
-0.36
-0.34
-0.30
-0.27
-0.31
-0.46
-0.72
-1.07
-1.45
-1.84
-2.25
-2.71
-3.23
-3.73
-4.10
-4.21
-4.00
-3.55
-3.02
-2.60
-2.44
-2.52
-2.71
-2.80
-2.64
-2.20
-1.59
-0.96
-0.44
-0.07
0.21
0.52
0.91
1.38
1.83
2.18
2.40
2.58
2.82
3.19
3.66
4.09
4.32
4.23
3.87
3.40
2.99
2.81
2.88
3.14
3.44
3.63
3.62
3.41
3.04
2.59
2.15
1.71
1.28
0.81
0.27
-0.35
-1.05
-1.83
-2.72
-3.74
-4.87
-5.98
-6.87
-7.36
-7.37
-6.91
-6.14
-5.22
-4.29
-3.39
-2.54
-1.74
-1.05
-0.57
-0.38
-0.50
-0.78
-1.03
-1.01
-0.56
0.36
1.69
3.29
5.03
6.77
8.39
9.78
10.76
11.14
10.82
9.81
8.27
6.55
4.85
3.37
2.25
1.52
1.19
1.17
1.32
1.35
0.99
-0.08
-2.04
-4.89
-8.46
-12.40
-16.35
-19.91
-22.75
-24.59
-25.27
-24.72
-23.03
-20.44
-17.25
-13.79
-10.31
-6.92
-3.67
-0.56
2.37
5.03
7.23
8.90
10.08
10.89
11.51
12.05
12.51
12.81
12.85
12.54
11.97
11.32
10.76
10.37
10.16
10.00
9.76
9.36
8.75
7.94
6.92
5.70
4.34
3.00
1.86
1.05
0.55
0.15
-0.41
-1.37
-2.78
-4.47
-6.14
-7.52
-8.45
-8.92
-9.03
-8.82
-8.32
-7.47
-6.23
-4.66
-2.96
-1.34
0.02
1.03
1.75
2.25
2.57
2.69
2.56
2.12
1.43
0.63
-0.10
-0.57
-0.73
-0.57
-0.16
0.39
0.97
1.46
1.74
1.78
1.62
1.36
1.09
0.83
0.51
0.01
-0.77
-1.79
-2.89
-3.82
-4.42
-4.57
-4.35
-3.83
-3.17
-2.42
-1.61
-0.74
0.18
1.07
1.79
2.23
2.34
2.18
1.90
1.63
1.45
1.37
1.40
1.54
1.87
2.48
3.37
4.42
5.37
5.97
6.06
5.69
5.03
4.35
3.86
3.65
3.69
3.86
4.04
4.11
4.00
3.68
3.14
2.38
1.40
0.26
-0.99
-2.23
-3.38
-4.37
-5.21
-5.97
-6.74
-7.61
-8.56
-9.50
-10.21
-10.46
-10.15
-9.28
-8.03
-6.61
-5.18
-3.78
-2.37
-0.91
0.59
2.02
3.21
4.01
4.34
4.21
3.69
2.87
1.88
0.86
-0.01
-0.55
-0.63
-0.22
0.57
1.61
2.71
3.68
4.37
4.61
4.35
3.62
2.66
1.79
1.31
1.38
1.96
2.84
3.77
4.59
5.24
5.76
6.17
6.48
6.64
6.63
6.46
6.19
5.87
5.50
5.03
4.38
3.49
2.34
0.96
-0.58
-2.20
-3.82
-5.35
-6.73
-7.93
-8.92
-9.69
-10.24
-10.48
-10.33
-9.71
-8.58
-7.05
-5.31
-3.61
-2.17
-1.18
-0.71
-0.77
-1.36
-2.36
-3.60
-4.77
-5.59
-5.79
-5.30
-4.20
-2.70
-1.01
0.77
2.56
4.37
6.11
7.60
8.58
8.84
8.27
6.95
5.17
3.23
1.45
0.01
-1.02
-1.68
-2.08
-2.25
-2.22
-1.96
-1.45
-0.72
0.17
1.13
2.06
2.89
3.55
3.96
4.08
3.84
3.22
2.28
1.15
0.01
-0.96
-1.59
-1.79
-1.57
-1.02
-0.28
0.50
1.21
1.80
2.32
2.80
3.24
3.56
3.69
3.56
3.20
2.70
2.20
1.77
1.42
1.07
0.64
0.10
-0.53
-1.13
-1.57
-1.76
-1.69
-1.43
-1.12
-0.90
-0.85
-1.04
-1.42
-1.93
-2.46
-2.93
-3.28
-3.55
-3.76
-3.95
-4.11
-4.16
-4.03
-3.66
-3.08
-2.35
-1.62
-0.97
-0.43
0.03
0.49
0.98
1.47
1.89
2.20
2.37
2.47
2.60
2.83
3.13
3.39
3.45
3.24
2.78
2.18
1.58
1.01
0.43
-0.27
-1.10
-1.95
-2.58
-2.77
-2.42
-1.60
-0.57
0.40
1.09
1.42
1.41
1.15
0.69
0.06
-0.69
-1.51
-2.27
-2.84
-3.09
-2.98
-2.53
-1.87
-1.14
-0.51
-0.09
0.08
0.02
-0.15
-0.30
-0.28
-0.03
0.47
1.11
1.80
2.48
3.09
3.62
4.05
4.35
4.48
4.46
4.23
3.84
3.35
2.85
2.38
1.94
1.44
0.69
-0.47
-2.22
-4.63
-7.59
-10.88
-14.17
-17.12
-19.43
-20.85
-21.24
-20.55
-18.81
-16.14
-12.80
-9.10
-5.42
-2.11
0.59
2.57
3.88
4.69
5.20
5.53
5.78
5.97
6.04
5.93
5.64
5.23
4.81
4.51
4.39
4.54
4.93
5.47
6.05
6.55
6.91
7.14
7.26
7.33
7.33
7.20
6.84
6.18
5.23
4.10
2.96
1.96
1.23
0.84
0.78
1.01
1.40
1.81
2.15
2.36
2.49
2.60
2.73
2.87
2.97
2.97
2.83
2.61
2.33
2.05
1.77
1.47
1.15
0.79
0.41
-0.00
-0.44
-0.96
-1.55
-2.21
-2.88
-3.46
-3.88
-4.13
-4.21
-4.17
-4.03
-3.80
-3.53
-3.24
-2.99
-2.84
-2.85
-3.00
-3.28
-3.61
-3.89
-4.04
-4.00
-3.73
-3.24
-2.57
-1.78
-0.97
-0.16
0.62
1.40
2.14
2.78
3.15
3.13
2.60
1.50
-0.11
-2.12
-4.33
-6.53
-8.58
-10.32
-11.69
-12.64
-13.13
-13.02
-12.14
-10.27
-7.21
-2.95
2.37
8.38
14.60
20.54
25.78
30.07
33.40
35.95
38.04
39.99
41.98
43.99
45.81
47.13
47.65
47.22
45.77
43.36
40.06
36.00
31.42
26.64
21.87
17.09
11.92
5.75
-1.90
-11.10
-21.24
-31.24
-39.83
-46.11
-49.80
-51.19
-50.94
-49.75
-48.21
-46.80
-45.92
-45.89
-46.86
-48.54
-50.18
-50.66
-48.88
-44.26
-37.07
-28.37
-19.69
-12.38
-7.15
-3.88
-1.83
-0.03
2.26
5.30
8.94
12.73
16.20
19.01
20.97
21.94
21.84
20.61
18.23
14.85
10.78
6.47
2.40
-1.04
-3.65
-5.40
-6.39
-6.66
-6.23
-5.08
-3.23
-0.89
1.56
3.64
4.89
4.97
3.77
1.33
-2.17
-6.44
-11.13
-15.81
-20.05
-23.41
-25.63
-26.65
-26.61
-25.78
-24.35
-22.42
-19.95
-16.95
-13.54
-9.99
-6.64
-3.73
-1.35
0.58
2.19
3.54
4.62
5.39
5.92
6.36
6.90
7.65
8.54
9.35
9.85
9.96
9.76
9.48
9.37
9.57
10.10
10.94
12.01
13.28
14.68
16.15
17.56
18.75
19.51
19.69
19.15
17.86
15.88
13.38
10.56
7.67
4.89
2.35
0.14
-1.74
-3.28
-4.44
-5.18
-5.45
-5.22
-4.49
-3.32
-1.76
0.03
1.90
3.69
5.33
6.77
8.02
9.09
9.97
10.60
10.91
10.83
10.34
9.48
8.32
6.96
5.49
3.99
2.51
1.14
-0.06
-1.02
-1.74
-2.25
-2.60
-2.89
-3.21
-3.57
-3.96
-4.30
-4.52
-4.60
-4.57
-4.51
-4.51
-4.63
-4.86
-5.09
-5.15
-4.90
-4.28
-3.38
-2.48
-1.85
-1.75
-2.21
-3.04
-4.00
-4.85
-5.54
-6.19
-6.96
-7.98
-9.19
-10.37
-11.28
-11.75
-11.71
-11.18
-10.16
-8.65
-6.65
-4.19
-1.43
1.38
3.97
6.13
7.72
8.76
9.33
9.62
9.75
9.85
9.92
9.92
9.74
9.35
8.76
8.09
7.45
6.92
6.49
6.11
5.72
5.24
4.65
3.93
3.02
1.92
0.68
-0.57
-1.63
-2.35
-2.64
-2.56
-2.22
-1.73
-1.18
-0.61
-0.04
0.47
0.88
1.18
1.42
1.60
1.78
1.90
1.91
1.71
1.25
0.49
-0.58
-1.96
-3.71
-5.92
-8.59
-11.62
-14.74
-17.55
-19.71
-20.94
-21.11
-20.24
-18.45
-15.93
-12.85
-9.41
-5.80
-2.24
1.13
4.15
6.76
8.94
10.75
12.25
13.51
14.59
15.49
16.14
16.48
16.44
16.05
15.40
14.60
13.74
12.93
12.18
11.47
10.79
10.05
9.14
7.95
6.42
4.58
2.58
0.64
-1.04
-2.33
-3.22
-3.82
-4.27
-4.65
-4.99
-5.22
-5.32
-5.34
-5.35
-5.45
-5.65
-5.93
-6.20
-6.36
-6.33
-6.12
-5.76
-5.32
-4.84
-4.29
-3.59
-2.70
-1.68
-0.57
0.48
1.40
2.18
2.78
3.26
3.61
3.80
3.83
3.73
3.63
3.62
3.74
3.86
3.85
3.53
2.86
1.94
0.90
-0.04
-0.74
-1.13
-1.20
-0.99
-0.61
-0.14
0.35
0.77
1.05
1.13
1.00
0.70
0.28
-0.20
-0.66
-1.09
-1.51
-1.96
-2.45
-2.97
-3.45
-3.82
-4.09
-4.25
-4.36
-4.43
-4.43
-4.33
-4.12
-3.79
-3.41
-3.05
-2.72
-2.46
-2.19
-1.84
-1.35
-0.70
0.06
0.85
1.54
2.04
2.28
2.25
2.05
1.81
1.72
1.97
2.64
3.71
5.01
6.31
7.32
7.88
7.94
7.58
6.95
6.23
5.56
5.05
4.78
4.78
5.05
5.46
5.90
6.18
6.22
5.99
5.52
4.88
4.09
3.08
1.81
0.28
-1.42
-3.15
-4.77
-6.23
-7.58
-8.86
-10.12
-11.28
-12.18
-12.67
-12.66
-12.16
-11.21
-9.86
-8.08
-5.88
-3.26
-0.38
2.52
5.17
7.32
8.83
9.70
10.00
9.80
9.23
8.48
7.76
7.33
7.33
7.84
8.85
10.34
12.17
14.21
16.30
18.28
20.09
21.71
23.20
24.70
26.38
28.17
30.02
31.93
34.07
36.71
40.06
44.16
48.87
53.97
58.67
62.36
64.83
66.35
67.29
67.79
67.83
67.26
66.10
63.51
59.03
52.91
46.04
39.37
33.30
27.74
22.36
16.81
9.17
-1.87
-16.58
-33.94
-52.55
-71.44
-90.21
-108.75
-126.95
-146.53
-168.51
-192.37
-216.02
-237.09
-254.26
-267.70
-278.98
-276.84
-255.34
-216.54
-170.19
-126.74
-91.43
-64.26
-42.89
-24.95
-8.84
4.14
12.80
17.02
18.11
17.78
17.14
16.89
17.84
21.33
27.44
36.46
49.33
67.24
90.50
117.33
144.67
168.59
185.62
193.04
190.10
177.68
157.00
128.91
94.03
54.36
14.55
-18.32
-37.43
-39.05
-24.43
0.36
26.84
46.96
55.73
51.86
37.06
14.62
-11.48
-37.12
-58.65
-72.45
-76.26
-71.12
-61.54
-53.62
-51.75
-56.26
-62.93
-65.29
-58.26
-41.07
-18.05
3.24
15.31
14.43
2.26
-14.85
-29.11
-34.64
-29.41
-15.35
3.10
20.77
34.04
41.46
43.19
39.29
29.21
13.29
-6.02
-24.39
-37.80
-44.29
-44.72
-41.52
-36.83
-29.95
-15.94
12.41
60.36
122.68
183.31
222.69
231.58
215.20
185.89
154.75
127.41
104.13
82.55
61.57
43.16
31.28
28.42
33.23
41.23
46.63
44.82
33.94
15.80
-4.96
-22.94
-34.77
-40.45
-42.46
-44.27
-48.97
-58.40
-72.33
-89.11
-105.23
-117.39
-123.83
-124.31
-119.73
-111.35
-100.43
-87.35
-71.92
-53.53
-31.98
-8.49
15.23
37.64
57.99
76.19
92.85
108.09
121.55
132.12
137.07
133.97
121.93
102.33
78.51
55.07
35.13
20.21
11.16
6.10
2.35
-2.51
-10.09
-20.75
-33.15
-46.92
-61.50
-76.22
-93.33
-115.63
-144.98
-180.98
-220.81
-259.38
-294.09
-324.07
-336.94
-324.29
-283.35
-218.20
-136.95
-56.37
20.95
91.22
149.84
194.38
221.81
232.52
230.67
222.25
212.76
206.90
205.43
207.75
212.51
216.58
217.34
213.63
206.32
197.88
192.01
189.93
191.34
194.78
197.06
194.89
185.16
165.28
133.80
91.72
41.87
-10.14
-57.29
-94.08
-118.63
-133.69
-145.13
-159.21
-179.59
-206.70
-237.33
-266.55
-290.08
-305.40
-312.31
-312.11
-306.33
-295.61
-279.32
-256.04
-225.11
-187.86
-147.75
-108.96
-73.91
-41.50
-7.68
31.72
77.57
125.19
165.89
191.30
197.63
187.27
166.60
142.11
117.06
90.63
59.97
23.67
-15.58
-51.32
-75.61
-83.16
-74.67
-56.79
-39.29
-30.60
-34.40
-48.76
-68.09
-86.36
-99.71
-107.19
-109.48
-106.95
-98.53
-82.19
-56.60
-22.87
15.65
54.25
88.36
114.62
131.60
140.13
142.89
143.42
144.28
145.71
145.65
141.08
130.67
116.62
104.25
99.48
105.59
121.06
140.07
155.15
160.26
153.03
134.68
108.45
77.28
43.27
7.47
-29.39
-66.53
-103.07
-138.55
-173.08
-207.01
-239.82
-268.89
-289.15
-293.71
-276.38
-234.58
-171.64
-96.83
-22.50
40.81
88.52
123.21
152.19
182.35
215.69
248.27
272.99
284.20
280.84
266.06
244.16
217.76
187.28
152.58
115.79
81.68
55.58
40.12
33.21
28.93
21.10
6.99
-11.26
-28.29
-38.72
-39.49
-30.29
-12.70
10.88
37.37
62.31
79.70
83.14
68.78
37.82
-3.07
-44.24
-76.50
-94.54
-98.03
-90.15
-75.17
-56.25
-34.64
-10.69
14.78
40.04
62.99
82.20
97.74
111.03
123.71
136.60
149.10
159.48
165.70
166.26
160.29
147.63
128.46
103.52
74.61
45.30
21.02
7.69
9.45
26.44
53.80
82.62
102.79
106.65
91.34
59.55
17.93
-25.84
-65.92
-99.44
-126.51
-148.80
-168.10
-185.74
-202.78
-220.60
-240.89
-264.77
-291.01
-315.13
-330.42
-330.87
-314.74
-286.21
-253.89
-226.41
-207.65
-194.56
-179.41
-154.91
-118.61
-74.44
-30.34
5.65
28.82
38.41
35.91
23.43
3.41
-20.64
-43.70
-59.88
-64.65
-57.09
-40.16
-19.06
1.20
17.39
28.50
34.96
37.70
38.12
38.57
42.33
52.30
69.26
90.28
109.22
119.50
117.75
105.83
89.71
76.06
68.84
67.70
68.72
67.24
60.05
46.05
25.57
-0.46
-30.71
-63.16
-94.62
-121.10
-138.99
-146.15
-142.46
-129.39
-109.67
-86.93
-65.31
-48.52
-38.33
-32.89
-26.92
-14.08
9.74
43.98
83.50
121.22
151.30
170.97
180.06
179.15
168.01
145.94
113.76
75.48
37.80
7.74
-10.66
-18.23
-19.78
-21.29
-26.69
-36.29
-47.40
-56.72
-62.62
-66.11
-69.91
-76.96
-88.64
-104.09
-120.64
-134.72
-143.19
-144.47
-139.27
-130.45
-121.86
-116.46
-115.27
-117.62
-122.20
-127.63
-132.40
-134.60
-131.51
-120.67
-101.34
-75.12
-45.33
-15.10
14.82
46.79
84.61
130.29
181.31
230.27
267.27
283.67
275.51
244.40
196.22
138.42
77.47
17.29
-40.93
-97.67
-153.86
-209.85
-265.07
-318.15
-366.79
-407.66
-436.33
-447.85
-438.28
-406.61
-355.39
-290.23
-217.69
-143.06
-68.99
4.03
75.74
144.11
204.92
253.28
286.18
304.54
313.66
321.54
336.21
362.72
401.19
446.64
490.63
523.92
539.51
534.73
511.68
476.01
434.45
392.44
352.69
315.27
278.84
242.37
206.02
170.64
137.07
105.32
74.53
43.74
12.60
-18.63
-49.54
-80.01
-109.96
-138.68
-163.87
-181.67
-187.91
-180.29
-160.18
-132.95
-106.62
-89.03
-85.32
-96.78
-121.35
-154.48
-189.74
-219.53
-236.07
-233.89
-212.18
-176.30
-136.48
-104.01
-86.56
-85.87
-98.46
-118.36
-140.30
-161.44
-180.81
-197.63
-210.44
-217.40
-217.60
-211.81
-202.46
-192.77
-185.79
-182.93
-183.17
-183.18
-178.42
-165.12
-142.03
-111.37
-77.84
-46.12
-18.75
4.33
24.22
40.99
52.97
58.02
55.70
48.09
38.95
31.67
27.39
25.13
23.77
24.04
28.84
41.48
63.12
91.11
119.08
139.35
146.04
136.90
112.83
76.94
33.50
-12.18
-53.61
-83.81
-96.62
-88.82
-61.81
-21.49
23.28
63.44
91.99
105.22
102.56
85.87
59.09
27.83
-1.19
-21.55
-29.41
-25.10
-13.46
-1.89
2.52
-4.40
-22.19
-46.28
-70.05
-88.14
-98.76
-103.92
-107.42
-111.30
-113.92
-110.59
-96.83
-72.04
-41.26
-13.28
3.92
7.96
3.80
1.28
9.75
32.67
65.91
100.62
128.48
145.93
154.86
159.79
163.63
164.88
158.10
137.65
101.55
53.30
1.01
-45.97
-80.64
-100.10
-105.43
-100.32
-89.19
-75.85
-62.64
-50.05
-37.23
-23.04
-7.03
10.09
27.04
42.57
56.10
67.96
78.57
87.46
92.97
93.40
88.26
79.13
69.02
60.93
56.64
56.28
58.44
60.69
60.35
55.23
44.73
30.33
14.97
1.70
-8.14
-15.55
-23.44
-34.54
-50.01
-68.96
-89.58
-110.95
-134.15
-161.54
-194.06
-229.29
-260.96
-280.74
-281.33
-259.38
-217.00
-160.90
-100.56
-45.64
-3.81
20.60
26.99
17.61
-3.92
-34.37
-71.46
-113.19
-156.18
-194.25
-218.97
-222.36
-199.96
-152.64
-86.65
-11.06
64.88
133.26
187.99
224.82
241.75
239.51
222.35
197.00
170.67
148.45
132.21
121.73
116.65
117.61
125.42
138.78
152.70
159.30
150.80
122.97
77.15
19.18
-43.08
-102.20
-152.58
-190.39
-212.80
-218.43
-208.14
-185.25
-155.46
-124.90
-98.11
-77.14
-61.86
-50.93
-42.43
-33.74
-20.84
1.53
38.12
90.31
153.28
216.19
265.10
287.80
278.69
240.87
184.53
122.93
67.64
25.67
-0.07
-9.14
-2.10
19.64
52.25
88.06
116.43
126.84
112.90
75.37
21.56
-38.05
-94.41
-143.44
-185.93
-224.74
-261.14
-292.53
-312.84
-315.60
-297.00
-257.07
-199.90
-131.32
-57.35
16.79
85.99
144.43
185.65
204.55
200.26
177.78
147.07
118.85
99.71
89.47
82.50
71.93
54.55
32.53
10.92
-5.81
-16.43
-22.63
-26.16
-26.60
-21.45
-8.68
10.75
32.48
51.45
65.16
74.40
81.49
86.31
84.69
70.07
38.16
-8.31
-58.80
-99.16
-118.14
-112.79
-89.79
-61.70
-40.92
-34.34
-40.75
-52.43
-59.37
-53.28
-30.03
9.46
60.41
115.88
168.28
211.18
240.27
254.00
253.41
241.13
219.62
190.45
154.63
113.08
67.41
20.11
-25.60
-66.17
-98.32
-119.10
-126.26
-119.24
-99.97
-72.99
-44.57
-20.46
-4.31
2.63
0.83
-9.20
-28.09
-57.28
-97.60
-147.11
-199.39
-244.22
-270.65
-271.09
-245.10
-200.51
-149.73
-103.85
-67.91
-39.66
-12.80
17.09
48.74
75.75
91.12
92.51
84.26
75.04
72.59
79.27
91.50
103.07
109.79
112.53
116.16
125.59
142.02
161.22
175.53
178.09
166.78
145.38
121.74
103.01
91.59
84.12
74.30
57.11
32.00
2.93
-24.52
-46.37
-61.66
-71.80
-78.87
-84.21
-88.13
-90.53
-91.94
-93.36
-95.28
-97.09
-97.23
-94.37
-88.82
-82.85
-79.37
-79.97
-83.83
-88.26
-90.29
-88.60
-84.27
-80.03
-78.49
-80.47
-84.22
-86.78
-85.78
-80.46
-71.51
-59.79
-45.11
-26.77
-5.08
17.63
37.52
51.04
57.28
59.00
61.21
68.25
81.08
96.29
107.23
107.21
92.65
65.03
30.74
-1.46
-24.17
-34.15
-32.93
-25.05
-15.35
-6.59
0.95
8.02
14.97
20.85
23.70
21.75
14.56
3.34
-9.49
-21.34
-29.95
-33.50
-30.74
-21.68
-8.01
7.05
20.09
29.14
34.28
36.91
38.37
39.06
38.80
37.58
35.83
34.32
32.94
29.82
21.37
4.14
-23.54
-60.20
-101.16
-140.00
-170.57
-188.30
-190.47
-176.45
-148.55
-112.23
-75.66
-47.53
-33.59
-33.67
-41.19
-46.23
-40.19
-19.93
11.50
47.50
82.24
113.22
140.96
165.87
185.60
195.27
190.05
169.17
137.78
105.66
82.90
76.21
86.74
110.50
140.70
170.19
193.71
208.73
215.40
215.80
212.07
205.11
194.28
178.38
157.25
133.20
110.71
94.08
85.13
81.90
79.99
75.47
67.54
58.40
51.15
46.75
42.66
34.39
18.69
-4.05
-29.35
-50.41
-61.35
-60.06
-48.79
-32.64
-16.43
-2.56
9.22
20.30
31.19
40.39
44.66
41.01
28.09
7.13
-18.64
-46.23
-74.36
-103.95
-136.76
-173.37
-211.00
-243.86
-264.92
-268.48
-252.38
-218.94
-173.96
-125.45
-81.45
-48.38
-30.36
-28.38
-39.65
-57.81
-74.20
-80.42
-71.93
-50.42
-23.66
-2.23
4.88
-6.07
-32.69
-67.91
-103.05
-130.89
-147.15
-151.19
-145.51
-134.22
-121.30
-109.48
-99.57
-90.93
-82.47
-73.48
-63.47
-51.71
-36.62
-16.58
9.01
38.21
66.31
87.52
98.21
98.90
93.73
88.30
86.41
88.79
93.50
98.02
100.84
101.94
101.72
99.76
94.59
84.11
67.31
45.39
21.38
-1.17
-19.76
-33.58
-43.51
-50.43
-54.20
-54.55
-52.36
-50.48
-53.25
-64.46
-84.59
-109.77
-133.14
-148.12
-150.90
-141.56
-123.10
-99.25
-72.99
-46.00
-19.34
6.15
29.63
50.74
69.72
86.85
102.54
116.69
128.97
139.31
147.77
153.58
154.48
146.96
127.73
96.39
56.79
15.79
-20.02
-47.37
-67.74
-85.38
-103.77
-122.81
-138.77
-146.85
-144.54
-133.53
-119.06
-107.21
-101.47
-101.07
-101.93
-99.08
-89.25
-72.09
-49.39
-23.41
4.95
36.89
74.14
116.53
159.91
196.07
216.03
213.90
190.30
152.00
109.09
70.81
42.71
26.31
20.34
22.20
28.79
36.99
44.22
49.11
52.23
55.97
63.55
76.82
94.91
114.19
129.63
136.65
132.81
118.47
96.84
73.00
52.02
36.69
25.66
13.91
-4.59
-33.07
-68.76
-103.02
-124.77
-125.59
-103.15
-61.72
-9.86
42.88
88.46
121.82
140.83
145.86
139.44
125.49
107.96
89.42
70.44
49.97
26.93
1.88
-22.81
-44.19
-60.75
-73.72
-86.71
-103.83
-127.46
-156.74
-187.87
-215.24
-233.10
-237.15
-225.52
-199.22
-162.03
-119.70
-78.58
-44.39
-20.85
-8.89
-6.68
-10.26
-14.75
-16.00
-11.91
-2.90
8.83
20.50
30.09
37.13
41.93
44.63
44.65
41.09
33.58
23.45
13.94
9.17
12.08
23.11
39.57
56.91
70.71
78.46
80.33
78.76
77.02
77.61
81.50
87.40
92.56
93.52
87.01
70.88
45.15
11.63
-26.90
-67.55
-107.64
-144.41
-174.75
-195.43
-204.19
-201.40
-190.35
-175.78
-161.17
-146.10
-126.10
-95.55
-52.76
-2.83
43.76
76.64
91.11
90.23
81.76
72.56
64.83
56.79
47.00
37.82
35.29
44.76
66.15
92.47
113.64
122.55
119.38
110.30
102.16
97.09
91.08
77.80
54.01
22.40
-9.58
-34.16
-47.51
-51.16
-49.62
-47.14
-45.72
-45.50
-46.45
-49.29
-54.85
-62.84
-71.13
-76.22
-75.19
-67.15
-53.47
-36.65
-19.15
-2.67
11.64
22.59
28.46
27.54
19.42
5.81
-9.40
-21.72
-27.90
-27.14
-20.68
-10.69
0.91
13.09
25.37
37.25
48.34
58.53
67.89
76.06
81.98
84.13
81.90
76.51
70.67
67.14
66.74
67.84
67.49
63.62
56.47
48.30
41.54
36.81
32.15
24.91
14.24
2.26
-6.64
-8.69
-3.10
7.39
18.44
26.44
29.74
28.15
21.50
8.87
-11.22
-39.46
-73.87
-109.35
-139.02
-156.96
-160.97
-154.14
-142.77
-132.88
-127.08
-123.30
-116.63
-102.75
-80.95
-54.62
-29.44
-9.88
2.47
8.79
10.93
9.58
4.19
-5.68
-18.60
-31.12
-39.42
-41.37
-37.94
-32.40
-28.55
-28.74
-33.24
-40.38
-47.43
-51.51
-50.34
-42.51
-27.62
-6.41
19.43
47.31
74.30
97.53
114.81
125.02
128.38
126.21
119.77
109.57
95.53
78.18
59.91
45.10
38.79
44.35
61.35
85.02
107.66
121.73
122.23
107.83
80.97
47.27
13.79
-12.47
-26.25
-25.10
-9.70
16.73
49.18
81.61
107.81
122.29
122.12
108.23
85.59
61.21
41.23
28.46
22.11
19.54
18.85
20.26
25.28
34.66
46.21
54.79
54.66
42.26
18.47
-11.80
-41.50
-64.67
-78.63
-84.00
-83.24
-78.66
-71.32
-61.33
-49.07
-35.70
-22.66
-9.55
6.74
30.62
64.62
106.58
148.60
179.83
191.87
183.11
159.99
133.73
114.52
106.75
107.58
109.66
105.94
93.26
73.39
50.75
29.14
9.70
-8.99
-28.63
-49.02
-67.30
-79.27
-81.99
-75.79
-64.36
-53.28
-47.49
-49.59
-59.21
-73.66
-89.39
-103.28
-113.41
-119.26
-121.45
-120.84
-118.30
-114.53
-110.33
-107.15
-106.73
-110.58
-119.15
-131.24
-144.14
-154.50
-159.50
-157.67
-148.85
-133.74
-113.34
-88.84
-61.81
-34.00
-7.21
17.37
40.05
62.24
86.07
113.30
143.86
174.78
200.68
215.92
217.33
206.04
186.85
165.97
147.54
131.77
115.71
95.96
71.03
42.21
12.57
-15.46
-40.91
-63.51
-82.70
-97.16
-105.14
-106.28
-102.60
-97.74
-95.14
-95.92
-98.57
-99.81
-96.43
-87.33
-74.22
-60.92
-51.48
-49.02
-54.77
-67.67
-84.73
-101.71
-114.53
-120.36
-117.83
-107.17
-90.30
-70.46
-51.73
-37.87
-30.22
-26.97
-23.98
-16.78
-3.03
15.74
34.86
48.68
52.96
46.59
31.95
13.66
-3.46
-16.42
-24.62
-29.19
-31.30
-31.40
-29.26
-24.69
-18.24
-11.16
-4.59
1.65
9.20
20.03
34.78
51.39
65.05
70.06
63.05
44.81
20.02
-5.14
-25.50
-38.46
-44.11
-44.08
-40.56
-35.10
-28.15
-18.77
-5.68
11.15
29.45
44.74
52.19
48.93
36.07
18.40
2.27
-7.25
-8.42
-3.23
4.56
11.94
18.09
23.48
28.23
30.89
28.96
20.60
6.40
-10.44
-25.73
-36.80
-43.89
-49.33
-55.21
-61.24
-64.36
-60.68
-48.88
-31.89
-15.65
-5.73
-3.76
-6.31
-6.87
0.52
18.38
44.99
75.66
105.65
131.44
150.38
160.02
157.95
142.88
116.61
84.79
55.87
37.73
34.30
43.81
59.88
74.74
82.77
82.12
74.35
62.69
49.90
37.91
27.97
20.95
16.60
12.92
6.49
-5.92
-25.08
-48.27
-69.96
-84.47
-88.92
-85.12
-78.30
-74.14
-75.99
-82.88
-90.30
-92.28
-84.11
-64.47
-35.81
-3.52
25.91
46.46
54.41
48.76
31.55
7.26
-18.21
-39.14
-51.73
-55.37
-52.87
-48.51
-46.10
-47.62
-53.02
-61.12
-70.61
-80.46
-89.37
-95.04
-94.06
-83.62
-63.18
-35.16
-4.48
23.61
45.67
61.18
71.94
80.46
88.04
94.14
96.48
91.52
76.36
50.51
17.20
-16.63
-42.36
-53.25
-47.36
-28.39
-4.20
16.96
29.98
34.16
32.03
26.66
19.54
10.24
-2.95
-21.07
-43.10
-65.83
-84.69
-94.51
-91.00
-71.78
-37.60
7.01
54.21
94.66
119.64
123.26
104.03
64.78
11.79
-46.15
-99.52
-139.75
-160.74
-160.02
-138.98
-101.58
-53.11
0.55
53.22
98.62
131.30
147.87
148.16
135.16
113.51
87.93
62.16
39.43
23.33
17.81
25.64
46.27
75.14
105.15
129.71
145.75
154.07
157.49
158.29
156.68
151.32
140.95
126.06
108.58
90.47
72.17
52.41
29.45
2.86
-25.30
-50.47
-67.64
-73.90
-70.12
-60.86
-52.56
-50.84
-57.84
-71.74
-87.95
-102.13
-112.05
-117.69
-120.11
-119.80
-116.51
-110.24
-102.23
-95.02
-91.13
-90.96
-91.73
-88.30
-75.41
-49.79
-11.94
34.08
81.58
123.30
153.35
168.45
168.26
155.45
134.36
109.20
82.83
56.54
31.51
9.64
-6.36
-14.92
-17.02
-16.51
-18.15
-24.68
-35.10
-45.09
-49.73
-46.31
-36.26
-24.36
-15.94
-14.28
-19.39
-29.13
-41.11
-53.83
-66.19
-76.54
-82.75
-82.87
-76.48
-65.18
-51.85
-39.11
-27.89
-16.90
-3.67
13.74
34.99
57.18
76.18
88.74
94.04
93.53
89.31
82.92
74.82
64.77
52.65
39.05
24.91
11.06
-1.80
-12.75
-20.47
-23.48
-21.00
-14.35
-6.52
-1.06
-0.57
-5.50
-14.49
-25.97
-39.35
-55.11
-73.73
-93.96
-112.27
-123.78
-124.32
-112.69
-91.43
-65.64
-40.63
-19.78
-3.93
7.95
17.49
25.72
32.83
38.31
41.68
42.94
42.37
40.12
36.10
30.15
22.50
14.02
6.16
0.22
-3.61
-6.12
-7.86
-8.17
-4.81
4.85
21.43
41.46
57.55
60.74
44.29
7.21
-44.63
-100.59
-149.66
-184.88
-205.28
-214.72
-218.09
-218.11
-213.73
-201.94
-180.57
-150.39
-115.23
-80.22
-49.84
-26.49
-10.48
-0.70
4.80
8.85
14.96
26.50
45.21
69.64
95.02
115.17
125.56
125.18
116.73
105.18
95.03
88.70
86.38
86.97
89.14
91.80
94.02
95.37
96.37
98.57
103.99
113.86
126.82
138.47
142.91
135.62
115.69
86.41
53.56
22.35
-5.36
-31.28
-58.68
-89.05
-119.58
-143.21
-151.39
-138.04
-102.42
-49.55
11.56
70.97
120.03
152.92
166.91
162.17
141.25
108.41
68.77
27.82
-9.61
-39.98
-61.35
-72.95
-74.75
-67.21
-51.34
-28.65
-0.65
31.86
69.09
111.27
156.70
200.41
234.16
249.10
239.08
203.92
149.76
86.79
24.83
-30.21
-77.74
-120.96
-163.61
-207.09
-248.87
-283.20
-302.51
-300.78
-275.37
-228.87
-169.39
-108.59
-58.47
-27.70
-19.57
-31.56
-58.81
-94.09
-129.68
-157.96
-172.11
-167.83
-145.26
-110.23
-71.77
-41.43
-24.57
-19.01
-16.63
-8.62
9.10
33.52
56.59
71.64
71.56
56.52
30.60
-0.57
-31.45
-56.84
-71.84
-72.20
-53.51
-20.49
20.87
62.05
95.52
117.59
129.70
136.99
128.98
129.06
131.51
130.39
119.58
96.34
63.20
27.42
-2.38
-19.78
-19.99
-7.23
15.92
47.67
87.38
133.78
182.90
227.64
260.27
278.02
279.34
269.76
255.95
241.74
226.13
204.66
172.59
128.25
75.49
18.58
-36.24
-84.55
-123.79
-152.29
-168.00
-168.50
-152.96
-123.70
-89.08
-59.06
-41.86
-40.22
-50.26
-64.19
-74.76
-79.09
-79.14
-80.06
-85.74
-96.95
-112.11
-129.42
-148.92
-171.52
-196.61
-220.32
-236.33
-239.01
-226.87
-204.03
-178.62
-159.36
-151.87
-156.90
-170.34
-185.01
-193.14
-188.92
-170.63
-141.27
-107.64
-77.61
-56.39
-44.25
-36.47
-26.07
-7.41
21.20
57.25
96.06
133.23
166.55
196.17
223.87
251.65
280.11
307.48
329.66
341.45
338.79
321.31
293.07
260.94
231.26
206.65
185.19
162.87
137.06
108.64
81.31
58.80
42.02
28.94
16.84
5.09
-4.00
-6.92
-1.71
10.39
25.41
38.48
45.85
45.60
37.28
21.49
0.19
-22.95
-42.84
-54.39
-54.62
-43.70
-24.82
-2.79
17.35
31.63
37.60
34.95
25.88
14.93
7.50
7.49
15.78
30.30
47.60
64.70
79.67
91.25
97.48
95.34
81.75
55.60
18.68
-24.87
-70.43
-114.80
-156.48
-195.20
-230.07
-258.67
-277.13
-281.04
-267.13
-234.48
-185.45
-125.76
-64.31
-11.16
25.12
40.11
34.93
15.61
-9.35
-32.14
-47.99
-55.49
-55.41
-49.24
-38.12
-22.89
-4.97
12.60
25.28
28.72
20.96
3.82
-17.37
-35.85
-45.70
-43.83
-30.58
-9.08
16.18
40.25
58.58
67.54
64.84
50.53
27.65
1.49
-22.00
-38.04
-45.01
-44.48
-39.84
-34.24
-29.63
-26.30
-23.35
-19.87
-15.16
-9.03
-1.33
8.11
19.24
31.22
41.94
48.38
47.63
38.37
21.70
1.16
-18.91
-35.55
-48.37
-59.11
-69.86
-81.09
-90.87
-95.87
-93.04
-81.62
-63.80
-43.43
-23.88
-6.83
7.89
21.20
33.21
42.94
49.20
51.64
51.32
49.97
48.47
45.51
37.88
22.06
-3.36
-35.76
-68.63
-94.16
-107.03
-106.94
-98.23
-87.06
-78.21
-72.90
-69.03
-63.25
-53.08
-37.84
-18.86
1.12
18.69
30.58
34.71
31.06
22.33
13.25
8.46
9.46
13.16
13.21
3.97
-15.36
-39.31
-58.45
-64.24
-53.56
-30.14
-2.09
22.43
39.06
48.62
55.09
62.31
71.20
79.66
84.44
83.72
78.03
69.43
59.83
49.82
38.81
26.07
11.88
-2.14
-13.65
-20.97
-23.47
-21.31
-14.99
-5.04
7.66
21.25
32.36
36.70
31.10
15.53
-6.09
-27.03
-40.43
-42.60
-34.82
-22.58
-12.85
-10.87
-17.97
-31.54
-46.43
-56.87
-58.33
-48.28
-26.76
3.43
36.53
64.56
79.55
76.35
55.19
22.09
-12.81
-39.07
-49.63
-43.42
-24.97
-1.73
19.35
34.48
43.42
48.13
50.36
50.23
46.27
36.80
21.71
3.44
-13.16
-22.76
-22.28
-12.98
-0.73
6.31
1.41
-16.70
-42.36
-64.88
-73.50
-62.99
-36.64
-5.08
18.68
24.93
11.29
-17.13
-51.04
-81.19
-101.37
-109.44
-106.02
-92.48
-69.21
-35.58
8.38
59.67
111.52
154.78
181.32
187.30
174.74
149.88
119.52
88.24
57.83
29.20
4.57
-11.83
-15.73
-6.03
13.23
34.17
48.63
52.10
45.52
34.09
23.86
18.49
18.02
19.76
20.40
17.84
12.02
4.42
-2.88
-8.35
-11.62
-13.29
-14.72
-17.46
-22.96
-32.55
-47.18
-67.39
-93.65
-126.48
-165.87
-210.76
-257.61
-299.93
-329.24
-337.56
-320.57
-279.62
-221.58
-156.38
-93.91
-41.21
-1.19
26.43
43.81
53.46
57.73
58.65
57.87
56.21
53.87
51.14
49.11
49.75
55.04
65.73
80.52
96.33
109.48
117.68
121.16
122.43
125.13
131.76
142.46
154.80
164.89
169.52
167.54
160.19
149.78
138.15
125.41
110.08
90.52
66.97
42.71
22.70
11.07
8.68
12.79
18.60
22.13
22.13
19.96
18.08
18.10
19.80
21.81
23.25
24.79
28.94
38.81
55.58
76.92
96.87
108.32
106.81
93.22
74.31
59.34
55.18
62.12
73.73
81.17
79.01
68.70
57.40
53.15
59.31
72.37
84.18
86.78
76.22
53.54
23.32
-9.36
-40.41
-67.17
-87.89
-101.64
-109.04
-112.82
-116.96
-124.48
-135.72
-148.14
-157.79
-161.64
-158.78
-149.95
-136.15
-117.77
-94.72
-67.96
-40.53
-17.15
-2.26
2.49
-0.48
-5.97
-8.87
-6.85
-1.17
4.63
7.19
5.38
1.15
-1.63
0.83
9.99
23.91
37.89
46.28
44.11
28.25
-2.18
-45.82
-99.24
-156.86
-210.88
-252.24
-272.58
-266.85
-235.22
-183.44
-121.59
-61.23
-12.99
15.24
19.80
2.69
-28.16
-60.59
-82.47
-86.70
-74.06
-52.85
-33.78
-23.93
-22.86
-23.29
-15.84
5.32
38.99
77.92
113.02
137.79
150.18
151.87
145.76
134.17
119.15
103.49
91.79
89.16
98.64
118.88
142.98
160.49
161.69
142.27
105.42
60.74
19.79
-9.15
-24.58
-31.20
-35.88
-43.35
-53.76
-64.05
-71.16
-74.69
-76.82
-79.84
-83.63
-84.76
-78.56
-62.12
-36.08
-3.78
31.02
65.86
99.15
128.42
149.91
159.78
156.55
143.22
126.17
112.09
104.77
103.84
105.58
105.74
101.67
93.21
82.17
71.10
61.43
52.30
40.68
23.17
-1.55
-30.51
-56.47
-71.19
-70.07
-55.07
-34.07
-16.46
-7.38
-4.97
-2.30
7.33
25.60
47.74
66.06
75.30
76.32
76.06
83.11
102.33
131.52
161.97
182.34
183.71
163.13
123.63
71.90
15.49
-38.91
-85.42
-118.46
-132.81
-125.17
-96.10
-50.98
0.67
47.53
79.64
90.94
80.30
51.03
9.04
-39.07
-87.67
-133.04
-173.28
-207.31
-233.94
-251.41
-258.06
-253.89
-241.12
-223.10
-202.45
-179.48
-152.66
-120.58
-84.37
-48.45
-18.47
1.73
12.44
17.85
23.73
34.08
48.94
64.66
75.99
78.63
70.87
53.35
28.01
-2.86
-37.02
-71.96
-104.35
-130.18
-145.91
-149.65
-142.42
-127.94
-110.95
-95.18
-82.29
-71.60
-61.31
-50.18
-38.15
-25.97
-14.27
-2.91
9.62
25.61
47.13
74.70
106.37
137.62
162.06
173.64
169.09
149.97
122.65
95.45
74.92
62.31
53.49
41.70
21.91
-6.02
-36.93
-63.32
-78.95
-82.07
-75.74
-65.43
-55.80
-48.33
-41.41
-32.51
-21.08
-9.39
-2.13
-3.85
-16.36
-37.64
-62.38
-83.97
-96.75
-97.88
-87.58
-68.84
-46.21
-24.12
-5.62
8.00
17.54
25.52
34.73
46.83
61.22
75.03
84.54
86.87
81.99
72.83
64.15
60.14
62.51
69.39
76.14
77.63
70.64
55.47
35.36
14.47
-4.15
-19.23
-30.41
-37.02
-37.58
-30.81
-17.01
0.91
18.04
29.84
34.62
34.07
31.58
29.53
27.28
22.00
11.02
-5.61
-24.66
-41.59
-52.93
-57.44
-55.31
-46.87
-31.80
-10.72
13.39
35.34
49.88
54.77
52.57
49.03
49.41
55.35
64.20
71.19
72.97
69.94
65.97
65.75
71.67
82.05
91.48
92.80
80.14
51.29
8.94
-39.77
-85.06
-117.45
-130.86
-124.72
-104.00
-77.31
-53.76
-39.60
-35.86
-38.11
-38.88
-31.57
-14.81
5.44
18.25
13.51
-11.59
-49.81
-86.60
-107.30
-104.64
-81.76
-49.42
-19.44
1.53
13.88
22.36
30.96
39.40
43.75
40.16
28.24
11.60
-4.70
-18.24
-30.95
-46.88
-68.61
-94.27
-118.14
-134.40
-140.81
-139.32
-133.84
-126.47
-115.55
-97.34
-69.77
-35.18
-0.03
28.26
45.63
52.98
55.32
59.03
68.20
83.10
100.34
114.61
121.06
117.11
103.70
85.49
68.90
58.69
55.48
55.17
51.12
38.37
15.93
-12.90
-42.37
-66.84
-83.01
-90.11
-89.56
-84.22
-77.46
-72.32
-70.73
-72.78
-77.09
-81.91
-85.72
-87.75
-87.53
-83.50
-72.59
-51.62
-19.17
22.38
67.24
108.62
141.27
163.01
174.31
176.78
171.90
160.61
143.81
122.84
99.76
76.30
53.21
30.72
9.05
-10.40
-24.99
-31.88
-29.54
-18.44
-0.90
20.32
43.19
66.22
87.52
104.18
112.35
108.36
90.70
60.94
24.12
-12.53
-42.24
-61.07
-68.85
-68.84
-65.76
-63.38
-63.37
-65.80
-70.15
-76.37
-85.00
-96.00
-107.57
-115.89
-116.64
-106.86
-86.90
-60.08
-31.21
-4.40
18.16
35.78
48.54
56.66
60.52
60.94
59.32
56.86
53.66
48.60
40.06
27.25
11.48
-3.86
-14.25
-15.98
-8.31
5.98
21.26
30.85
29.74
16.87
-4.39
-27.56
-45.78
-55.20
-56.42
-53.13
-49.52
-47.02
-43.06
-32.90
-12.57
18.17
55.06
90.87
118.50
133.43
134.85
124.86
106.45
82.17
53.96
23.59
-6.56
-33.62
-55.10
-69.54
-77.27
-79.94
-79.79
-78.55
-76.75
-73.72
-68.23
-59.58
-48.40
-36.83
-27.90
-23.95
-24.96
-27.83
-27.18
-17.97
1.70
28.77
56.16
75.95
83.12
77.67
64.32
49.94
40.40
38.31
42.61
50.14
57.29
61.10
59.57
51.43
35.89
12.47
-18.47
-55.31
-94.70
-131.73
-161.06
-178.12
-180.66
-169.29
-147.22
-119.23
-90.55
-65.93
-48.92
-41.02
-40.71
-43.56
-43.63
-36.10
-19.56
2.86
25.16
41.54
49.57
51.15
50.90
53.41
60.78
71.64
82.42
89.62
92.52
93.97
99.58
114.58
140.63
174.06
206.34
227.83
232.01
218.48
192.86
164.05
140.11
125.29
119.59
119.60
120.75
118.63
109.61
91.22
62.85
26.01
-15.63
-57.24
-94.51
-124.96
-148.28
-165.32
-177.04
-183.81
-185.80
-184.02
-180.64
-178.31
-178.86
-182.67
-188.27
-192.88
-193.74
-188.86
-177.07
-157.80
-131.12
-97.64
-59.47
-21.01
11.95
33.68
41.00
34.74
19.74
3.00
-8.73
-11.04
-2.67
14.58
36.77
59.11
77.35
88.77
92.70
90.74
86.01
81.47
77.93
73.23
63.47
45.19
17.81
-15.21
-47.54
-72.57
-85.52
-84.62
-71.63
-51.00
-28.75
-11.27
-3.71
-8.78
-26.01
-52.28
-82.80
-112.33
-135.74
-148.47
-147.11
-130.78
-102.60
-69.76
-40.99
-22.46
-14.81
-13.54
-12.68
-9.48
-6.50
-9.76
-23.64
-46.99
-73.07
-93.43
-102.73
-101.36
-94.51
-88.19
-85.41
-84.82
-82.32
-74.07
-58.52
-36.83
-11.27
16.91
48.27
84.75
127.72
175.71
223.34
262.85
287.08
292.77
281.71
259.81
234.66
212.40
195.98
185.32
178.13
170.41
157.42
134.67
99.95
55.45
8.44
-30.54
-52.33
-53.59
-38.50
-15.93
5.64
21.99
34.04
44.88
55.74
64.02
64.36
52.33
28.20
-2.09
-29.41
-45.71
-47.83
-38.59
-25.04
-14.56
-10.82
-11.94
-11.53
-2.11
20.67
55.05
93.54
126.44
146.55
152.19
146.87
136.26
124.75
113.71
102.25
89.12
74.45
59.53
45.44
31.81
17.24
1.07
-15.21
-28.17
-34.39
-32.95
-26.82
-21.82
-23.95
-36.76
-60.76
-94.28
-134.97
-180.19
-226.11
-266.74
-294.01
-299.74
-278.65
-230.72
-161.65
-81.56
-2.18
66.19
116.62
146.14
155.47
147.97
128.45
102.07
73.26
44.99
18.43
-7.05
-33.16
-61.94
-95.18
-133.85
-177.85
-225.84
-275.38
-323.28
-366.04
-400.07
-421.83
-428.15
-417.18
-389.38
-347.89
-298.05
-246.33
-198.92
-160.25
-132.31
-114.53
-104.28
-97.76
-91.03
-80.94
-65.69
-44.85
-18.80
11.45
44.91
80.94
119.07
159.00
200.59
243.90
289.08
335.53
380.90
420.46
447.71
456.31
442.73
408.03
357.79
299.70
240.52
183.50
127.97
71.84
14.76
-39.37
-82.95
-107.79
-109.22
-88.97
-54.57
-15.92
19.06
46.87
68.30
85.27
97.84
103.27
97.95
80.33
52.53
20.20
-9.96
-32.39
-43.85
-43.09
-30.50
-8.33
19.18
45.96
65.77
73.98
69.53
55.17
36.08
17.94
5.36
0.97
4.88
14.82
26.87
36.60
40.61
38.17
31.52
24.49
20.49
20.55
23.07
24.90
23.61
19.08
13.28
9.43
10.22
16.33
26.23
36.81
44.30
45.08
36.96
19.63
-4.59
-31.12
-54.47
-70.09
-76.37
-75.43
-71.72
-69.03
-67.62
-63.92
-53.02
-33.26
-8.89
11.04
17.27
6.34
-16.76
-40.66
-53.41
-48.86
-29.68
-5.38
13.05
18.68
11.04
-5.56
-25.96
-46.95
-67.34
-85.79
-98.79
-101.10
-88.37
-60.40
-22.66
15.14
42.66
52.83
43.99
19.70
-13.04
-46.22
-72.35
-86.10
-85.00
-70.01
-45.73
-19.19
2.05
12.19
8.94
-5.98
-27.33
-47.78
-59.58
-56.97
-38.26
-6.92
29.20
60.55
79.52
82.94
72.56
53.46
31.72
12.39
-1.63
-9.70
-12.74
-12.40
-10.51
-8.63
-8.10
-10.41
-17.12
-29.58
-48.35
-72.27
-98.06
-120.87
-135.99
-140.79
-135.66
-123.69
-108.86
-94.02
-80.36
-68.20
-58.42
-53.53
-56.55
-68.77
-87.86
-107.58
-119.67
-117.21
-97.30
-61.58
-15.10
35.48
83.46
122.54
146.87
152.16
137.68
107.86
72.06
41.83
26.50
29.02
44.85
64.41
78.10
80.34
70.91
53.47
32.83
13.18
-2.05
-9.99
-9.00
-0.35
11.07
17.96
13.90
-2.79
-27.40
-50.60
-63.01
-59.44
-40.72
-12.32
18.96
47.92
71.72
88.67
97.38
97.26
89.23
75.99
61.33
48.55
39.46
33.91
30.37
27.05
22.29
14.93
4.73
-7.24
-18.48
-25.62
-25.76
-18.20
-5.57
6.37
10.32
0.46
-24.62
-60.58
-98.33
-127.04
-137.59
-125.62
-92.76
-45.35
8.26
60.04
103.34
133.14
145.56
138.28
111.50
68.47
15.89
-37.18
-81.63
-110.42
-120.25
-111.93
-89.67
-59.51
-27.46
1.91
26.07
44.12
56.02
62.18
63.24
60.28
54.96
49.41
45.64
45.03
48.53
57.07
71.51
92.06
117.39
143.97
166.61
180.14
181.15
169.63
149.01
124.84
102.57
85.69
75.06
69.16
65.22
60.28
52.33
40.70
26.05
9.88
-6.34
-21.84
-36.33
-49.24
-59.11
-63.74
-61.91
-55.08
-48.56
-50.09
-66.39
-99.13
-143.16
-187.88
-221.27
-234.58
-225.20
-196.72
-156.73
-114.37
-78.17
-54.29
-45.45
-49.76
-60.92
-70.07
-69.39
-55.29
-29.81
0.70
28.64
48.32
57.70
58.35
54.66
52.45
57.88
75.61
106.68
146.87
186.88
214.77
220.17
198.70
154.00
96.63
40.44
-2.15
-24.03
-24.90
-9.83
13.15
35.96
52.48
59.22
55.51
43.07
25.48
7.40
-6.29
-11.98
-8.35
3.16
18.89
34.14
44.35
46.24
38.16
20.71
-2.98
-27.33
-45.95
-54.13
-50.90
-39.67
-26.27
-16.32
-12.85
-15.70
-22.19
-28.55
-31.49
-28.98
-20.87
-8.47
5.81
18.99
28.75
34.20
36.14
36.05
34.86
31.94
25.20
12.15
-8.79
-37.49
-72.86
-113.70
-159.08
-207.71
-256.76
-300.97
-333.05
-345.76
-334.68
-300.51
-249.17
-189.96
-131.98
-80.59
-36.19
4.69
45.93
88.98
131.39
167.94
193.14
203.63
199.19
182.64
158.70
132.53
108.30
88.36
73.26
62.62
55.74
52.28
51.98
54.08
56.55
56.58
52.07
43.01
32.20
23.58
19.79
19.99
20.17
15.07
1.21
-21.38
-49.58
-78.72
-104.53
-123.82
-134.47
-135.49
-127.33
-112.06
-93.24
-75.02
-60.61
-51.08
-45.31
-41.08
-35.99
-28.30
-17.23
-3.23
11.79
24.76
32.38
32.84
26.76
17.09
7.83
1.78
-0.53
-0.48
0.23
0.76
1.34
2.58
4.75
7.98
12.82
20.69
33.55
52.63
77.15
104.56
131.79
156.66
178.42
196.97
210.71
215.44
205.76
178.16
134.30
81.96
32.84
-1.91
-15.92
-9.54
10.77
34.94
52.57
55.57
40.16
7.91
-34.27
-75.89
-106.28
-118.10
-110.12
-87.43
-59.20
-34.78
-19.95
-15.38
-17.60
-21.28
-21.58
-15.95
-4.54
10.17
24.41
34.84
39.73
39.94
38.61
39.14
43.12
49.04
53.31
52.42
45.32
33.76
21.28
10.79
2.83
-4.34
-12.89
-23.25
-33.55
-41.14
-45.21
-48.24
-54.82
-68.73
-89.64
-112.62
-129.78
-134.14
-122.88
-98.48
-67.27
-36.78
-13.21
0.08
2.37
-5.10
-19.75
-37.76
-54.40
-65.22
-67.58
-62.01
-52.19
-43.54
-40.20
-42.75
-47.31
-47.31
-37.32
-16.69
9.42
32.49
44.98
44.34
34.22
22.25
16.10
19.67
32.09
49.08
65.76
78.65
86.32
88.20
83.69
71.86
52.68
27.97
1.21
-23.40
-42.56
-54.57
-59.51
-58.63
-53.25
-44.13
-31.74
-17.31
-3.23
7.48
12.45
10.76
2.91
-9.88
-26.64
-46.97
-70.60
-96.24
-121.22
-141.59
-153.00
-152.13
-137.81
-112.12
-79.78
-47.02
-19.57
-1.32
6.82
7.05
3.56
1.21
3.17
9.94
18.84
25.06
23.81
13.17
-4.19
-21.38
-30.52
-26.96
-11.44
10.57
32.32
49.74
62.89
74.46
86.14
96.57
102.17
100.19
91.34
79.59
69.70
63.84
60.60
56.28
47.96
35.53
21.79
10.78
5.46
6.95
14.18
24.87
36.26
45.37
49.14
45.56
34.65
19.35
4.77
-3.84
-2.97
7.88
26.41
48.73
70.59
88.16
98.34
99.23
90.31
72.76
49.52
24.74
2.72
-13.20
-21.46
-22.75
-19.67
-16.25
-16.87
-24.76
-40.72
-62.23
-83.98
-99.91
-105.36
-98.88
-82.60
-60.85
-38.31
-18.59
-3.83
5.03
7.45
2.98
-8.27
-25.14
-44.23
-59.93
-65.63
-55.76
-28.33
13.17
60.43
103.29
133.55
147.95
148.98
143.10
137.41
136.52
140.91
146.98
149.03
141.31
120.34
85.83
40.56
-10.43
-60.75
-103.28
-131.05
-138.58
-123.78
-89.53
-43.97
1.07
33.17
42.96
27.11
-10.85
-62.00
-114.82
-158.24
-184.59
-191.60
-183.17
-167.82
-155.33
-152.00
-157.12
-163.11
-159.46
-138.72
-100.92
-53.78
-8.95
24.22
43.05
51.91
59.07
71.82
93.07
120.41
148.05
169.40
178.97
173.33
151.53
115.57
70.43
24.01
-14.47
-37.59
-43.03
-34.98
-22.78
-16.63
-22.73
-40.34
-62.63
-81.33
-91.58
-94.16
-93.54
-93.84
-95.91
-97.33
-95.54
-90.51
-85.21
-83.12
-84.84
-86.69
-82.89
-69.84
-49.34
-28.35
-15.02
-14.05
-23.98
-38.15
-49.24
-53.21
-50.27
-43.20
-34.77
-25.58
-14.55
-0.94
13.73
25.04
28.07
20.42
4.50
-13.37
-25.98
-28.84
-22.21
-9.79
3.96
16.95
30.20
46.53
67.58
91.96
114.89
129.97
132.42
121.34
100.53
76.90
57.94
49.40
53.37
67.67
87.07
105.54
118.22
123.09
120.63
112.01
97.54
76.40
48.20
15.02
-17.52
-41.79
-51.47
-45.09
-27.63
-8.81
1.25
-3.86
-24.69
-56.53
-91.99
-123.52
-145.65
-155.96
-155.05
-145.88
-132.24
-117.10
-101.13
-82.33
-57.39
-24.11
16.90
61.98
105.59
143.02
172.59
196.19
217.57
239.42
261.27
279.15
287.18
280.52
257.67
221.28
176.82
130.16
85.82
46.21
12.40
-14.72
-33.96
-44.51
-47.30
-45.69
-44.30
-46.91
-54.84
-66.82
-80.20
-92.60
-102.51
-109.19
-112.07
-110.48
-104.14
-93.40
-79.04
-61.50
-40.40
-15.09
13.92
43.53
68.14
82.14
83.33
74.68
63.11
55.44
54.39
57.46
59.22
55.21
44.45
29.76
15.52
4.62
-3.25
-10.67
-20.28
-32.61
-45.44
-55.34
-60.10
-60.47
-59.76
-61.65
-68.07
-78.29
-90.12
-101.67
-112.65
-123.84
-135.54
-145.65
-150.12
-145.06
-129.71
-107.75
-85.60
-68.99
-59.66
-54.80
-48.99
-37.31
-17.75
8.61
39.06
70.54
99.40
121.10
130.46
123.19
98.29
59.83
16.56
-21.19
-45.67
-54.30
-50.00
-38.78
-26.52
-16.22
-7.62
1.84
15.31
34.87
60.59
90.19
119.10
141.58
152.25
147.85
128.05
95.02
52.42
4.40
-44.92
-91.37
-130.85
-159.94
-176.81
-181.85
-177.18
-165.15
-146.73
-121.32
-87.83
-46.53
-0.91
43.05
78.63
100.74
107.36
99.87
82.03
58.70
35.02
15.65
3.75
-0.19
0.89
1.44
-4.31
-19.18
-40.86
-62.19
-73.90
-68.77
-45.05
-7.30
35.66
74.28
101.59
114.68
114.30
102.83
83.26
58.52
31.85
7.31
-10.74
-18.96
-16.42
-5.05
10.35
23.23
27.36
18.95
-2.05
-31.59
-62.47
-86.74
-98.48
-95.80
-81.42
-61.30
-41.78
-27.42
-20.24
-20.55
-28.19
-42.95
-63.65
-86.77
-105.84
-113.22
-103.28
-75.14
-33.50
12.76
53.52
80.74
90.78
84.67
66.96
43.95
21.87
5.80
-0.63
4.67
22.04
49.70
83.78
118.46
146.62
161.37
157.93
135.43
97.97
53.99
14.29
-11.25
-16.74
-2.13
26.35
57.95
81.35
89.42
82.14
66.39
52.36
47.88
54.06
64.52
68.38
55.62
22.53
-26.37
-79.83
-124.32
-149.08
-149.21
-126.18
-86.28
-37.84
10.78
52.01
79.68
89.34
79.24
51.34
11.51
-31.42
-67.56
-88.59
-89.74
-70.78
-36.09
6.14
46.09
75.21
88.98
88.82
81.17
74.23
73.34
77.74
80.36
71.22
42.73
-6.12
-68.71
-133.02
-186.27
-218.85
-227.11
-213.46
-184.80
-149.69
-116.15
-89.65
-71.98
-61.60
-55.05
-49.28
-42.72
-36.09
-31.92
-33.15
-41.39
-55.84
-73.29
-88.71
-97.30
-96.34
-85.84
-68.26
-47.30
-26.53
-8.60
4.62
11.95
12.76
7.05
-4.09
-18.57
-33.38
-45.47
-53.07
-56.51
-57.25
-56.54
-54.17
-48.16
-36.27
-18.22
3.21
23.43
38.58
47.90
54.09
61.75
74.40
92.11
111.73
128.74
139.42
141.50
133.80
115.58
87.21
51.49
14.65
-14.58
-28.28
-23.41
-4.15
19.36
35.08
34.08
14.23
-19.23
-56.17
-85.64
-99.26
-92.92
-66.63
-23.92
29.07
84.40
133.06
166.47
178.35
166.53
133.34
84.88
28.99
-26.80
-76.34
-115.27
-140.77
-151.25
-145.85
-124.84
-90.26
-46.32
0.96
45.19
81.30
106.57
120.87
125.43
121.67
110.67
93.07
69.51
41.11
9.59
-22.93
-54.70
-84.34
-110.31
-130.50
-142.25
-142.57
-129.00
-100.61
-58.51
-6.58
48.72
99.32
137.92
160.70
168.73
166.81
160.10
150.70
136.68
114.42
82.34
44.05
7.71
-17.62
-26.81
-21.71
-10.45
-3.89
-10.80
-34.46
-71.61
-113.83
-150.17
-170.06
-165.96
-135.75
-84.21
-22.42
35.13
75.71
93.03
89.08
72.20
52.56
37.37
28.78
24.86
22.42
19.68
16.80
14.83
13.73
11.25
3.97
-10.45
-31.05
-53.05
-69.35
-73.63
-62.93
-39.07
-7.67
24.27
51.18
70.65
83.53
91.85
96.09
93.98
81.11
53.78
12.52
-36.33
-82.14
-114.52
-127.92
-124.23
-111.13
-97.53
-88.57
-82.94
-74.14
-54.36
-19.22
29.56
84.43
134.75
170.45
184.77
175.62
145.27
99.15
43.80
-15.18
-74.38
-132.23
-187.48
-236.92
-274.65
-293.84
-289.86
-262.98
-218.78
-165.60
-110.57
-57.00
-4.79
46.66
94.94
133.39
153.64
150.39
125.55
88.83
54.62
36.42
41.80
70.48
115.88
169.17
222.42
270.26
309.22
336.00
346.42
336.10
302.55
247.25
176.76
102.05
36.24
-8.96
-27.03
-18.64
8.25
40.81
65.43
72.10
56.86
21.99
-25.57
-77.03
-124.10
-160.77
-183.63
-191.57
-185.45
-168.16
-144.52
-120.91
-103.82
-97.29
-101.47
-112.62
-125.13
-134.36
-138.66
-139.30
-137.89
-133.65
-122.47
-99.20
-62.00
-15.33
30.68
65.33
83.71
89.55
92.66
102.70
123.17
149.37
171.49
180.02
170.77
145.95
111.99
76.23
43.86
16.42
-7.45
-30.10
-52.94
-75.27
-93.85
-104.16
-102.74
-89.56
-68.70
-46.78
-29.56
-19.02
-13.01
-7.04
2.25
14.45
25.01
27.66
17.58
-5.93
-38.88
-74.17
-104.03
-122.86
-128.66
-123.23
-110.95
-97.57
-89.22
-90.98
-105.56
-132.04
-165.29
-196.88
-217.32
-219.15
-199.34
-160.01
-106.82
-46.13
16.80
77.98
133.47
178.34
206.41
212.67
196.24
162.03
119.85
81.06
54.34
42.69
43.65
51.85
62.57
73.65
84.95
96.49
106.74
112.94
112.55
105.10
91.95
74.75
54.05
29.37
0.71
-28.92
-52.86
-63.66
-57.30
-36.24
-9.15
13.34
24.54
24.96
20.89
19.59
23.75
29.50
29.18
16.81
-7.14
-35.53
-58.32
-68.18
-64.08
-51.32
-38.13
-31.38
-34.16
-45.12
-59.99
-73.11
-79.18
-74.73
-59.71
-38.37
-18.40
-7.71
-10.24
-23.51
-39.47
-48.54
-44.94
-29.87
-10.19
6.09
14.28
15.41
14.61
17.40
26.21
39.02
50.52
54.61
47.35
29.04
4.83
-16.98
-28.05
-23.73
-6.05
16.43
32.32
33.33
18.51
-5.08
-25.80
-33.85
-26.34
-8.23
11.35
24.13
26.26
18.81
6.03
-7.08
-16.02
-16.86
-6.52
16.10
48.59
84.26
113.66
128.04
123.19
101.57
71.29
41.84
19.81
5.70
-5.56
-20.70
-43.24
-70.98
-97.00
-113.13
-114.27
-100.05
-74.20
-42.27
-9.49
20.15
43.42
57.36
60.06
51.69
35.59
17.91
5.32
2.17
8.79
21.53
34.69
42.98
43.38
35.96
23.42
10.21
1.37
1.14
11.93
33.40
62.11
91.99
115.55
125.68
117.88
91.90
52.33
8.03
-30.23
-53.25
-56.66
-42.74
-19.82
0.50
7.98
-2.76
-30.43
-68.23
-107.08
-139.07
-159.39
-166.32
-159.77
-140.01
-107.77
-65.32
-17.56
28.40
64.78
85.71
89.30
78.00
57.50
34.75
16.05
5.59
5.00
13.16
26.87
42.02
54.94
63.87
69.72
74.88
80.99
87.11
89.49
83.30
65.77
38.44
7.64
-17.99
-31.02
-28.41
-12.58
10.08
31.34
43.91
42.77
25.65
-7.04
-52.02
-102.82
-150.64
-186.55
-204.10
-201.32
-181.15
-149.49
-112.92
-77.10
-46.15
-23.52
-12.79
-17.30
-38.53
-74.42
-118.81
-162.81
-197.65
-217.41
-220.46
-209.01
-187.47
-160.16
-130.26
-99.55
-68.92
-39.53
-13.07
8.35
23.22
31.28
33.93
33.83
34.26
37.96
46.88
61.78
81.61
103.53
123.47
137.21
141.80
137.13
125.74
111.25
95.95
79.11
57.20
26.04
-16.25
-67.40
-120.64
-166.52
-196.11
-204.00
-190.29
-160.39
-123.29
-88.58
-63.18
-49.62
-45.55
-45.36
-42.81
-33.88
-18.55
-1.10
11.96
15.38
8.29
-4.72
-15.06
-14.01
2.57
32.44
68.05
100.63
124.33
138.60
147.10
154.68
164.44
176.42
189.03
201.65
215.88
234.36
258.29
285.18
308.86
321.35
315.95
290.07
246.27
191.02
131.65
74.34
23.32
-17.51
-44.64
-56.01
-52.39
-37.48
-17.51
0.22
10.53
12.08
9.62
10.23
18.05
31.81
46.26
54.50
50.02
30.30
-2.50
-38.33
-64.74
-73.87
-65.66
-46.17
-24.88
-12.27
-14.75
-34.28
-62.77
-88.02
-100.67
-96.97
-76.38
-40.17
7.78
63.43
94.58
76.00
11.62
-70.84
-147.95
-211.59
-258.62
-298.58
-333.20
-360.47
-372.09
-361.29
-328.90
-283.07
-233.83
-188.27
-149.86
-115.62
-82.96
-45.03
2.64
57.60
111.84
156.25
184.74
194.67
190.62
175.51
158.74
149.62
153.31
171.01
199.93
233.45
260.68
273.81
261.97
227.14
179.25
131.17
96.43
83.25
92.15
115.85
148.78
178.53
202.21
217.89
220.68
207.73
177.96
134.13
55.58
-9.94
-59.29
-86.39
-91.58
-82.73
-64.64
-39.76
-8.31
28.21
54.31
49.12
11.28
-30.26
-69.16
-101.58
-130.93
-155.02
-175.63
-184.45
-187.17
-184.62
-180.13
-179.81
-181.90
-180.54
-171.38
-158.04
-144.92
-137.42
-131.85
-120.25
-96.57
-55.11
3.92
73.88
143.01
201.16
239.64
255.93
250.36
225.07
187.63
149.14
121.51
112.13
121.22
140.11
156.93
162.38
154.38
140.33
131.52
136.15
154.27
178.51
198.37
205.98
199.14
180.94
157.47
134.01
112.91
93.34
73.22
50.98
27.07
4.08
-14.42
-25.49
-28.68
-26.80
-24.81
-27.57
-38.31
-57.90
-84.86
-116.14
-147.28
-172.59
-185.55
-180.59
-155.56
-114.18
-66.10
-24.29
-0.36
0.22
-19.92
-52.06
-85.97
-114.88
-136.32
-150.82
-159.37
-162.24
-159.72
-153.47
-146.78
-142.92
-143.23
-144.61
-141.06
-127.30
-102.97
-73.64
-48.94
-38.13
-45.81
-71.27
-107.93
-145.71
-174.43
-186.98
-180.90
-158.19
-124.05
-85.13
-50.36
-24.35
-5.77
9.95
26.72
46.50
70.10
97.27
126.32
147.74
154.11
143.97
119.48
82.67
35.53
-18.29
-74.38
-128.70
-188.38
-255.67
-323.10
-379.90
-420.61
-445.89
-459.40
-465.56
-468.15
-482.63
-516.07
-561.70
-606.82
-643.47
-668.62
-679.78
-674.27
-571.14
-356.50
-96.62
124.42
270.07
347.11
377.84
383.86
379.33
370.77
347.29
304.53
252.22
206.88
178.60
168.27
171.95
183.58
197.30
199.40
184.91
161.70
143.04
137.79
143.83
156.76
171.57
184.20
186.51
176.37
159.77
145.97
141.35
148.76
169.80
204.52
250.48
298.96
340.04
365.97
372.40
358.18
326.02
282.23
233.50
184.23
134.23
81.44
24.49
-36.16
-98.88
-162.11
-224.78
-286.40
-345.57
-398.48
-438.72
-459.27
-455.37
-427.35
-381.37
-327.28
-275.40
-233.05
-203.06
-184.33
-173.78
-167.96
-163.85
-158.65
-149.41
-133.39
-108.96
-76.65
-39.14
-0.43
35.59
66.79
93.38
117.74
143.37
173.86
211.75
257.82
310.03
362.72
407.22
434.23
437.59
417.72
382.88
346.68
322.74
319.15
335.63
365.19
398.84
430.27
457.63
481.56
501.48
513.27
509.97
485.45
438.34
373.30
299.16
225.08
157.72
100.54
54.66
20.23
-3.01
-16.57
-24.57
-33.39
-49.72
-77.63
-116.05
-158.82
-196.97
-221.74
-227.86
-215.65
-190.68
-162.00
-138.88
-127.38
-129.71
-145.35
-171.39
-203.86
-238.28
-268.96
-289.69
-294.46
-278.79
-242.79
-192.78
-138.53
-89.47
-51.50
-25.00
-6.50
4.91
10.96
15.59
14.75
1.41
-27.20
-67.68
-106.47
-127.34
-122.02
-93.61
-53.12
-12.74
20.38
45.52
65.96
85.64
105.48
123.55
136.93
143.00
140.65
131.33
118.50
105.50
94.29
83.65
69.31
50.12
25.17
-5.06
-38.62
-73.13
-107.10
-139.78
-170.42
-196.35
-212.15
-212.35
-194.66
-162.32
-123.48
-87.45
-59.68
-39.52
-21.61
-0.42
24.70
48.18
61.22
57.08
35.33
2.34
-32.72
-62.77
-84.99
-99.86
-107.59
-106.11
-92.00
-64.07
-27.05
8.77
31.81
35.69
22.69
2.73
-12.48
-16.02
-8.56
3.91
15.97
27.09
41.41
63.19
92.51
123.98
150.14
166.52
173.93
177.00
180.46
185.74
190.86
193.41
193.11
192.34
194.07
199.37
206.06
210.04
207.74
198.24
183.27
165.32
146.03
125.64
103.44
78.74
51.95
25.15
2.46
-10.74
-9.66
7.21
35.99
67.57
91.09
98.22
86.59
60.55
28.14
-3.27
-30.25
-53.88
-77.66
-104.42
-134.50
-165.88
-195.59
-221.18
-241.54
-256.46
-266.28
-271.45
-272.53
-270.75
-268.05
-266.63
-268.55
-274.64
-283.47
-290.83
-290.29
-275.02
-241.11
-190.56
-131.84
-78.17
-42.57
-32.63
-47.52
-78.04
-110.09
-129.66
-127.37
-100.96
-54.95
1.99
60.55
113.24
155.32
185.00
202.04
207.52
203.57
193.13
179.66
165.98
153.17
140.15
124.47
103.71
77.47
47.69
17.33
-11.38
-38.42
-65.84
-96.36
-131.73
-171.52
-212.62
-249.56
-276.16
-287.48
-282.65
-265.85
-245.24
-228.99
-221.18
-218.98
-213.58
-194.96
-157.28
-102.88
-41.72
12.97
50.55
67.34
67.64
61.06
57.84
65.11
84.69
113.80
147.16
179.22
205.42
222.57
228.50
221.68
201.16
166.84
120.01
64.28
5.80
-46.85
-84.60
-100.58
-92.92
-65.43
-26.12
16.36
56.02
90.62
120.27
144.92
162.61
170.01
164.65
146.91
120.03
88.46
55.42
21.77
-13.50
-50.80
-88.14
-120.34
-140.90
-145.01
-132.46
-108.19
-80.90
-59.79
-51.02
-55.38
-68.28
-81.34
-85.41
-73.06
-40.32
11.99
77.95
147.06
206.62
245.74
259.04
248.17
220.12
183.36
144.93
109.79
81.75
64.31
60.12
68.81
85.15
99.96
103.30
89.41
59.25
19.40
-22.49
-61.86
-98.60
-135.00
-171.79
-205.56
-229.56
-236.42
-221.71
-185.70
-132.90
-70.79
-7.74
48.48
91.03
114.88
117.34
98.64
62.30
14.73
-35.74
-79.75
-109.00
-118.49
-108.37
-84.84
-58.24
-38.89
-33.41
-42.18
-60.18
-80.37
-97.44
-109.13
-115.33
-116.20
-111.15
-99.47
-82.20
-63.12
-47.80
-40.63
-42.27
-49.51
-57.08
-60.59
-58.99
-54.70
-52.25
-54.77
-61.86
-68.96
-69.98
-60.75
-42.23
-20.72
-4.77
-0.41
-7.29
-18.82
-26.20
-23.95
-13.02
-0.15
5.94
-0.35
-18.51
-42.78
-65.72
-81.56
-87.46
-82.59
-67.16
-42.06
-10.08
22.82
47.70
54.86
38.24
-1.14
-54.33
-107.01
-145.21
-160.71
-153.50
-130.19
-100.00
-70.20
-44.36
-23.19
-6.39
5.82
13.09
15.94
16.80
19.33
27.39
43.28
66.62
94.09
120.13
138.10
142.01
128.64
99.13
59.71
19.87
-10.61
-25.30
-23.78
-11.25
3.62
12.74
11.92
2.67
-9.18
-16.21
-12.72
2.56
26.43
53.07
77.32
96.73
111.83
124.33
135.01
142.91
145.38
139.75
124.87
101.41
71.52
38.18
5.11
-23.24
-42.09
-47.45
-37.67
-15.20
13.66
41.27
61.95
74.53
81.90
88.35
96.36
105.28
111.73
111.80
103.72
88.87
71.25
55.54
45.54
43.68
50.76
65.41
83.63
99.21
105.29
97.15
74.96
44.19
13.50
-9.84
-23.20
-29.31
-34.26
-43.93
-60.64
-81.77
-101.62
-113.96
-115.27
-105.68
-88.40
-68.29
-50.29
-37.71
-31.08
-28.05
-24.25
-15.48
0.58
23.35
49.13
72.58
88.68
93.90
86.16
65.20
32.83
-7.14
-49.33
-87.92
-118.25
-138.50
-149.87
-155.17
-156.84
-155.41
-149.09
-134.72
-109.86
-73.66
-27.66
24.47
77.75
126.96
167.66
197.00
213.96
218.70
212.25
195.53
169.24
134.31
92.52
46.62
0.16
-43.07
-79.56
-106.52
-122.49
-127.36
-122.28
-109.27
-90.56
-68.12
-43.42
-17.78
7.18
29.13
44.91
51.43
46.40
29.95
5.09
-22.72
-47.45
-64.86
-74.61
-80.03
-86.03
-96.39
-111.62
-129.10
-144.98
-156.77
-164.00
-167.05
-165.67
-159.07
-146.80
-130.15
-112.80
-99.30
-92.90
-93.96
-100.06
-107.45
-112.21
-111.29
-102.45
-84.25
-56.59
-21.31
17.38
54.04
83.94
104.90
117.55
124.46
128.22
130.49
131.64
131.12
128.62
124.96
122.98
126.64
138.92
159.38
182.89
200.90
204.43
188.31
152.86
103.20
46.33
-11.45
-65.54
-112.72
-150.02
-174.34
-182.97
-175.13
-152.83
-120.43
-83.14
-45.26
-8.71
27.08
64.22
104.36
146.54
186.03
215.25
226.49
215.78
184.98
141.10
92.98
47.57
8.01
-25.26
-51.65
-68.67
-72.18
-59.07
-29.94
9.99
52.25
87.85
110.02
115.27
103.38
76.69
38.92
-4.69
-47.70
-83.22
-105.49
-111.28
-101.21
-79.68
-54.13
-32.80
-21.54
-21.53
-29.00
-37.13
-39.59
-34.07
-23.40
-13.96
-12.30
-21.83
-42.14
-70.07
-101.34
-131.92
-158.14
-175.89
-180.11
-166.06
-131.53
-79.69
-19.45
36.95
77.91
96.61
93.75
76.73
55.67
38.71
28.30
20.97
9.99
-10.19
-40.28
-75.06
-106.07
-126.18
-133.00
-129.24
-119.79
-108.04
-94.41
-77.57
-57.29
-36.52
-20.48
-13.10
-13.68
-16.19
-11.87
6.06
38.26
78.08
113.92
134.30
133.02
111.86
79.70
48.53
28.02
21.19
24.29
29.65
30.19
22.79
8.55
-9.23
-27.76
-46.03
-64.33
-82.16
-97.35
-106.15
-105.02
-92.63
-70.23
-40.80
-7.55
27.33
62.69
97.16
127.97
150.59
159.34
149.15
118.14
69.72
12.65
-41.31
-81.62
-102.29
-103.00
-88.26
-64.54
-37.22
-9.06
19.86
50.66
84.05
118.92
151.87
177.88
192.54
194.22
185.07
170.06
155.06
144.58
140.49
141.70
145.24
147.49
145.07
135.22
115.87
85.76
44.69
-6.05
-63.29
-121.62
-173.80
-212.07
-229.93
-223.88
-194.92
-148.07
-90.47
-28.61
33.00
91.18
142.07
179.59
196.26
186.06
148.35
89.66
22.79
-37.35
-78.13
-92.38
-79.55
-45.11
1.25
47.99
84.38
102.94
100.58
78.32
39.77
-10.32
-66.68
-122.74
-169.94
-198.50
-200.62
-173.88
-123.03
-58.76
6.14
61.53
102.33
128.44
142.19
145.77
140.24
126.27
105.83
83.13
64.42
55.41
58.97
73.99
96.34
121.12
144.94
166.64
186.20
202.67
213.01
212.83
199.29
173.82
142.43
112.78
89.73
72.81
56.66
34.86
4.71
-30.66
-63.64
-86.08
-93.09
-84.89
-65.70
-41.34
-17.16
2.75
14.85
15.61
1.79
-28.16
-72.47
-125.30
-176.99
-216.41
-233.25
-221.19
-180.01
-116.71
-44.41
20.81
64.77
80.18
68.83
40.16
6.02
-24.53
-48.28
-66.58
-81.08
-90.28
-88.91
-71.25
-35.61
12.39
61.12
98.25
116.75
118.17
110.73
104.33
104.58
110.22
114.86
111.48
96.67
72.04
43.29
16.58
-3.86
-16.83
-22.93
-22.91
-16.95
-4.98
12.28
32.76
53.05
69.53
79.82
83.46
82.19
78.97
75.77
73.59
72.65
73.08
75.85
83.25
97.61
119.31
144.86
166.59
176.49
169.94
148.13
117.17
85.21
58.19
38.07
22.97
8.23
-8.81
-27.27
-44.80
-60.82
-77.63
-98.43
-124.63
-153.74
-184.26
-211.12
-226.68
-225.64
-208.64
-180.69
-147.54
-113.78
-83.04
-67.99
-75.44
-100.26
-130.27
-154.22
-164.83
-159.42
-140.84
-116.45
-110.15
-135.20
-184.93
-242.67
-296.51
-342.42
-381.07
-414.89
-445.86
-493.88
-567.04
-653.21
-733.80
-800.34
-854.53
-901.97
-947.48
-871.79
-642.78
-341.56
-74.42
115.00
233.92
303.86
343.15
364.54
377.15
369.47
340.31
307.01
290.90
299.60
326.69
359.81
388.34
407.18
402.19
370.97
326.73
286.30
257.32
238.90
227.55
221.00
218.66
211.12
193.56
169.96
147.58
129.73
116.33
106.43
99.76
96.39
91.62
82.67
70.93
59.45
49.67
41.57
34.97
29.95
26.76
23.69
19.53
14.47
9.34
4.56
0.24
-3.50
-6.45
-8.51
-9.85
-10.95
-12.40
-14.65
-17.91
-21.92
-26.25
-30.50
-34.38
-37.96
-41.20
-43.96
-45.76
-45.93
-43.32
-37.14
-27.22
-14.27
0.16
13.89
25.09
32.77
37.17
39.79
42.82
47.98
55.47
63.54
69.39
70.27
64.78
53.54
39.24
25.63
16.40
14.07
19.14
29.67
41.76
50.73
52.15
43.48
24.80
-0.77
-27.89
-50.53
-63.78
-65.44
-57.12
-43.87
-31.97
-26.53
-28.96
-36.45
-43.18
-43.53
-34.78
-18.57
-0.22
13.44
17.08
8.55
-10.63
-36.35
-63.57
-88.16
-107.83
-121.71
-129.24
-128.74
-118.47
-97.26
-66.09
-28.45
10.49
46.33
77.91
103.87
125.45
143.98
158.43
164.54
156.89
131.97
91.15
41.21
-7.62
-45.16
-65.45
-68.85
-61.36
-51.26
-45.23
-45.57
-50.14
-54.76
-55.97
-53.63
-51.09
-52.67
-60.21
-71.09
-79.68
-80.51
-71.32
-54.27
-35.27
-21.09
-16.19
-21.29
-33.29
-46.51
-55.00
-53.94
-40.43
-14.32
21.42
61.28
98.69
127.71
144.76
148.80
140.52
121.01
90.64
49.85
0.81
-51.33
-98.67
-132.57
-146.88
-140.56
-117.86
-85.58
-49.47
-11.69
28.49
72.06
117.21
157.94
186.02
195.36
185.83
164.58
143.05
131.44
133.85
146.40
159.50
162.54
148.85
118.08
75.87
31.04
-7.79
-34.81
-48.31
-50.51
-46.59
-42.61
-43.80
-52.99
-69.59
-89.56
-107.02
-116.18
-113.43
-97.94
-71.71
-38.72
-3.43
29.78
57.33
76.75
87.13
89.07
84.22
74.36
61.18
46.23
30.87
16.40
4.37
-3.71
-7.02
-5.87
-1.61
3.90
8.81
12.00
13.07
12.63
12.21
14.24
21.28
34.69
53.04
71.66
84.26
85.72
75.00
56.05
36.55
24.11
22.78
31.09
42.88
50.61
48.78
36.12
15.72
-6.68
-25.39
-37.15
-42.16
-43.46
-44.60
-47.87
-52.97
-57.31
-57.74
-52.15
-40.73
-26.29
-13.72
-8.38
-14.19
-31.84
-58.11
-86.61
-109.70
-120.30
-113.84
-89.24
-48.84
1.94
55.01
101.14
132.05
143.06
134.44
111.06
79.73
46.13
13.36
-17.29
-44.13
-63.94
-72.72
-68.30
-52.08
-28.67
-3.62
19.39
38.97
55.02
66.96
73.29
72.52
64.86
52.44
37.71
21.28
1.37
-24.20
-55.12
-86.87
-111.88
-123.44
-119.10
-102.01
-78.87
-56.60
-38.96
-26.11
-15.86
-6.02
3.82
11.76
14.03
6.79
-11.95
-40.81
-75.16
-108.13
-132.42
-142.52
-136.14
-114.95
-84.14
-51.38
-24.45
-9.04
-6.88
-15.57
-30.35
-46.47
-61.00
-72.88
-81.78
-86.19
-82.63
-66.64
-35.72
8.03
57.43
102.29
133.00
143.74
134.41
110.04
78.75
48.99
26.90
14.88
11.79
14.64
20.40
27.17
34.00
39.84
42.81
40.68
32.29
18.78
3.87
-7.81
-13.03
-11.64
-6.23
-0.08
4.99
9.49
15.16
23.23
32.65
40.11
41.05
31.86
11.82
-16.16
-46.14
-71.59
-87.71
-92.97
-89.48
-81.97
-75.49
-72.88
-73.83
-75.32
-73.53
-66.38
-54.76
-41.46
-29.24
-18.89
-8.93
2.80
16.97
31.76
43.85
50.20
49.97
45.09
39.05
34.81
33.35
33.68
34.36
35.22
37.69
44.18
56.16
72.48
89.57
102.78
108.02
102.98
87.68
64.45
37.34
10.98
-10.65
-25.11
-31.81
-31.36
-25.28
-15.65
-4.89
4.48
10.01
9.29
0.85
-15.10
-36.21
-58.34
-76.81
-88.08
-90.98
-86.83
-78.37
-68.09
-57.42
-46.46
-34.65
-21.72
-8.53
2.73
9.35
9.47
3.42
-6.12
-14.66
-17.84
-13.48
-2.91
9.19
16.99
16.40
6.83
-8.76
-25.75
-40.57
-52.44
-62.86
-73.46
-83.49
-89.42
-86.27
-70.54
-42.35
-5.87
31.97
64.12
85.62
95.14
94.27
86.36
74.85
62.19
49.47
36.78
24.01
11.38
0.13
-7.99
-11.28
-8.72
-0.86
9.76
19.20
23.28
19.32
7.89
-6.85
-18.70
-22.31
-15.63
-0.77
17.02
32.23
40.98
41.90
35.63
24.33
11.27
0.70
-2.88
3.74
20.40
42.65
63.15
74.70
73.28
59.76
39.37
19.31
5.64
1.11
4.93
14.03
24.67
33.91
39.94
41.69
38.54
30.37
17.77
1.98
-15.01
-30.76
-43.03
-50.28
-51.91
-48.16
-39.61
-26.28
-7.98
15.14
41.45
67.74
89.88
104.27
109.13
104.81
93.06
75.32
51.62
20.34
-19.93
-67.77
-117.75
-161.14
-188.89
-195.08
-179.42
-147.29
-107.73
-70.02
-40.57
-20.88
-7.79
4.09
18.61
35.02
47.88
50.20
37.51
11.06
-22.20
-52.46
-71.10
-73.84
-61.72
-39.84
-15.02
6.57
20.95
27.07
26.38
21.94
17.14
14.80
16.67
23.41
34.31
46.99
57.42
60.87
53.97
36.91
13.62
-10.06
-29.70
-44.36
-56.53
-69.64
-85.03
-100.33
-110.93
-112.53
-103.54
-85.67
-62.47
-37.63
-13.78
7.61
25.27
37.84
44.06
43.64
37.50
28.23
19.98
17.24
23.20
38.24
59.33
80.91
96.87
102.74
96.74
79.53
53.21
20.63
-14.68
-48.15
-74.78
-90.28
-92.25
-81.10
-59.73
-31.84
-0.68
31.23
61.82
88.26
106.60
113.16
106.11
86.78
59.18
28.64
0.02
-23.31
-39.81
-49.87
-55.50
-59.46
-63.67
-67.64
-68.55
-62.86
-49.13
-30.15
-12.46
-3.21
-5.77
-16.82
-27.38
-26.86
-8.52
26.95
71.81
115.14
147.20
162.35
159.78
142.20
114.00
79.35
41.21
1.30
-38.56
-75.20
-103.67
-117.89
-113.01
-88.39
-49.55
-7.03
27.31
45.14
45.22
33.70
21.27
17.97
29.18
53.61
84.64
113.44
131.96
135.58
123.70
99.48
68.28
35.97
7.16
-16.00
-34.09
-49.34
-63.80
-78.13
-91.18
-101.09
-106.44
-106.98
-103.07
-94.50
-80.20
-58.98
-31.53
-1.60
24.64
41.09
44.75
37.04
22.71
7.09
-6.71
-18.87
-31.85
-47.78
-66.42
-84.45
-96.75
-98.86
-89.48
-70.86
-47.27
-22.35
2.51
28.40
56.75
86.63
113.29
129.56
129.32
110.68
77.26
36.95
-1.52
-32.18
-53.74
-69.10
-82.61
-97.35
-113.40
-127.85
-136.51
-135.86
-124.39
-102.53
-71.91
-34.03
9.50
55.45
98.20
130.16
143.88
135.22
105.73
62.30
14.80
-26.76
-54.87
-65.90
-60.58
-43.76
-23.04
-6.35
0.35
-4.87
-19.47
-38.11
-55.05
-66.15
-69.01
-62.95
-48.12
-25.59
2.36
32.28
60.48
84.23
102.09
113.71
118.92
117.18
108.21
93.41
76.94
64.24
59.63
63.77
73.02
80.79
81.04
71.27
53.78
34.71
20.90
17.03
23.40
35.76
47.20
50.68
41.73
19.66
-12.04
-47.45
-80.37
-106.43
-123.48
-131.06
-128.93
-116.54
-93.91
-62.85
-28.01
4.19
28.07
40.92
43.87
40.64
34.58
26.59
15.27
-1.39
-23.89
-50.01
-75.50
-95.97
-108.63
-112.69
-108.97
-99.15
-85.24
-69.69
-55.31
-44.78
-39.59
-39.07
-40.51
-40.74
-37.16
-29.31
-18.99
-9.39
-3.52
-2.60
-5.21
-8.06
-7.64
-2.29
6.38
14.09
15.87
8.47
-7.85
-28.90
-48.12
-59.13
-57.77
-43.85
-21.20
3.42
22.11
28.35
19.66
-1.24
-26.99
-48.41
-58.40
-54.92
-41.61
-25.73
-13.72
-8.14
-7.27
-7.54
-6.14
-2.88
-0.02
0.12
-2.90
-6.93
-8.52
-5.12
3.35
14.16
23.26
27.21
24.77
17.01
6.56
-3.98
-12.78
-18.85
-21.64
-20.44
-13.93
-0.79
19.05
43.21
67.20
86.34
97.51
99.58
92.45
75.95
49.78
14.74
-24.88
-60.41
-81.00
-78.49
-52.18
-9.84
35.70
72.64
94.89
102.90
100.84
93.47
82.73
67.96
48.03
23.32
-4.36
-33.39
-63.84
-96.82
-129.98
-158.25
-175.03
-175.18
-156.76
-121.83
-76.00
-26.93
17.89
56.96
92.10
125.94
159.09
189.96
215.61
232.98
240.10
237.89
235.59
244.68
273.25
321.56
383.21
448.81
510.28
562.85
575.88
531.06
431.70
302.27
170.16
50.74
-52.77
-141.81
-217.31
-278.64
-320.33
-339.09
-334.70
-311.54
-275.87
-232.83
-185.06
-134.84
-85.71
-42.91
-10.82
9.56
19.94
25.95
28.34
26.61
20.05
9.40
0.06
-0.71
11.65
36.07
64.73
85.71
88.89
69.96
32.44
-12.90
-53.08
-79.27
-90.43
-92.19
-92.46
-95.66
-101.59
-107.13
-109.12
-106.66
-102.04
-99.41
-101.66
-108.34
-115.19
-117.02
-110.60
-96.55
-78.26
-59.88
-44.36
-32.54
-23.66
-16.34
-9.87
-4.50
-1.47
-2.15
-7.98
-20.30
-40.33
-68.81
-105.15
-147.01
-189.73
-227.31
-254.03
-265.77
-261.30
-242.10
-211.98
-175.53
-137.12
-99.68
-64.11
-29.79
4.40
38.15
69.13
93.11
105.92
105.46
92.44
69.76
41.26
10.57
-19.04
-44.01
-59.79
-61.54
-46.53
-16.39
22.36
60.40
89.84
107.51
115.64
119.10
121.58
123.23
120.68
109.96
89.51
61.47
30.16
-0.29
-27.57
-51.65
-72.95
-90.55
-101.43
-101.92
-89.91
-66.41
-35.88
-4.85
20.29
35.78
41.72
41.37
39.89
41.88
49.00
58.29
63.44
57.87
38.82
9.47
-22.12
-46.65
-58.17
-56.42
-46.31
-34.71
-26.68
-23.53
-23.41
-23.46
-21.06
-15.00
-5.00
8.59
24.51
40.27
52.95
60.91
65.17
69.79
79.22
95.59
117.12
138.28
151.88
152.06
137.04
109.23
74.21
38.47
7.52
-15.38
-30.11
-38.91
-45.27
-52.04
-60.08
-67.53
-70.64
-65.84
-51.99
-31.22
-7.84
13.28
28.32
35.60
35.62
30.39
22.64
15.00
8.60
3.30
-1.92
-7.96
-14.72
-20.94
-25.11
-27.36
-29.88
-36.27
-49.18
-67.84
-87.49
-101.53
-105.09
-97.27
-81.07
-60.92
-39.94
-18.76
3.06
25.11
44.51
56.74
57.82
46.62
25.95
1.51
-20.16
-33.94
-37.44
-30.94
-16.96
1.13
20.23
38.24
53.93
66.47
75.09
78.91
77.76
72.57
64.71
55.09
43.47
28.07
6.38
-23.10
-59.51
-99.19
-136.71
-166.34
-183.90
-187.40
-177.27
-155.26
-123.62
-84.04
-37.24
16.01
73.38
129.26
175.34
202.50
204.27
179.88
135.39
81.77
30.75
-8.93
-33.77
-44.76
-45.29
-38.56
-26.43
-9.75
10.76
33.84
57.88
81.57
104.09
124.51
140.76
149.56
147.18
131.60
103.96
69.19
34.34
6.05
-11.84
-19.49
-20.23
-19.29
-21.48
-30.09
-45.97
-67.87
-92.66
-115.53
-131.04
-134.91
-126.28
-108.59
-89.16
-77.05
-79.72
-100.04
-134.68
-174.87
-208.77
-225.55
-218.66
-187.85
-139.03
-81.86
-26.48
19.65
52.88
73.28
83.48
87.71
91.15
98.94
114.46
136.87
159.90
173.20
167.37
139.36
95.59
50.47
20.89
19.00
46.61
94.71
147.32
187.16
201.32
184.41
139.13
74.57
4.01
-58.54
-101.73
-119.67
-113.52
-91.16
-64.65
-46.35
-44.29
-59.34
-84.85
-109.27
-120.70
-112.00
-83.72
-43.00
-0.93
33.58
57.27
73.38
89.05
111.02
141.50
176.89
210.20
232.22
238.10
228.03
206.00
177.00
144.47
109.14
70.29
29.30
-13.66
-55.63
-93.71
-126.18
-152.74
-173.21
-186.17
-188.88
-176.45
-149.39
-109.19
-59.70
-5.50
49.80
104.69
158.41
197.27
230.86
250.76
250.61
227.01
181.62
121.10
55.10
-6.64
-56.75
-89.99
-108.63
-115.20
-112.57
-102.95
-87.80
-68.60
-47.36
-26.71
-8.01
4.78
10.29
8.79
2.35
-5.47
-10.44
-9.54
-2.66
7.98
16.14
16.76
7.34
-10.35
-31.44
-50.51
-64.66
-74.79
-83.71
-94.38
-106.17
-114.95
-115.28
-104.26
-83.73
-59.48
-37.95
-22.55
-12.34
-3.44
7.26
18.77
25.84
22.00
4.09
-24.98
-57.07
-82.70
-95.52
-94.71
-84.32
-70.26
-56.91
-45.81
-36.38
-27.57
-19.16
-12.33
-8.48
-7.86
-8.51
-6.80
0.39
13.27
28.42
40.35
44.35
39.12
27.90
16.77
11.43
14.10
22.57
31.21
34.11
28.48
16.01
1.62
-9.69
-15.84
-18.91
-23.33
-32.68
-46.83
-61.25
-69.32
-66.27
-52.63
-34.12
-18.90
-12.71
-16.18
-24.76
-31.80
-32.25
-24.89
-12.20
1.68
12.97
19.38
20.01
14.76
4.01
-11.04
-27.45
-40.43
-44.50
-35.62
-13.73
16.17
45.71
66.80
75.20
72.21
63.40
54.97
50.22
48.05
44.08
33.47
14.01
-12.16
-39.00
-59.02
-65.96
-56.94
-33.33
0.25
37.70
73.20
102.18
121.37
128.85
124.47
109.88
88.27
63.41
38.28
14.03
-9.43
-31.82
-50.89
-62.00
-59.60
-40.63
-7.21
33.22
70.50
95.88
105.14
99.15
82.35
59.78
35.24
10.85
-11.85
-30.75
-42.81
-45.29
-37.66
-22.59
-5.47
8.39
16.39
19.51
21.21
24.90
31.77
39.99
46.05
46.13
38.12
22.45
1.62
-21.36
-44.10
-65.52
-86.07
-106.86
-128.61
-149.97
-167.46
-176.87
-175.46
-163.73
-145.32
-124.99
-105.53
-86.73
-66.38
-43.07
-18.53
2.80
16.49
21.37
20.87
21.22
27.87
42.27
61.32
79.41
92.25
98.94
101.78
104.12
108.25
113.88
118.39
118.62
112.56
100.27
83.49
64.71
45.35
25.10
2.49
-23.20
-50.36
-75.12
-93.00
-101.34
-100.45
-92.73
-80.52
-64.03
-41.72
-12.87
19.97
50.88
72.99
82.04
78.73
67.86
55.45
45.08
36.97
29.14
20.31
11.16
3.35
-2.23
-6.79
-12.78
-22.21
-34.73
-47.46
-56.68
-60.38
-59.93
-59.44
-63.92
-76.42
-95.81
-116.71
-131.91
-135.67
-126.12
-105.71
-79.78
-54.49
-34.54
-22.10
-16.53
-15.13
-14.18
-9.95
0.59
19.01
44.08
71.58
95.38
109.72
111.63
102.31
86.46
69.68
55.59
44.46
33.80
20.54
3.11
-17.66
-39.10
-57.80
-70.44
-74.13
-67.26
-50.79
-29.37
-10.94
-3.73
-11.83
-32.11
-55.36
-71.00
-73.06
-63.25
-49.44
-40.54
-40.53
-46.59
-51.29
-47.38
-31.39
-4.48
29.65
67.43
106.72
145.91
182.29
211.11
226.97
225.98
207.61
175.10
134.45
92.25
53.69
21.41
-4.62
-26.28
-45.58
-63.30
-78.47
-89.01
-93.50
-92.58
-89.18
-87.22
-89.63
-96.44
-104.41
-108.64
-105.27
-93.88
-77.64
-61.17
-47.45
-35.94
-23.01
-4.80
19.54
46.36
69.20
82.39
84.37
78.50
70.96
66.92
67.36
68.44
64.19
50.75
29.46
6.56
-9.58
-12.62
-1.12
21.25
47.78
71.33
86.49
90.79
84.30
68.93
47.31
22.03
-4.70
-31.07
-55.39
-76.04
-91.92
-102.74
-109.14
-112.47
-114.50
-117.12
-121.75
-128.78
-137.21
-144.99
-149.52
-148.51
-140.66
-125.61
-103.56
-74.98
-40.28
-0.62
41.15
80.13
110.65
127.95
129.93
117.96
95.69
67.81
38.85
13.15
-4.91
-11.28
-3.82
16.17
43.27
69.10
85.24
86.31
71.98
46.88
18.81
-4.86
-19.88
-26.67
-29.40
-33.07
-40.53
-50.40
-58.24
-59.23
-51.11
-35.00
-14.23
7.96
30.28
53.01
76.22
98.22
115.50
124.46
123.99
116.51
106.72
99.16
95.22
92.32
85.08
68.02
38.55
-1.33
-45.88
-87.97
-121.46
-143.18
-153.21
-153.68
-147.17
-135.49
-119.03
-97.04
-68.80
-34.91
1.79
36.46
63.52
78.57
80.34
71.75
58.93
48.97
47.04
54.62
69.90
89.09
108.19
123.65
132.32
131.08
117.56
91.81
57.52
21.87
-6.62
-21.10
-19.22
-4.22
16.35
33.87
42.31
40.15
30.52
18.71
9.15
3.02
-1.79
-9.10
-22.10
-41.47
-65.29
-89.81
-111.36
-127.67
-138.31
-144.20
-146.65
-146.58
-143.88
-138.03
-128.59
-116.07
-102.41
-90.32
-81.96
-77.61
-75.36
-72.19
-66.02
-57.22
-47.91
-40.15
-33.56
-24.69
-8.39
18.87
56.39
98.95
138.43
167.06
179.98
176.12
157.51
127.72
90.26
47.95
4.08
-36.52
-67.17
-80.71
-72.22
-42.13
2.90
51.93
93.76
120.92
131.33
127.18
112.37
89.86
61.24
27.89
-7.23
-39.46
-64.05
-78.26
-82.57
-79.89
-73.79
-66.60
-59.06
-51.20
-42.71
-33.60
-24.08
-14.70
-6.40
-1.02
-0.72
-6.91
-18.99
-33.81
-46.39
-51.77
-47.06
-32.29
-10.00
16.34
43.64
69.42
91.79
108.54
117.32
116.70
107.48
92.83
77.23
64.61
56.43
51.26
45.89
37.69
26.41
14.14
3.60
-3.92
-9.82
-17.33
-28.88
-43.75
-57.84
-65.85
-64.29
-53.45
-37.27
-21.20
-9.57
-3.78
-2.23
-1.88
-0.42
2.74
6.72
10.49
13.46
15.62
16.70
15.82
11.57
3.17
-8.59
-21.03
-30.21
-32.54
-26.33
-12.49
5.90
24.90
40.89
50.85
52.36
43.83
25.39
0.05
-26.27
-46.24
-53.90
-47.30
-29.72
-8.83
6.51
10.04
0.40
-18.85
-41.41
-60.95
-73.87
-79.97
-81.71
-82.12
-82.86
-82.93
-79.32
-68.89
-50.30
-25.03
3.01
29.04
49.25
61.84
66.79
64.59
55.66
40.17
18.48
-7.95
-36.49
-63.91
-87.39
-104.36
-112.36
-109.15
-93.58
-66.81
-33.01
1.04
27.95
42.55
43.90
35.91
26.32
23.82
34.86
61.15
98.74
138.97
170.80
184.28
173.66
140.06
91.31
39.05
-5.33
-34.69
-47.10
-44.60
-30.90
-10.04
13.80
35.80
50.34
52.50
40.24
16.31
-11.94
-35.35
-46.83
-44.46
-31.84
-15.68
-1.81
7.82
15.43
25.33
40.54
59.87
77.33
84.71
75.58
49.27
11.98
-25.20
-50.75
-57.71
-46.14
-22.23
5.54
30.46
50.25
66.65
82.90
100.76
118.81
133.01
138.30
131.47
112.69
85.05
52.67
18.66
-15.33
-48.74
-80.57
-107.98
-126.63
-132.02
-121.85
-97.61
-65.05
-32.00
-5.54
10.68
17.06
16.03
9.93
-0.39
-15.05
-33.58
-53.45
-70.11
-78.63
-76.16
-64.19
-48.23
-35.68
-32.27
-39.42
-52.93
-64.50
-65.33
-50.15
-19.78
19.46
58.51
89.61
109.56
120.16
126.02
130.70
134.32
133.35
123.38
102.19
71.62
36.76
2.74
-27.85
-55.88
-83.96
-113.42
-142.06
-164.34
-173.62
-165.50
-140.41
-103.38
-61.57
-21.54
12.39
38.27
55.51
64.15
64.97
59.83
51.89
44.73
41.03
41.51
44.73
47.83
47.42
40.94
27.68
9.46
-9.51
-23.88
-29.07
-23.87
-11.65
1.13
8.20
7.46
2.48
0.40
7.49
24.65
46.20
62.54
65.29
50.72
20.99
-17.94
-59.52
-98.85
-132.62
-158.07
-172.19
-172.40
-157.95
-130.79
-95.36
-57.58
-23.16
3.73
20.67
27.10
24.48
16.13
6.66
0.65
0.59
5.71
12.41
16.30
13.97
4.19
-11.85
-31.44
-50.98
-66.73
-75.43
-76.12
-71.21
-66.15
-66.93
-77.27
-96.45
-119.43
-139.23
-150.07
-149.64
-139.05
-120.90
-97.44
-70.06
-39.41
-6.26
28.34
63.08
96.29
126.03
150.31
167.15
174.95
173.04
162.02
143.49
120.08
95.32
73.21
57.40
49.97
50.54
56.22
62.77
66.49
65.93
62.19
57.81
54.76
53.51
53.33
53.21
52.59
51.55
50.56
49.79
48.76
45.85
38.99
26.96
10.09
-9.23
-26.92
-38.77
-42.26
-37.36
-27.01
-16.40
-11.27
-15.79
-31.14
-55.35
-84.25
-113.01
-137.31
-153.96
-160.88
-157.64
-145.84
-129.15
-112.17
-98.70
-90.53
-86.93
-85.32
-82.64
-76.82
-67.13
-53.67
-36.82
-17.19
4.09
25.21
43.82
58.41
69.77
81.35
98.00
123.58
158.57
199.40
239.93
273.90
296.53
305.18
298.79
277.19
240.95
192.29
135.67
77.75
25.24
-17.58
-50.69
-77.92
-104.23
-132.46
-161.24
-185.31
-198.01
-194.55
-174.28
-141.55
-104.25
-71.20
-49.63
-43.41
-52.58
-73.99
-102.14
-130.09
-150.88
-159.10
-152.31
-131.44
-100.38
-64.61
-29.65
0.28
22.91
38.42
48.80
56.89
64.79
72.83
79.01
79.76
71.64
53.62
28.18
0.53
-23.98
-42.21
-54.22
-62.09
-67.39
-69.30
-64.86
-50.82
-25.69
8.75
47.82
85.58
116.75
137.87
148.06
148.81
143.23
134.58
124.44
111.78
93.30
66.01
30.24
-8.46
-40.65
-57.11
-53.75
-34.22
-8.48
11.95
19.49
13.50
-0.45
-13.98
-19.82
-14.49
0.76
21.34
41.42
55.79
61.04
55.85
41.14
19.71
-4.48
-27.02
-43.74
-51.51
-49.18
-37.92
-21.27
-4.53
6.38
6.84
-4.92
-27.07
-54.54
-80.29
-97.22
-100.11
-87.30
-61.58
-29.26
1.51
23.44
31.94
26.51
10.98
-7.89
-22.26
-25.82
-15.55
7.01
36.48
65.37
86.98
97.31
95.72
84.37
66.60
45.47
23.02
0.55
-20.87
-40.03
-55.24
-64.87
-67.75
-64.04
-55.23
-44.20
-34.78
-30.74
-34.55
-46.40
-64.11
-83.64
-100.47
-110.94
-113.20
-107.64
-96.27
-81.78
-66.51
-51.93
-38.38
-25.61
-12.99
0.06
14.04
29.68
47.90
69.10
92.38
115.15
133.28
142.62
140.95
129.01
110.40
89.52
69.53
51.04
32.50
12.18
-9.63
-29.81
-44.17
-49.66
-45.97
-35.57
-22.05
-8.32
4.72
17.80
31.68
45.50
56.30
60.47
56.11
44.90
31.70
22.40
20.39
24.04
27.34
23.58
9.44
-12.25
-33.22
-44.36
-41.31
-27.36
-11.84
-4.45
-9.79
-25.34
-43.84
-58.22
-65.99
-69.79
-74.29
-82.08
-91.24
-96.37
-92.10
-76.41
-51.56
-22.62
4.92
27.51
44.18
55.98
64.45
70.53
74.29
74.63
69.96
59.63
45.03
29.51
17.53
12.58
15.40
23.83
34.46
44.93
55.36
67.30
81.45
96.11
107.50
112.19
109.75
103.23
96.54
91.54
86.43
76.85
59.49
35.35
9.69
-10.87
-22.09
-24.67
-23.69
-25.73
-35.21
-52.48
-74.21
-95.67
-113.76
-128.50
-142.17
-157.12
-173.41
-188.03
-195.79
-192.21
-176.59
-153.59
-131.33
-117.46
-115.01
-120.54
-125.68
-121.33
-102.22
-69.22
-28.05
14.02
51.63
82.92
108.73
130.01
146.47
156.76
160.14
157.90
153.19
148.58
143.91
135.70
119.15
91.88
56.74
21.20
-6.15
-20.53
-23.43
-20.79
-18.69
-19.58
-20.92
-17.89
-7.64
8.02
23.48
32.16
29.93
16.90
-3.40
-25.95
-46.35
-61.41
-68.93
-67.79
-58.54
-43.76
-27.75
-15.41
-10.48
-14.18
-25.02
-39.52
-53.61
-63.47
-66.38
-61.03
-47.37
-26.50
-0.70
26.99
52.72
72.21
81.97
80.75
70.56
56.50
44.46
37.77
35.35
32.60
24.56
9.78
-8.10
-22.00
-25.69
-17.73
-2.45
12.91
22.37
24.05
20.21
14.67
9.63
4.53
-2.80
-13.80
-27.76
-42.11
-54.01
-61.77
-65.32
-65.55
-63.21
-58.61
-51.62
-42.15
-30.27
-15.70
2.36
24.76
51.30
79.84
105.80
123.52
128.14
117.38
92.09
55.31
11.15
-36.23
-82.80
-124.95
-159.21
-182.22
-191.05
-183.73
-160.03
-122.46
-76.79
-31.19
6.30
30.68
41.70
43.00
39.91
36.60
34.56
32.93
29.80
23.89
15.17
4.98
-4.66
-10.89
-10.80
-1.67
18.01
47.43
82.67
116.96
142.71
153.50
146.24
121.67
84.24
41.04
-0.01
-32.74
-55.02
-69.10
-79.91
-91.86
-106.17
-119.92
-127.54
-123.86
-106.54
-76.76
-38.24
4.41
46.90
85.52
116.34
134.98
137.42
122.45
93.08
56.44
21.74
-3.03
-13.75
-11.25
-0.53
11.62
19.91
23.32
25.26
31.38
45.98
68.78
93.91
112.17
115.67
101.86
74.66
41.90
11.56
-11.72
-27.25
-36.67
-41.41
-41.02
-33.81
-18.43
4.36
31.11
56.18
73.17
77.01
65.72
41.64
10.88
-18.19
-37.68
-42.67
-32.86
-12.86
9.63
26.34
30.91
20.83
-2.33
-33.18
-64.53
-89.91
-105.85
-112.22
-111.31
-105.81
-97.63
-87.47
-75.51
-62.28
-48.17
-32.67
-13.97
10.14
40.27
74.23
107.08
133.53
150.24
157.27
156.77
150.75
138.60
117.08
82.68
34.56
-23.20
-82.32
-132.86
-166.92
-181.53
-179.19
-165.84
-147.23
-126.32
-103.06
-76.57
-47.63
-20.14
0.33
9.69
7.62
-2.52
-16.10
-29.79
-42.65
-55.06
-66.36
-73.80
-73.14
-61.26
-37.90
-5.34
33.22
75.17
118.29
159.51
193.27
212.62
211.34
187.03
142.42
84.19
21.27
-37.69
-85.25
-116.25
-127.77
-119.59
-94.51
-58.26
-18.14
19.17
49.64
72.82
90.94
107.10
123.22
138.84
151.22
156.52
151.36
133.81
103.58
61.96
11.59
-43.64
-98.62
-147.08
-182.40
-198.80
-193.32
-167.00
-124.82
-74.51
-24.15
19.75
53.30
74.53
82.32
76.11
56.34
25.64
-10.76
-45.78
-72.58
-86.72
-87.59
-78.02
-62.57
-45.23
-28.29
-12.84
0.17
9.71
15.19
17.59
20.23
27.92
44.31
69.28
98.00
122.50
135.13
132.08
114.93
89.69
63.25
39.98
19.92
-0.02
-23.42
-51.56
-81.76
-108.65
-126.80
-133.56
-130.25
-121.19
-111.20
-102.88
-95.82
-87.39
-74.75
-56.79
-35.21
-13.84
2.90
11.89
12.78
7.85
0.60
-6.23
-11.89
-17.14
-22.12
-24.89
-21.67
-9.22
11.94
36.27
55.27
61.66
53.45
34.98
14.64
0.62
-2.62
4.01
15.62
25.75
28.67
21.47
5.13
-15.35
-32.65
-39.84
-33.44
-15.06
9.30
31.95
46.46
49.49
40.34
20.04
-9.10
-43.17
-76.49
-102.30
-114.61
-110.62
-91.50
-61.25
-24.54
14.58
52.88
87.64
115.36
132.24
135.27
123.84
100.52
70.02
37.31
6.05
-21.94
-46.05
-65.20
-77.02
-78.47
-67.82
-46.17
-18.01
10.24
32.87
47.15
53.82
56.00
56.50
55.82
51.83
41.60
23.66
-0.99
-29.33
-57.42
-81.75
-99.75
-109.29
-108.90
-98.52
-80.79
-61.17
-45.89
-38.74
-39.05
-41.93
-40.91
-31.97
-15.57
3.79
20.25
29.42
30.23
24.86
17.36
11.59
9.97
12.95
19.73
28.72
38.45
48.11
57.50
66.25
72.86
74.47
67.73
50.88
25.49
-3.40
-29.14
-46.46
-53.28
-50.85
-42.33
-31.54
-21.99
-16.76
-18.02
-26.00
-38.33
-50.37
-56.47
-51.95
-35.30
-8.58
23.85
57.48
89.23
117.30
140.42
156.42
162.00
153.72
129.86
91.49
42.56
-11.08
-62.98
-107.53
-140.97
-161.77
-169.83
-165.51
-149.18
-121.48
-83.78
-38.65
10.59
60.24
106.23
143.92
168.48
175.96
165.11
139.03
105.11
73.05
51.65
45.89
55.46
75.21
97.23
113.36
117.96
109.86
92.70
73.57
59.97
55.67
58.46
60.83
53.78
31.27
-6.43
-52.54
-96.58
-128.58
-142.52
-137.80
-118.59
-92.09
-65.78
-44.59
-29.31
-16.95
-2.48
18.17
45.78
77.33
107.60
131.46
146.09
151.78
151.39
148.77
146.99
146.92
146.47
141.37
127.05
101.65
67.58
30.83
-1.70
-25.87
-42.72
-57.79
-77.53
-105.57
-141.06
-179.84
-217.09
-249.92
-277.92
-301.63
-320.37
-331.31
-330.42
-314.63
-283.69
-240.42
-189.19
-134.50
-80.72
-32.59
4.62
26.03
29.50
17.31
-3.89
-25.31
-38.84
-39.60
-26.95
-4.05
23.20
47.92
63.68
65.89
53.57
30.26
3.47
-17.79
-26.09
-18.37
3.61
34.59
68.02
97.37
116.73
121.50
109.44
82.19
45.78
9.88
-15.31
-22.57
-10.45
15.81
46.25
70.16
80.49
76.18
61.98
45.49
32.74
25.23
19.50
10.11
-6.12
-27.77
-49.45
-65.11
-71.91
-71.74
-69.47
-69.64
-74.21
-82.49
-92.90
-104.99
-119.15
-134.70
-148.42
-154.68
-147.96
-125.66
-89.68
-45.40
1.23
45.91
86.51
121.99
151.22
172.49
184.33
186.79
182.00
173.43
164.40
156.46
148.71
138.47
122.83
100.37
72.42
43.33
19.61
7.87
11.95
30.77
57.83
82.54
93.84
84.64
54.31
8.63
-43.08
-92.08
-133.58
-167.75
-197.78
-226.41
-253.22
-273.96
-282.30
-273.37
-246.19
-204.29
-153.93
-101.26
-50.14
-1.87
42.80
81.53
109.77
122.29
116.06
92.15
55.87
14.28
-26.61
-63.24
-93.67
-115.98
-127.17
-123.56
-103.40
-68.64
-25.01
20.38
62.13
98.33
129.97
158.56
183.39
200.38
203.71
189.01
156.60
112.43
66.15
26.94
-0.54
-17.20
-27.67
-36.37
-44.49
-50.03
-49.92
-42.63
-29.00
-11.53
7.60
27.15
46.37
63.31
74.14
75.02
64.60
45.98
25.79
11.15
5.93
9.10
15.75
20.32
19.90
15.44
11.13
12.49
24.31
48.79
84.53
126.34
166.17
195.56
207.85
200.10
173.39
131.38
78.40
18.34
-44.74
-105.16
-154.80
-184.52
-187.21
-161.26
-111.92
-49.83
12.40
64.21
99.34
115.75
113.81
95.14
62.54
20.56
-24.43
-65.56
-97.24
-117.03
-125.26
-123.60
-113.60
-96.33
-73.34
-47.69
-24.10
-7.24
0.33
-0.26
-4.54
-7.17
-5.05
0.92
6.02
4.11
-8.76
-31.97
-59.60
-82.11
-90.38
-79.51
-50.92
-11.76
28.14
59.95
78.68
83.71
77.77
65.43
52.02
42.26
39.07
42.48
49.21
53.61
50.19
36.30
13.36
-13.58
-38.04
-54.64
-60.76
-56.80
-45.76
-32.15
-20.72
-14.99
-16.19
-23.02
-32.53
-41.89
-50.06
-57.77
-66.23
-75.87
-85.64
-93.43
-97.46
-97.48
-94.98
-92.24
-90.83
-90.36
-88.10
-80.16
-63.36
-37.27
-4.96
27.99
55.94
75.55
87.19
93.68
97.61
99.04
95.09
82.10
58.83
28.85
-0.36
-20.36
-25.52
-15.58
4.46
26.95
45.25
56.14
60.29
60.61
59.77
58.24
54.13
44.61
27.76
3.97
-23.56
-49.87
-69.77
-79.23
-76.54
-62.49
-39.73
-12.15
16.12
41.10
59.79
70.95
75.79
78.07
82.52
92.49
107.23
121.44
127.84
121.30
102.13
75.95
50.52
31.10
18.21
8.42
-2.28
-15.68
-30.51
-44.09
-54.37
-61.15
-65.17
-66.89
-66.50
-64.62
-63.06
-64.12
-68.98
-76.32
-82.54
-83.67
-77.39
-63.74
-44.25
-20.47
6.40
35.14
63.92
89.75
108.83
117.72
113.92
96.56
66.85
28.60
-11.75
-45.89
-65.93
-67.38
-51.36
-24.58
3.45
24.12
32.81
29.90
19.82
8.34
-0.13
-3.75
-3.23
-0.68
2.18
5.30
10.18
18.29
29.39
40.82
48.02
47.01
36.97
20.56
2.25
-14.15
-27.27
-38.11
-48.00
-56.17
-59.40
-54.15
-40.01
-21.44
-6.42
-2.34
-11.46
-28.74
-43.58
-44.50
-23.99
18.03
74.17
132.41
180.08
207.58
210.33
189.00
148.24
94.61
35.03
-23.60
-75.02
-114.08
-137.41
-144.60
-138.42
-123.75
-105.34
-86.08
-66.48
-46.02
-24.96
-5.22
10.30
19.35
21.72
18.77
12.41
3.93
-5.86
-15.90
-24.09
-27.87
-26.05
-20.15
-13.86
-10.58
-10.76
-11.41
-7.93
2.63
19.08
35.99
45.82
42.22
23.18
-7.85
-43.09
-72.65
-88.01
-84.74
-64.01
-31.84
3.19
33.40
54.42
65.76
69.80
69.23
65.21
57.18
44.28
26.73
6.56
-12.82
-28.41
-39.39
-47.48
-56.19
-68.17
-83.02
-96.58
-102.74
-96.58
-76.97
-47.25
-13.98
15.82
36.90
46.76
45.38
34.14
15.55
-6.45
-26.03
-36.99
-35.29
-21.43
-0.50
19.89
33.46
38.07
36.19
32.76
31.96
35.04
40.52
45.33
46.32
41.38
29.58
11.30
-11.14
-32.61
-45.54
-42.91
-21.93
13.34
52.49
82.69
93.82
82.40
52.00
10.63
-33.45
-74.64
-109.80
-136.19
-149.86
-146.06
-121.52
-77.23
-19.68
40.69
92.73
128.23
143.27
137.81
114.24
76.08
27.60
-25.65
-76.85
-118.67
-145.24
-154.00
-145.97
-124.97
-95.73
-62.38
-27.91
5.45
35.69
60.73
78.41
87.21
87.30
81.42
74.67
72.76
79.17
93.01
108.83
119.22
118.44
105.35
83.97
61.51
44.82
37.47
38.53
43.32
45.42
38.98
20.78
-8.70
-45.54
-83.48
-115.77
-137.00
-144.21
-137.05
-116.84
-85.98
-47.98
-8.29
26.08
48.39
54.33
43.81
21.22
-5.91
-29.40
-42.74
-42.50
-29.46
-8.35
13.31
28.34
32.92
28.26
19.37
11.25
5.41
-0.88
-12.28
-31.09
-54.51
-75.33
-86.09
-83.39
-69.57
-50.77
-33.10
-19.78
-10.41
-2.56
5.80
15.24
25.21
34.59
41.75
44.71
41.51
31.04
14.14
-5.37
-22.00
-30.92
-30.25
-21.66
-9.24
2.57
11.18
16.15
18.56
19.39
19.03
17.69
16.09
15.66
17.88
23.52
31.95
40.97
47.53
48.76
43.40
32.75
20.84
13.79
17.85
36.43
67.48
103.24
132.44
144.82
135.19
105.48
63.22
17.33
-25.92
-64.12
-96.99
-123.75
-141.90
-147.95
-139.72
-118.42
-89.13
-58.94
-34.35
-19.20
-14.65
-19.88
-33.15
-51.84
-71.71
-86.75
-90.48
-78.80
-52.50
-17.73
16.30
41.23
53.09
53.34
47.19
40.74
38.11
39.85
43.67
46.12
43.87
34.55
17.17
-7.50
-37.02
-66.96
-91.56
-104.76
-101.85
-81.29
-45.70
-1.85
40.48
71.46
84.71
80.00
63.89
47.40
40.94
49.18
68.94
90.38
101.33
92.26
60.03
8.58
-52.76
-112.40
-159.06
-183.82
-181.59
-151.76
-98.48
-30.74
39.04
97.94
135.89
148.63
138.76
114.25
85.67
62.36
49.30
45.96
47.03
45.29
34.71
12.99
-17.83
-51.83
-80.99
-97.71
-96.88
-77.33
-42.27
1.38
45.15
81.30
104.28
111.49
103.38
83.44
57.27
31.15
10.52
-1.86
-6.09
-4.48
-0.01
4.71
8.34
10.86
13.34
17.49
24.71
35.13
46.55
54.54
53.82
41.33
18.76
-7.07
-26.83
-33.67
-26.83
-11.95
2.05
7.83
2.87
-10.28
-26.63
-41.62
-52.44
-57.37
-55.24
-45.61
-29.89
-12.88
-2.27
-5.91
-27.66
-64.74
-107.59
-143.24
-160.33
-153.05
-122.46
-75.29
-20.81
31.95
75.92
106.66
122.17
122.98
112.05
93.57
71.58
48.83
26.32
4.17
-16.93
-34.76
-45.66
-45.86
-33.86
-11.94
13.86
35.88
47.79
46.87
34.17
13.07
-12.54
-39.46
-64.62
-83.95
-92.61
-86.72
-65.85
-34.84
-3.37
17.79
21.54
8.59
-12.85
-30.96
-36.18
-25.55
-3.32
21.60
39.88
45.03
35.40
13.56
-14.82
-42.37
-61.68
-66.89
-55.39
-28.87
6.35
41.16
66.82
78.75
78.48
72.75
70.08
76.31
91.78
110.82
124.67
125.17
108.00
73.97
28.28
-21.47
-67.48
-103.46
-125.80
-133.63
-128.60
-114.33
-95.04
-74.04
-52.99
-32.64
-13.72
2.30
13.52
18.36
16.60
9.41
-1.35
-13.59
-25.17
-33.79
-37.26
-34.56
-27.15
-19.37
-17.00
-24.44
-41.62
-63.09
-80.02
-84.77
-74.66
-52.76
-25.15
2.69
28.02
50.79
71.19
87.18
94.16
87.06
63.19
24.36
-23.02
-70.26
-109.79
-137.98
-155.76
-166.69
-174.15
-178.96
-178.76
-169.42
-147.72
-113.31
-69.08
-19.79
29.96
76.66
117.92
151.26
173.47
180.80
170.60
143.02
101.65
52.66
3.28
-39.51
-69.67
-82.66
-75.90
-49.52
-7.06
44.52
96.39
140.11
169.80
183.26
181.71
168.53
147.83
123.43
98.78
77.13
61.19
52.69
51.42
54.82
58.65
58.32
51.36
38.82
25.25
16.70
17.69
28.82
46.02
62.48
71.91
71.38
61.86
46.64
28.67
9.17
-11.95
-34.47
-56.62
-75.43
-88.67
-96.58
-101.67
-106.86
-113.36
-119.53
-121.77
-116.69
-103.50
-84.70
-64.68
-47.73
-36.14
-30.01
-27.35
-25.33
-20.93
-11.82
3.03
22.79
44.43
63.19
73.94
73.19
60.44
38.38
11.75
-14.12
-34.82
-47.50
-50.61
-43.39
-25.77
1.04
34.24
69.56
101.92
126.52
139.68
139.27
124.61
96.69
59.13
18.40
-17.13
-40.09
-47.33
-41.98
-32.19
-27.48
-33.67
-50.36
-71.51
-89.43
-99.39
-102.21
-103.34
-108.73
-120.89
-137.11
-151.31
-158.26
-156.66
-149.66
-142.30
-138.17
-137.32
-136.52
-131.57
-119.66
-100.47
-75.92
-49.50
-25.11
-6.14
5.08
7.92
3.81
-3.90
-10.63
-11.73
-3.96
14.03
41.60
76.82
116.46
156.12
190.22
212.43
217.50
203.56
173.71
135.67
99.33
73.16
61.01
61.05
67.18
72.72
74.28
73.27
74.34
81.71
95.91
113.32
128.63
138.49
143.00
144.91
146.33
145.92
138.87
119.12
82.99
31.50
-29.86
-93.21
-150.77
-196.39
-225.99
-237.50
-231.17
-209.88
-179.14
-145.41
-113.50
-84.87
-58.11
-30.82
-2.15
25.81
48.84
62.95
66.88
63.10
56.85
53.82
57.56
68.30
83.08
97.70
108.50
113.81
114.07
110.76
105.24
98.07
88.75
76.03
59.21
38.94
17.06
-4.34
-23.76
-40.87
-56.76
-73.25
-91.60
-110.84
-127.48
-136.62
-134.55
-121.92
-105.22
-94.85
-99.99
-123.38
-158.45
-191.49
-207.77
-198.35
-164.41
-116.26
-67.75
-29.52
-5.39
6.64
10.37
7.77
-1.57
-18.43
-40.60
-61.75
-73.48
-69.84
-50.71
-22.03
7.40
30.20
43.59
49.24
50.45
48.56
41.70
26.65
2.23
-28.46
-57.88
-77.18
-80.72
-69.34
-50.37
-33.52
-25.84
-28.22
-35.05
-37.50
-28.80
-8.66
16.37
36.23
42.69
33.93
15.85
-1.01
-6.61
3.44
25.93
52.19
73.00
83.41
84.92
83.73
86.15
94.06
103.09
105.11
93.06
65.25
26.88
-12.06
-40.96
-52.58
-44.97
-21.00
13.96
53.75
92.72
126.04
150.28
163.37
165.03
156.85
140.83
118.20
88.66
50.91
4.60
-47.71
-99.74
-142.53
-167.24
-168.35
-146.30
-107.60
-62.46
-21.01
10.31
30.10
40.71
45.65
47.69
48.37
48.34
48.14
48.29
48.34
46.60
41.23
31.84
20.78
12.99
13.58
24.65
43.58
63.81
78.10
81.81
74.49
58.83
38.43
15.52
-9.65
-37.84
-68.92
-100.93
-129.79
-150.54
-159.00
-152.99
-133.16
-102.70
-66.68
-30.64
1.15
26.83
46.88
63.07
76.58
86.92
92.29
90.67
81.11
64.40
42.69
18.73
-4.76
-25.12
-40.13
-47.91
-47.33
-38.60
-23.71
-6.34
9.03
18.33
19.32
12.29
0.74
-9.50
-12.19
-3.90
13.22
31.32
40.18
32.67
9.48
-19.73
-40.02
-38.66
-11.72
33.48
81.42
115.26
123.71
104.87
65.39
15.92
-33.85
-77.72
-112.91
-137.82
-150.20
-147.06
-126.89
-92.26
-50.93
-14.03
8.35
11.67
-0.34
-17.19
-26.42
-19.55
4.10
37.39
68.97
88.75
91.85
79.80
59.15
37.98
22.48
14.57
11.49
7.30
-4.18
-26.21
-57.07
-90.49
-118.63
-136.08
-142.33
-141.05
-137.06
-132.16
-123.38
-104.73
-71.69
-25.24
27.48
76.17
112.79
134.92
146.16
152.61
158.11
161.42
157.09
139.51
106.99
64.08
20.23
-14.20
-32.51
-34.26
-24.68
-11.81
-2.51
0.41
-1.14
-2.32
1.68
12.96
29.78
47.78
62.19
70.07
71.56
69.76
69.01
72.28
79.24
86.08
87.28
77.78
55.39
21.53
-19.38
-61.88
-101.22
-133.95
-158.07
-172.13
-174.71
-164.88
-143.91
-115.63
-85.73
-59.57
-40.33
-28.35
-22.43
-21.89
-27.50
-40.47
-60.17
-82.65
-101.17
-109.22
-103.94
-87.53
-65.65
-43.61
-23.11
-2.10
22.39
50.54
78.28
99.22
108.72
106.50
96.38
83.63
71.71
60.54
47.61
30.74
9.80
-12.91
-33.91
-50.11
-59.59
-61.53
-55.45
-40.91
-17.85
12.72
48.37
85.41
119.33
145.53
160.56
162.92
153.42
134.82
110.95
85.10
59.27
34.10
9.86
-12.48
-30.57
-41.46
-42.90
-34.59
-18.09
3.63
26.91
48.04
63.94
72.58
73.34
67.03
55.37
39.77
21.00
-0.58
-24.24
-48.32
-70.40
-88.15
-100.45
-107.92
-112.41
-115.75
-118.24
-118.13
-112.30
-98.28
-75.71
-47.11
-17.46
7.20
21.64
23.03
12.03
-7.43
-29.29
-47.00
-55.73
-53.48
-41.39
-23.37
-5.03
8.25
13.86
12.94
10.03
10.51
17.80
31.18
46.39
57.97
62.09
58.28
48.91
37.07
24.61
11.88
-1.17
-13.82
-24.53
-31.97
-36.18
-38.58
-40.71
-42.77
-42.80
-37.44
-23.32
1.53
36.50
77.96
119.85
155.23
177.95
184.40
174.83
152.88
124.01
92.88
61.89
30.59
-2.67
-38.39
-74.17
-104.93
-124.72
-129.77
-120.60
-102.55
-83.53
-70.18
-64.70
-64.16
-62.95
-56.98
-46.66
-36.85
-33.29
-38.27
-48.45
-56.71
-56.73
-47.54
-34.07
-23.95
-22.89
-30.95
-42.43
-48.71
-42.57
-21.44
12.17
52.21
91.30
122.75
142.23
148.26
141.94
125.81
103.06
76.81
49.75
24.43
3.46
-10.49
-15.38
-10.98
0.91
16.84
32.32
42.92
45.08
36.57
16.92
-12.21
-46.69
-80.09
-105.10
-115.96
-110.93
-93.13
-69.15
-46.18
-28.96
-18.60
-13.95
-13.67
-17.64
-26.53
-39.98
-55.16
-67.09
-70.64
-63.39
-47.17
-27.53
-11.09
-2.20
-1.14
-4.45
-7.36
-6.95
-4.15
-2.95
-7.88
-20.77
-38.96
-56.51
-67.42
-68.71
-61.60
-49.98
-37.63
-26.22
-15.75
-6.18
1.21
3.89
0.20
-9.30
-21.98
-34.68
-45.39
-53.58
-58.29
-57.03
-46.23
-23.72
8.51
43.91
74.31
94.10
102.88
105.19
107.07
112.29
120.02
125.20
121.38
103.60
70.14
22.95
-32.09
-86.33
-130.16
-155.32
-157.64
-138.39
-103.85
-63.13
-24.68
6.68
30.83
51.24
72.42
96.40
121.17
141.05
149.08
140.20
113.84
74.56
30.57
-9.23
-38.33
-54.30
-58.70
-55.38
-48.39
-40.45
-32.33
-23.02
-10.34
7.29
29.93
55.48
80.53
102.27
119.61
133.11
143.06
147.77
143.18
125.45
94.42
55.97
20.95
0.58
0.77
19.18
46.69
71.69
85.29
83.82
68.49
43.27
12.98
-17.40
-43.16
-60.68
-68.53
-67.93
-62.04
-54.27
-46.60
-39.05
-30.48
-19.54
-4.79
15.76
44.85
84.78
135.35
192.09
246.35
287.96
308.81
305.44
279.62
237.14
184.93
129.57
76.66
31.09
-2.70
-21.48
-24.70
-15.58
-0.95
10.64
12.07
0.17
-23.46
-53.71
-84.49
-111.61
-134.48
-155.72
-179.05
-206.56
-236.71
-264.20
-281.59
-282.50
-263.93
-227.50
-178.61
-124.09
-69.87
-20.06
22.18
53.57
69.89
66.92
42.34
-2.39
-61.49
-126.14
-187.02
-236.60
-270.07
-285.62
-283.61
-265.98
-235.58
-195.93
-150.44
-101.56
-50.50
1.92
54.03
102.67
143.27
170.96
182.37
176.80
156.77
127.41
95.28
66.91
47.67
41.18
48.28
66.89
91.93
116.30
132.43
134.20
118.16
83.94
33.93
-27.33
-93.74
-158.58
-215.54
-259.54
-286.94
-295.39
-283.85
-253.05
-206.59
-152.06
-100.46
-63.39
-48.29
-54.88
-74.80
-95.54
-106.29
-102.87
-88.53
-70.56
-55.26
-44.11
-33.80
-19.03
3.80
34.47
69.60
104.85
136.58
162.19
178.87
183.15
171.87
144.85
106.60
65.84
32.19
12.36
7.89
15.69
31.57
53.25
80.89
114.18
149.55
179.89
197.50
198.90
187.66
172.22
159.94
152.14
143.07
123.98
89.34
40.82
-12.99
-60.72
-92.90
-104.65
-95.97
-70.34
-33.77
5.77
39.29
59.16
61.58
48.50
26.70
5.00
-9.32
-13.04
-7.41
3.20
13.83
20.74
22.60
20.79
18.17
17.25
18.83
21.56
22.31
18.30
8.83
-3.63
-13.99
-16.79
-8.88
8.89
32.07
54.26
69.67
74.85
69.27
54.76
34.23
10.87
-12.33
-32.21
-45.71
-50.46
-45.86
-33.89
-18.61
-4.67
4.84
9.57
11.54
13.87
19.29
29.11
42.99
58.75
71.99
77.00
68.79
45.80
11.85
-24.15
-51.47
-62.22
-54.73
-34.42
-11.14
4.74
6.39
-7.18
-31.03
-56.53
-74.93
-80.41
-72.17
-54.18
-33.32
-16.59
-8.70
-10.98
-21.86
-38.24
-56.92
-75.68
-93.13
-108.28
-119.99
-126.77
-127.15
-120.05
-105.34
-84.57
-61.39
-40.54
-26.01
-19.07
-17.18
-14.75
-5.64
14.07
44.10
79.67
113.16
136.88
145.93
139.85
122.76
101.98
85.35
78.39
82.49
94.39
107.12
112.55
104.88
83.18
51.68
17.80
-10.82
-28.74
-33.87
-27.07
-10.81
11.54
35.65
56.42
68.94
69.65
57.93
36.89
12.03
-10.50
-25.84
-31.91
-29.74
-22.95
-16.18
-13.40
-16.83
-26.18
-38.57
-49.63
-55.00
-51.98
-40.72
-24.70
-9.89
-2.15
-4.82
-16.99
-33.78
-48.72
-57.28
-58.99
-57.19
-56.47
-59.98
-67.87
-77.83
-87.04
-93.72
-97.02
-96.39
-91.53
-82.65
-70.86
-57.62
-43.84
-29.12
-11.89
8.68
30.74
49.45
59.07
56.11
41.42
20.29
-0.17
-14.22
-19.20
-15.70
-6.20
6.34
19.59
31.65
40.71
44.75
41.91
31.49
14.67
-5.38
-24.51
-38.86
-46.24
-46.79
-42.62
-36.65
-31.04
-26.53
-22.38
-17.28
-10.26
-0.94
10.71
24.32
39.06
53.47
65.83
74.57
78.88
78.77
74.49
65.99
53.37
37.64
21.46
8.77
3.13
5.84
14.67
24.58
29.78
26.72
15.62
0.11
-14.65
-25.03
-30.77
-34.75
-40.84
-51.50
-65.77
-79.26
-86.66
-84.41
-72.50
-53.86
-32.18
-9.67
13.76
39.01
65.13
88.07
101.59
99.88
80.48
45.76
2.19
-41.72
-78.04
-101.10
-108.04
-98.29
-73.63
-38.20
1.40
36.89
60.29
66.58
55.59
31.93
2.84
-25.44
-50.35
-72.82
-95.00
-116.69
-133.59
-138.90
-127.03
-97.26
-54.51
-7.21
36.26
70.27
92.60
103.65
105.06
98.81
86.87
71.46
54.92
39.28
25.59
14.03
4.30
-4.17
-11.51
-17.12
-19.63
-17.50
-9.67
3.59
20.50
37.81
51.41
57.69
54.48
41.30
19.51
-7.82
-36.13
-60.40
-76.21
-81.30
-76.42
-65.13
-52.54
-43.44
-40.29
-42.43
-46.65
-48.51
-44.31
-32.57
-14.99
3.96
18.43
23.18
15.57
-3.51
-29.56
-55.62
-74.21
-79.59
-69.29
-45.10
-12.35
22.11
52.63
76.42
93.44
105.19
112.87
116.30
114.28
106.15
92.91
77.06
61.25
46.09
29.80
9.31
-16.97
-47.24
-76.63
-99.49
-112.18
-114.30
-108.41
-98.27
-87.01
-76.49
-67.42
-59.94
-53.93
-48.65
-42.57
-33.87
-21.44
-5.66
12.04
30.35
48.92
68.05
87.62
106.02
120.40
127.89
126.93
117.90
102.45
82.23
58.15
30.78
1.60
-26.14
-47.74
-58.67
-56.79
-43.74
-24.97
-7.89
1.28
-0.01
-9.41
-21.11
-28.97
-29.50
-23.13
-13.06
-2.93
5.61
13.52
23.46
37.52
55.60
74.87
90.67
98.29
94.73
80.29
58.78
36.52
19.59
11.53
11.86
16.75
21.19
21.21
15.84
6.71
-3.18
-11.39
-16.84
-19.75
-21.10
-21.79
-22.09
-21.32
-18.53
-13.26
-6.56
-1.28
-1.37
-9.82
-26.25
-46.38
-63.68
-72.70
-71.52
-62.19
-49.07
-36.36
-26.62
-20.66
-18.86
-21.84
-30.00
-41.86
-53.51
-60.15
-58.91
-50.85
-40.25
-31.88
-27.72
-25.35
-19.17
-3.92
21.96
55.09
88.22
112.93
122.50
113.90
87.71
47.64
-0.62
-49.97
-92.87
-122.26
-132.62
-121.13
-88.79
-40.83
14.14
65.78
104.75
125.54
127.88
115.79
95.37
72.57
51.59
34.54
22.25
15.00
12.32
12.95
14.73
15.22
12.98
8.54
4.47
3.75
7.74
14.86
20.79
20.53
11.04
-6.41
-26.58
-42.62
-49.73
-48.03
-42.43
-39.68
-43.71
-52.95
-61.00
-60.60
-47.97
-25.72
-2.11
12.91
12.49
-4.24
-32.00
-61.77
-84.45
-93.36
-85.12
-59.01
-16.51
38.68
100.49
160.35
208.50
236.13
237.57
211.75
162.81
99.22
31.65
-28.95
-73.49
-96.34
-96.32
-76.92
-45.61
-11.79
15.74
31.26
33.07
22.50
2.04
-25.90
-58.79
-93.00
-123.58
-145.06
-153.04
-145.78
-124.32
-91.64
-51.98
-10.42
27.84
58.04
77.21
85.15
84.88
81.17
78.40
78.66
81.25
84.17
86.06
87.63
91.10
98.05
107.32
114.78
114.81
103.00
78.33
43.76
5.10
-31.37
-61.08
-81.77
-92.87
-94.42
-86.52
-70.40
-49.77
-30.63
-18.80
-16.42
-19.59
-19.82
-8.74
16.30
49.84
80.22
95.42
88.50
60.02
16.11
-35.83
-90.30
-143.93
-193.16
-232.29
-253.87
-251.24
-221.84
-169.02
-101.57
-30.83
32.80
82.41
115.17
131.96
135.42
128.01
110.86
84.09
48.22
6.10
-36.40
-71.28
-90.96
-91.50
-74.09
-44.00
-7.83
29.28
64.68
97.48
126.73
150.60
166.57
172.18
165.98
148.04
120.01
85.08
47.45
11.26
-20.77
-48.64
-74.20
-99.40
-124.28
-145.81
-159.10
-160.06
-147.88
-125.82
-100.26
-77.77
-62.90
-57.44
-60.74
-70.62
-84.04
-97.27
-106.42
-108.37
-101.87
-87.47
-67.11
-43.16
-18.13
5.66
26.26
42.69
55.23
65.35
74.66
83.29
89.35
89.41
80.41
61.14
33.42
1.95
-27.18
-48.56
-58.82
-57.42
-46.84
-31.99
-18.78
-11.99
-13.24
-20.13
-27.47
-30.12
-25.86
-16.09
-4.38
6.34
15.56
25.31
38.20
55.14
74.30
91.95
104.42
110.22
110.46
107.97
105.45
103.73
101.35
95.14
81.66
58.70
26.57
-11.66
-50.67
-84.26
-107.10
-116.23
-111.61
-95.44
-70.97
-41.15
-8.56
23.89
52.03
70.84
76.33
68.39
51.99
35.42
26.67
29.15
40.10
52.43
59.19
58.00
51.97
47.36
49.39
58.56
69.88
75.98
71.76
57.48
39.08
25.11
21.99
30.34
44.16
53.90
51.33
33.34
3.00
-32.35
-64.96
-89.63
-104.62
-109.85
-105.39
-90.82
-66.63
-36.37
-6.88
14.10
21.37
15.25
1.47
-11.93
-18.43
-16.14
-7.73
1.94
8.95
12.46
14.85
19.56
28.55
40.88
53.39
62.54
66.68
66.73
65.65
66.14
68.93
72.06
72.20
66.79
55.33
39.79
23.28
8.65
-2.17
-8.16
-8.55
-2.95
7.82
21.21
32.93
37.97
32.20
13.75
-16.92
-57.14
-102.43
-146.77
-182.64
-202.45
-200.96
-177.62
-137.54
-90.08
-45.16
-9.75
13.78
27.02
33.22
34.90
33.39
29.70
25.69
24.60
29.92
42.96
61.32
79.10
89.66
88.41
74.77
52.04
25.35
-0.70
-23.42
-41.56
-54.81
-63.05
-66.75
-67.65
-68.70
-73.00
-82.10
-94.94
-108.31
-118.75
-124.53
-126.03
-124.55
-119.96
-109.81
-90.56
-59.87
-18.74
28.07
73.69
112.18
140.45
158.08
165.82
164.55
155.48
141.16
125.84
114.37
109.46
109.33
108.10
98.75
77.50
46.40
12.47
-16.05
-34.28
-42.99
-47.80
-55.27
-69.27
-89.19
-111.16
-130.80
-145.32
-153.84
-156.15
-151.68
-139.22
-117.72
-87.49
-50.63
-10.77
27.70
60.38
83.73
95.79
96.64
88.21
74.00
57.88
42.54
28.76
15.68
2.46
-10.39
-20.85
-26.45
-25.93
-20.34
-12.87
-6.93
-4.53
-5.37
-7.48
-8.60
-7.77
-6.19
-6.36
-10.59
-19.28
-30.35
-40.21
-45.35
-43.53
-34.01
-17.32
5.71
33.97
65.71
97.71
125.39
143.63
148.11
136.71
110.08
71.70
26.99
-17.70
-56.04
-82.80
-94.90
-92.37
-78.24
-57.85
-36.95
-20.33
-10.79
-9.25
-15.19
-26.82
-41.26
-54.69
-63.07
-63.04
-53.50
-36.37
-16.08
2.06
14.31
19.88
20.43
18.20
14.73
10.45
5.44
0.80
-0.82
3.64
15.37
32.46
49.97
61.68
62.73
51.40
29.71
2.32
-25.15
-47.63
-61.61
-65.48
-59.36
-44.43
-22.64
2.94
27.78
46.10
51.99
41.80
16.42
-18.14
-52.28
-75.92
-82.40
-71.04
-47.41
-20.89
-1.03
6.49
2.57
-5.70
-8.95
-0.67
19.04
43.23
61.73
66.65
56.19
35.18
12.06
-5.55
-13.73
-12.89
-6.04
3.30
12.53
19.81
23.80
23.91
20.78
16.36
12.85
11.18
10.22
7.52
0.72
-10.90
-25.74
-40.40
-50.87
-54.13
-49.19
-37.13
-20.68
-3.46
11.32
21.74
27.60
30.05
30.81
30.99
30.23
26.51
17.13
0.34
-22.81
-47.79
-67.79
-76.57
-71.64
-56.18
-38.19
-26.96
-28.66
-43.28
-64.58
-82.91
-89.70
-81.18
-59.54
-31.18
-3.58
17.47
28.97
31.08
26.46
19.33
14.15
14.40
21.47
33.98
48.56
61.03
68.26
69.47
66.36
62.10
59.61
60.26
63.24
65.87
65.11
59.17
48.50
35.65
24.08
16.04
11.23
6.84
-0.96
-14.77
-34.31
-56.40
-76.57
-91.18
-99.08
-101.62
-101.33
-100.03
-97.61
-92.12
-81.22
-64.25
-43.66
-25.05
-14.84
-16.89
-30.03
-47.69
-60.30
-59.02
-39.08
-1.13
49.55
105.17
157.37
198.60
222.95
226.93
210.28
176.44
131.92
84.46
40.71
4.72
-22.44
-41.38
-52.99
-57.20
-53.21
-40.95
-22.10
-0.02
21.79
41.61
60.52
81.65
107.51
137.24
165.65
185.04
188.90
175.92
150.71
120.93
93.73
72.28
55.30
40.13
25.90
14.93
10.83
14.69
21.47
22.74
10.47
-18.41
-59.71
-103.47
-139.23
-161.53
-172.39
-180.77
-194.03
-213.22
-232.95
-245.72
-247.48
-240.76
-234.16
-238.03
-260.22
-298.25
-339.99
-369.32
-374.08
-351.12
-306.20
-250.53
-184.11
-115.99
-58.47
-19.67
0.91
8.55
7.36
-0.83
-15.47
-34.64
-56.53
-77.08
-91.52
-96.96
-93.89
-85.39
-74.09
-62.00
-50.09
-39.98
-31.64
-23.96
-16.08
-8.37
-2.00
4.27
12.45
24.43
40.31
60.39
85.10
114.61
147.89
182.81
219.96
259.56
300.30
338.67
371.06
395.39
411.32
419.61
421.63
423.29
430.33
445.70
468.32
494.56
520.67
543.79
561.92
547.37
484.56
374.77
235.33
88.68
-48.65
-168.32
-267.73
-347.09
-405.71
-444.22
-462.90
-463.80
-451.33
-430.76
-405.15
-375.79
-343.46
-309.37
-272.57
-232.57
-190.94
-150.97
-116.15
-86.96
-61.90
-39.34
-17.51
7.30
38.64
78.00
124.90
167.21
194.55
200.96
186.00
154.86
116.62
79.40
47.40
21.29
-0.43
-18.65
-27.42
-29.83
-30.53
-31.86
-34.36
-38.22
-43.16
-48.52
-52.04
-49.81
-38.79
-22.66
-8.36
0.69
3.16
0.07
-6.49
-14.29
-21.14
-19.07
-10.71
2.11
19.30
41.54
70.08
106.86
145.27
183.51
220.97
257.18
293.23
329.06
361.86
386.86
399.25
396.14
378.58
348.57
307.15
256.06
197.66
135.66
75.75
24.35
-14.26
-39.34
-55.82
-72.39
-96.67
-132.20
-177.37
-226.49
-272.34
-308.76
-331.32
-339.04
-333.76
-318.88
-298.80
-278.70
-263.90
-258.96
-266.65
-286.67
-315.27
-345.91
-370.97
-384.44
-383.72
-369.94
-346.27
-315.86
-280.01
-238.41
-190.27
-135.80
-76.54
-15.35
44.01
97.49
141.08
171.10
185.26
183.46
168.14
143.43
114.25
84.52
56.67
31.62
9.61
-9.38
-25.36
-38.45
-49.00
-57.47
-64.39
-70.47
-76.57
-83.60
-91.66
-99.50
-104.67
-104.98
-99.54
-89.31
-76.09
-61.00
-43.62
-22.93
0.96
25.31
45.17
55.69
55.13
46.38
36.23
32.32
40.13
61.07
92.24
127.54
159.89
183.27
194.49
194.52
188.12
182.40
183.94
195.67
215.42
236.37
249.56
246.93
223.92
180.35
120.66
53.30
-10.75
-60.35
-87.64
-91.34
-77.78
-58.21
-43.93
-41.27
-49.23
-61.66
-72.07
-78.17
-82.67
-90.63
-104.82
-123.05
-139.11
-146.37
-142.05
-128.78
-113.37
-103.43
-104.24
-116.65
-137.92
-163.47
-188.55
-209.72
-224.86
-232.83
-233.01
-225.35
-210.23
-189.27
-165.38
-142.03
-121.99
-106.09
-92.78
-79.21
-62.77
-41.51
-15.03
15.98
50.43
86.95
123.86
159.22
191.51
220.90
251.13
285.84
325.48
366.05
400.46
422.08
427.44
417.34
395.93
371.76
350.23
331.36
311.36
286.70
257.85
229.20
206.61
195.18
203.94
237.10
291.82
358.88
426.79
486.01
530.88
559.46
573.27
584.00
601.10
626.53
653.89
673.06
675.53
657.26
618.45
514.59
331.72
93.05
-150.63
-353.91
-498.57
-589.85
-641.70
-667.25
-674.95
-661.93
-626.74
-574.15
-513.99
-455.89
-404.93
-360.87
-321.68
-285.60
-246.29
-201.07
-152.70
-108.15
-74.03
-57.23
-57.28
-69.91
-89.23
-106.04
-114.39
-113.59
-107.41
-100.83
-97.13
-96.36
-97.52
-99.74
-101.01
-100.57
-99.15
-98.17
-98.64
-100.41
-102.07
-102.54
-101.45
-98.27
-92.82
-85.32
-76.52
-67.57
-59.91
-54.55
-52.16
-52.61
-54.79
-56.94
-57.41
-55.35
-51.17
-46.38
-42.73
-41.69
-43.74
-48.24
-53.76
-58.57
-61.31
-61.33
-58.81
-54.44
-49.18
-43.85
-38.89
-34.34
-29.88
-25.04
-19.32
-12.49
-4.57
4.20
13.56
23.38
33.65
44.46
55.70
67.24
78.99
91.05
103.77
117.38
131.62
145.37
156.75
163.57
164.21
158.30
146.94
132.43
117.32
103.63
92.13
82.42
73.24
62.84
49.42
31.61
9.14
-16.64
-42.43
-63.85
-77.01
-80.36
-75.61
-67.22
-60.56
-59.66
-65.81
-77.39
-91.26
-104.34
-115.06
-123.72
-132.26
-143.30
-158.76
-179.18
-203.08
-227.09
-246.39
-256.19
-253.25
-237.24
-210.88
-178.55
-144.19
-109.26
-72.36
-30.13
20.19
78.33
139.95
197.81
244.72
276.28
292.23
295.36
289.24
275.88
255.16
226.30
189.78
148.95
109.54
78.04
58.73
51.70
52.57
54.49
51.31
40.18
22.12
0.66
-20.40
-38.80
-53.81
-65.09
-71.65
-71.89
-65.31
-54.07
-43.23
-38.87
-44.99
-61.06
-81.79
-99.52
-107.88
-104.83
-93.09
-78.25
-65.45
-57.14
-52.51
-48.84
-43.72
-36.64
-29.30
-24.21
-22.96
-24.92
-27.48
-27.41
-22.72
-13.77
-2.98
6.36
11.91
13.32
12.19
10.95
11.58
14.86
20.22
26.43
32.17
36.69
39.74
41.44
41.97
41.59
40.95
40.68
40.73
39.82
35.59
25.44
8.05
-15.40
-41.46
-65.08
-81.88
-89.85
-89.98
-85.05
-78.21
-72.31
-70.11
-74.87
-89.03
-113.19
-145.14
-179.54
-208.61
-224.41
-222.24
-203.01
-172.58
-137.30
-101.33
-66.69
-34.88
-8.28
9.33
13.44
0.49
-29.58
-69.58
-106.84
-127.92
-123.01
-87.95
-24.48
60.51
161.02
257.61
326.92
356.48
350.13
320.51
280.00
236.67
197.64
163.19
134.29
114.12
105.04
104.86
106.12
98.77
73.21
25.04
-44.43
-124.86
-197.49
-243.71
-255.31
-237.80
-204.46
-168.17
-135.33
-107.12
-81.43
-55.85
-30.47
-8.14
7.90
16.36
20.06
24.94
36.03
56.38
86.12
122.27
159.93
194.53
223.42
237.80
235.68
218.17
188.99
153.35
116.59
82.80
53.75
27.87
-0.38
-36.01
-82.65
-138.08
-193.91
-239.78
-266.54
-269.14
-247.86
-208.83
-158.62
-102.20
-41.46
23.95
92.94
160.49
219.53
264.32
289.29
291.56
269.76
224.14
157.52
73.78
-19.67
-112.14
-182.70
-214.48
-204.25
-164.66
-120.02
-80.31
-48.51
-23.20
0.60
28.99
64.37
107.80
155.05
197.42
225.34
230.77
212.24
175.27
134.59
94.68
58.90
31.06
14.11
8.60
10.79
12.97
5.71
-18.86
-65.59
-132.11
-204.90
-263.54
-290.81
-283.05
-249.12
-202.32
-153.29
-108.91
-71.18
-40.46
-17.21
-2.25
4.07
3.44
-0.50
-3.63
-3.57
0.59
7.93
15.98
21.81
23.31
20.49
15.33
10.60
8.19
9.07
12.79
17.75
21.77
23.25
21.82
18.57
15.23
13.10
12.98
14.97
18.59
23.08
27.97
33.25
39.50
47.37
56.93
67.71
78.70
88.60
95.79
98.91
97.14
90.26
78.61
62.56
42.82
20.57
-3.03
-26.83
-49.57
-69.90
-87.34
-100.02
-106.75
-106.49
-98.88
-84.27
-63.69
-38.86
-12.02
14.33
37.81
56.24
68.17
72.88
70.48
61.89
48.95
33.64
17.78
3.13
-9.17
-18.53
-24.94
-28.79
-30.52
-30.89
-30.34
-29.46
-28.51
-27.66
-26.85
-26.13
-25.57
-25.11
-25.02
-25.24
-26.18
-28.16
-31.61
-36.73
-43.63
-52.10
-61.61
-72.37
-82.30
-89.90
-93.72
-92.57
-85.55
-72.27
-52.87
-27.06
2.66
34.48
66.25
95.80
121.16
140.73
153.55
159.01
157.04
147.83
132.63
112.86
90.04
65.88
42.11
20.27
1.32
-14.15
-26.22
-34.96
-41.04
-45.32
-48.66
-52.07
-56.25
-61.50
-67.58
-73.84
-79.96
-84.05
-84.61
-80.39
-70.72
-55.51
-35.39
-11.64
13.96
39.39
62.57
81.51
94.68
101.15
100.79
93.94
81.51
64.85
45.90
26.29
7.47
-9.51
-24.00
-35.53
-44.60
-51.91
-58.27
-64.46
-71.11
-78.19
-85.29
-92.74
-98.60
-101.62
-100.72
-95.04
-84.13
-68.12
-47.24
-22.10
6.29
36.53
66.61
94.46
118.30
136.58
148.40
153.78
153.53
148.49
139.28
125.64
107.07
83.29
54.76
22.86
-10.10
-40.80
-66.16
-84.04
-94.46
-100.47
-103.14
-103.72
-102.49
-98.57
-90.46
-77.04
-58.66
-38.28
-20.30
-9.54
-10.16
-22.65
-46.58
-77.97
-109.80
-133.58
-141.76
-130.17
-99.81
-58.01
-17.75
10.30
18.39
5.80
-20.25
-46.46
-58.75
-48.21
-14.92
32.70
81.82
120.51
142.44
147.53
138.93
122.79
103.15
80.97
55.74
27.48
-2.38
-30.81
-55.16
-74.29
-88.46
-99.69
-110.29
-121.61
-133.47
-145.37
-153.84
-155.39
-147.17
-127.45
-97.09
-57.74
-11.60
38.84
89.48
135.37
169.93
186.38
181.06
155.46
118.64
84.73
67.51
74.60
104.61
147.77
190.90
225.22
245.07
250.44
244.38
229.62
207.17
177.10
139.96
96.59
52.70
13.22
-18.58
-42.22
-59.46
-73.28
-86.17
-98.83
-110.23
-118.18
-121.70
-120.82
-117.08
-112.68
-109.82
-109.63
-111.56
-113.47
-112.37
-106.45
-95.21
-80.19
-63.44
-47.70
-35.30
-27.35
-23.44
-22.08
-21.88
-21.71
-21.32
-20.99
-21.57
-23.54
-26.48
-29.32
-30.60
-29.53
-26.11
-21.95
-19.42
-21.20
-28.57
-41.16
-57.24
-73.91
-87.95
-95.71
-94.33
-81.58
-56.75
-21.58
19.14
58.25
89.21
109.21
121.53
132.89
149.94
175.01
203.81
227.38
235.56
222.23
183.78
126.99
62.09
-1.72
-57.59
-104.02
-139.37
-161.20
-166.92
-156.25
-131.74
-100.34
-70.84
-51.14
-44.11
-45.54
-47.67
-43.88
-32.37
-15.55
1.62
15.75
28.75
43.99
64.97
91.39
118.30
138.09
144.67
135.86
114.49
86.98
59.94
38.82
25.42
19.13
18.82
24.86
38.80
62.21
94.37
127.34
152.19
159.62
143.89
105.06
48.95
-15.05
-76.45
-126.31
-160.98
-179.04
-183.06
-178.70
-173.28
-173.32
-182.20
-196.64
-210.18
-214.94
-203.73
-175.28
-134.05
-87.58
-42.89
-4.33
26.35
48.64
62.69
72.85
82.71
96.24
116.90
146.05
181.63
218.15
248.21
259.47
246.81
211.15
158.44
96.76
33.99
-23.68
-71.97
-109.03
-135.24
-152.11
-163.18
-172.09
-181.94
-192.16
-199.30
-198.51
-185.47
-157.69
-114.81
-60.40
-1.30
52.62
90.47
104.64
93.87
64.03
25.76
-9.39
-34.06
-46.78
-51.14
-53.14
-57.53
-65.28
-73.42
-76.69
-69.53
-50.60
-22.49
9.48
38.60
59.68
71.13
74.91
75.02
75.45
78.23
80.27
81.03
80.53
79.75
80.25
83.16
87.99
92.74
94.90
92.61
86.07
76.66
66.60
58.07
52.35
49.36
47.91
46.48
43.95
40.37
36.21
32.27
29.28
27.63
27.04
26.81
26.23
24.62
22.18
19.80
19.19
21.80
27.48
33.48
34.72
26.03
4.74
-27.06
-63.17
-95.67
-118.30
-128.09
-124.96
-110.06
-84.24
-48.33
-4.50
42.22
84.45
114.68
128.05
124.42
106.47
81.14
53.83
27.72
3.99
-16.69
-33.18
-44.25
-49.69
-51.92
-55.07
-64.26
-82.39
-107.78
-134.20
-152.80
-157.32
-146.26
-123.50
-96.00
-71.02
-53.27
-44.06
-42.64
-47.09
-55.21
-63.51
-66.98
-60.00
-39.27
-5.77
34.99
74.47
104.52
120.58
122.75
114.65
101.51
87.28
74.16
63.59
56.95
55.53
59.23
65.78
70.40
69.58
61.70
47.97
31.57
15.67
1.81
-10.14
-20.95
-30.78
-38.47
-42.80
-43.24
-40.69
-37.10
-34.27
-32.84
-32.20
-31.22
-29.15
-26.33
-23.45
-21.17
-19.96
-19.56
-19.38
-18.86
-17.65
-15.69
-13.37
-11.09
-9.23
-8.00
-7.26
-6.70
-6.01
-4.94
-3.47
-1.73
0.08
1.74
3.01
4.00
4.85
5.76
6.98
8.65
10.95
14.09
18.30
23.68
30.34
38.16
46.78
55.56
63.61
69.93
73.58
74.00
70.81
63.99
53.76
40.78
26.02
10.35
-5.36
-20.40
-33.99
-45.54
-54.56
-60.76
-64.34
-64.56
-61.42
-55.12
-46.22
-35.33
-23.43
-11.55
-0.84
7.74
13.60
16.30
16.24
13.39
8.48
2.39
-3.95
-9.79
-14.65
-18.18
-20.38
-21.24
-21.17
-20.58
-20.07
-19.70
-19.65
-20.15
-21.32
-23.24
-25.84
-28.96
-32.35
-35.67
-38.57
-41.02
-42.28
-41.73
-38.75
-33.05
-24.55
-13.29
0.23
15.07
29.79
43.08
53.70
60.72
63.63
62.50
57.96
50.93
42.33
33.00
24.02
16.27
10.23
5.99
3.49
2.35
1.81
1.66
-0.25
-4.93
-12.52
-22.49
-33.72
-44.56
-53.56
-59.92
-63.48
-64.90
-66.00
-66.29
-65.49
-63.05
-58.24
-50.88
-41.74
-32.50
-25.20
-21.89
-23.87
-31.94
-46.01
-64.43
-83.68
-98.52
-103.01
-92.65
-66.62
-28.61
14.04
53.22
82.87
100.75
108.49
109.29
106.59
102.12
95.74
86.51
74.36
60.44
46.56
34.53
25.36
18.73
13.31
7.68
0.74
-7.80
-17.12
-25.90
-32.68
-36.49
-37.61
-37.62
-38.66
-42.80
-50.95
-62.21
-74.09
-83.53
-86.95
-82.16
-68.50
-46.53
-17.95
14.52
46.93
73.94
90.55
94.08
85.65
70.09
54.11
43.34
39.97
42.11
45.00
44.42
39.44
32.16
27.09
28.28
36.88
49.85
61.24
64.20
55.27
35.15
8.13
-20.35
-46.37
-68.67
-88.52
-107.41
-125.51
-140.81
-150.61
-152.22
-144.74
-129.45
-108.77
-85.50
-61.31
-36.87
-12.05
13.29
37.89
60.18
78.04
89.78
94.70
93.66
88.64
82.07
76.45
73.51
73.80
76.62
80.68
84.49
87.06
88.75
88.65
86.69
82.85
77.19
69.67
60.25
48.87
35.60
20.53
3.73
-14.40
-33.48
-52.88
-71.74
-88.86
-102.96
-112.69
-116.90
-115.01
-106.89
-93.16
-74.93
-54.07
-32.28
-11.29
7.45
22.88
34.46
42.20
46.41
47.62
46.63
44.49
41.98
39.85
38.28
37.49
37.47
38.29
39.80
42.07
45.13
48.78
53.46
57.59
59.81
58.75
53.44
43.52
29.70
13.62
-3.00
-18.23
-30.82
-40.20
-46.46
-49.98
-50.82
-48.61
-42.55
-32.30
-17.99
-1.05
16.06
30.49
39.46
41.54
36.68
26.65
14.00
2.31
-4.96
-5.39
1.11
11.42
19.61
17.59
1.12
-29.25
-65.97
-96.86
-109.01
-94.60
-54.32
2.38
60.77
106.76
131.37
133.52
118.70
95.52
72.08
53.73
42.47
38.01
39.03
43.35
47.25
45.54
33.75
11.63
-15.76
-39.31
-49.63
-40.94
-14.64
20.75
52.34
68.74
65.43
45.15
15.20
-18.05
-50.99
-83.28
-114.14
-143.55
-170.68
-193.00
-207.70
-213.76
-214.12
-213.21
-214.58
-218.82
-223.19
-221.66
-206.86
-173.27
-114.21
-36.94
39.91
97.25
126.01
128.59
114.83
95.37
77.20
61.73
46.03
27.59
6.84
-13.33
-30.13
-41.67
-48.45
-51.94
-54.82
-59.30
-65.01
-69.53
-70.52
-67.27
-59.54
-49.16
-38.74
-31.24
-28.42
-29.22
-30.24
-27.75
-18.39
1.50
27.81
53.03
67.18
62.91
40.62
9.51
-16.59
-23.28
1.27
58.94
142.63
239.34
336.55
426.62
506.85
575.02
605.51
581.96
504.64
392.27
268.94
153.18
55.46
-13.48
-60.71
-94.69
-119.95
-141.20
-161.89
-185.52
-213.99
-244.86
-271.18
-284.97
-277.73
-242.12
-178.77
-94.89
-4.06
75.02
122.79
130.47
104.59
63.41
31.43
13.40
4.50
-3.93
-19.54
-46.79
-83.09
-122.53
-158.23
-184.93
-202.10
-210.68
-213.30
-210.34
-204.06
-197.36
-192.31
-190.70
-187.65
-178.11
-157.25
-120.36
-67.68
-3.53
66.32
135.84
199.57
252.70
289.78
306.90
302.15
276.01
232.00
176.94
118.96
65.04
19.75
-15.64
-41.07
-57.05
-64.52
-65.12
-60.98
-54.49
-47.58
-40.79
-33.27
-22.92
-8.02
11.15
31.79
49.47
59.74
60.01
50.61
34.54
16.37
0.67
-9.68
-14.26
-15.03
-15.46
-18.98
-27.50
-40.28
-53.95
-63.76
-65.65
-58.23
-43.25
-24.56
-6.05
10.12
23.86
36.01
46.82
55.20
59.30
58.03
52.15
44.29
37.32
32.51
28.70
22.88
12.02
-5.00
-26.59
-48.94
-67.35
-77.94
-78.93
-70.93
-56.49
-39.10
-21.83
-6.52
6.55
18.40
30.44
43.40
57.06
70.54
82.87
93.43
101.85
107.50
109.63
106.93
97.85
81.53
58.86
32.64
7.09
-13.88
-28.09
-35.33
-37.91
-39.61
-43.07
-47.46
-48.56
-40.98
-21.75
7.69
43.31
79.68
111.95
137.21
154.59
163.54
162.74
150.12
125.11
92.08
58.18
29.23
6.44
-13.27
-35.48
-60.35
-83.12
-106.94
-133.04
-157.15
-178.45
-198.74
-217.96
-233.27
-240.38
-237.39
-227.82
-218.20
-216.56
-218.37
-218.52
-209.59
-186.13
-148.12
-101.45
-55.44
-16.98
11.59
32.43
49.52
67.23
87.32
106.34
120.06
123.02
112.49
89.93
60.27
30.57
7.77
-4.88
-8.90
-8.39
-7.58
-7.63
-6.73
-2.32
5.99
16.06
24.11
27.00
24.25
17.36
9.93
5.59
6.68
12.73
21.20
28.69
31.89
29.84
22.02
9.13
-6.59
-21.34
-30.88
-31.65
-22.29
-4.89
16.45
36.25
51.08
60.91
67.88
73.33
75.84
71.46
54.39
25.53
-10.05
-43.91
-67.26
-74.26
-64.03
-40.54
-7.52
30.34
68.93
102.89
127.16
138.77
138.02
127.91
113.51
100.28
88.09
79.32
73.31
63.86
44.08
14.38
-19.75
-50.58
-71.47
-80.10
-78.08
-70.61
-62.78
-56.77
-51.64
-45.83
-38.80
-31.48
-25.81
-22.85
-22.91
-24.85
-26.42
-25.29
-20.82
-13.89
-6.29
0.12
4.39
6.09
5.67
4.25
3.11
2.60
3.04
4.25
5.98
8.12
10.17
11.55
11.58
9.63
5.13
-1.98
-11.27
-21.95
-32.39
-42.14
-51.07
-59.28
-66.88
-74.16
-81.57
-89.57
-97.75
-104.35
-106.20
-99.55
-82.08
-54.50
-21.11
11.59
37.39
52.93
58.58
57.42
53.39
49.19
45.60
42.08
38.11
33.91
30.52
28.88
29.10
30.30
31.20
30.63
28.21
24.56
20.79
18.00
16.74
16.72
17.20
17.38
16.75
15.40
13.87
12.67
12.06
11.88
11.61
10.86
9.58
8.20
7.40
7.72
9.18
11.15
12.67
12.66
10.80
7.64
4.48
2.69
3.04
5.08
7.26
7.61
4.23
-3.56
-14.78
-27.16
-37.85
-43.71
-42.34
-32.81
-16.42
2.42
16.94
20.05
7.98
-17.36
-47.71
-71.33
-77.89
-63.00
-30.08
11.82
51.83
80.99
94.13
89.81
69.93
39.38
5.94
-20.93
-32.68
-25.15
-0.92
31.59
60.79
77.59
78.82
67.51
49.77
31.82
17.89
9.54
7.04
9.35
14.86
20.23
21.22
13.94
-2.54
-24.53
-44.03
-51.61
-40.97
-12.20
27.19
65.50
91.56
99.23
89.08
66.87
40.28
15.53
-4.12
-18.45
-28.45
-35.28
-39.88
-43.11
-46.14
-50.14
-55.93
-62.28
-68.69
-74.14
-77.38
-77.14
-72.61
-64.10
-53.13
-42.14
-33.68
-29.59
-29.63
-31.91
-33.70
-32.70
-28.14
-20.93
-13.09
-6.70
-2.98
-1.51
-0.57
1.84
7.16
15.14
24.49
32.76
37.21
35.37
25.75
8.61
-13.49
-35.04
-49.27
-50.06
-34.90
-6.47
27.89
59.07
79.94
87.98
85.68
78.03
69.86
63.79
60.14
57.81
55.07
50.24
41.24
26.19
4.26
-22.98
-51.27
-75.17
-89.26
-92.22
-86.04
-74.68
-61.80
-49.23
-36.98
-24.53
-12.22
-1.59
5.21
7.41
6.12
4.13
4.47
8.88
17.00
26.11
32.30
32.05
23.77
8.04
-12.82
-35.25
-55.43
-69.49
-74.10
-67.37
-49.93
-25.02
1.92
25.26
41.22
48.76
49.37
46.05
41.57
37.29
32.95
27.06
17.72
4.06
-13.32
-32.04
-48.41
-58.98
-62.28
-59.71
-54.54
-49.40
-44.26
-35.93
-20.18
4.84
36.14
66.02
85.88
90.28
79.70
59.66
37.53
19.19
6.97
0.20
-3.25
-4.91
-6.17
-8.57
-14.21
-24.81
-40.36
-58.06
-73.96
-84.69
-88.92
-87.13
-79.91
-66.85
-45.98
-16.64
18.44
52.92
78.88
90.34
86.16
70.47
50.33
32.30
20.00
13.28
9.97
7.91
6.41
6.20
8.52
13.73
20.96
28.46
34.25
37.32
37.97
37.63
38.13
40.86
46.17
53.41
61.32
68.28
72.69
73.30
69.30
60.47
47.27
30.89
12.72
-6.08
-25.33
-45.54
-67.16
-89.64
-111.03
-128.17
-137.29
-135.55
-121.96
-98.04
-67.33
-34.10
-2.25
25.29
47.02
63.61
74.07
77.89
74.54
63.60
45.49
22.04
-3.85
-28.81
-48.62
-59.89
-60.71
-50.43
-29.35
2.25
43.91
91.83
136.47
168.24
182.53
181.28
170.37
154.74
136.72
116.02
92.93
64.11
30.70
-2.34
-29.03
-44.92
-50.36
-49.01
-45.46
-42.84
-44.03
-49.02
-56.82
-67.56
-81.88
-102.41
-130.43
-159.29
-180.67
-189.19
-183.71
-167.50
-151.78
-136.17
-118.62
-98.32
-76.88
-56.78
-44.31
-43.62
-54.54
-72.80
-90.51
-100.87
-98.95
-78.19
-39.15
9.74
57.15
93.75
115.03
122.07
118.30
108.49
97.50
86.97
76.23
64.67
53.50
43.11
35.03
30.31
30.29
36.72
49.53
67.02
86.82
104.90
115.76
114.36
97.74
63.25
14.32
-41.84
-95.26
-133.89
-148.25
-134.95
-98.03
-47.29
4.91
47.65
72.83
76.77
61.47
30.64
-12.54
-66.23
-128.02
-192.30
-246.92
-279.20
-289.79
-279.55
-249.27
-196.48
-124.58
-40.73
45.53
124.68
188.52
232.22
256.28
263.85
259.35
246.87
230.84
214.97
201.52
190.45
180.35
170.65
161.28
153.11
146.54
141.75
136.83
127.58
108.99
78.30
37.60
-6.35
-43.60
-65.75
-68.27
-53.78
-31.46
-13.56
-10.80
-28.94
-67.36
-119.69
-177.46
-226.94
-255.56
-259.40
-244.27
-220.14
-195.55
-178.32
-166.94
-159.46
-154.11
-149.79
-145.42
-139.47
-128.08
-109.02
-81.54
-46.42
-6.92
33.47
71.77
106.18
136.47
162.88
185.64
204.67
219.32
227.39
228.39
225.15
223.26
229.05
245.80
263.79
271.71
261.98
234.51
197.60
160.82
127.32
97.47
59.28
4.51
-65.70
-141.58
-212.40
-270.83
-312.02
-331.11
-327.90
-308.34
-281.35
-263.57
-255.37
-251.58
-245.82
-228.54
-195.70
-148.15
-91.29
-31.45
25.58
76.98
120.59
155.62
182.42
200.24
207.52
202.34
184.75
156.30
121.27
84.37
51.43
29.01
21.40
29.17
48.57
73.13
94.69
107.23
107.68
96.89
78.46
55.10
28.10
-3.69
-36.56
-64.69
-83.09
-90.79
-92.18
-90.55
-89.28
-89.69
-89.80
-82.02
-59.83
-19.99
35.90
102.02
169.93
228.17
265.67
274.50
252.46
202.76
133.66
56.95
-14.72
-71.81
-112.68
-142.15
-167.99
-196.76
-232.43
-275.40
-322.39
-366.43
-385.95
-363.41
-296.21
-200.38
-100.77
-18.08
37.78
67.39
80.16
87.54
96.33
108.35
122.22
135.21
144.08
145.42
133.29
104.80
58.72
1.46
-54.72
-97.28
-119.78
-123.66
-115.62
-103.67
-92.87
-86.61
-83.08
-80.43
-76.83
-69.75
-56.32
-34.73
-5.28
26.50
52.79
68.54
72.91
68.67
59.38
47.36
34.94
20.07
3.65
-10.12
-15.13
-6.87
15.85
50.28
91.44
133.69
167.85
187.73
190.20
176.32
150.87
122.40
100.22
92.03
100.48
121.02
145.03
163.27
170.44
166.75
157.89
150.07
147.02
147.18
143.52
128.17
96.01
47.60
-12.05
-75.18
-136.59
-191.10
-231.26
-251.89
-253.00
-238.62
-211.98
-180.50
-144.61
-109.65
-85.32
-81.42
-102.91
-142.88
-186.71
-216.17
-217.73
-186.19
-128.72
-60.57
0.82
41.33
54.29
39.53
2.21
-51.00
-105.75
-142.41
-144.21
-107.95
-46.82
17.12
63.49
87.03
91.64
88.30
88.64
100.63
126.60
159.61
190.21
208.82
212.00
203.33
190.03
176.50
162.16
143.57
118.31
88.89
61.76
44.48
40.59
48.39
58.62
59.64
42.48
4.37
-49.39
-107.86
-158.58
-189.49
-196.37
-183.99
-162.37
-141.15
-125.64
-115.31
-106.01
-93.41
-75.76
-55.26
-36.30
-23.85
-19.45
-22.47
-30.97
-42.72
-55.79
-68.25
-77.94
-80.26
-72.16
-53.09
-26.11
3.44
29.84
48.90
59.34
62.44
60.71
56.87
51.53
45.13
38.98
35.43
36.64
43.85
57.26
75.24
94.10
108.91
115.76
114.02
107.25
100.61
98.06
100.25
102.43
95.44
70.12
20.65
-48.18
-121.19
-179.22
-205.67
-191.58
-139.54
-62.73
20.20
91.32
133.44
145.80
138.71
119.84
96.85
74.92
56.13
40.77
28.86
20.76
16.55
12.95
4.21
-13.57
-39.89
-69.51
-94.05
-105.90
-102.19
-86.44
-68.19
-57.63
-58.83
-67.82
-76.69
-78.63
-71.98
-61.22
-54.77
-61.78
-87.58
-127.63
-168.52
-194.72
-198.23
-183.22
-160.58
-139.04
-120.62
-100.72
-74.57
-34.52
19.71
81.38
140.61
189.89
227.27
255.78
280.72
299.05
307.90
301.87
276.24
230.94
173.03
114.89
68.60
39.95
25.98
18.41
6.17
-18.42
-56.04
-98.76
-132.89
-145.04
-128.04
-82.93
-16.31
60.33
133.82
191.20
222.86
224.31
195.94
141.34
67.38
-14.66
-90.31
-141.12
-156.48
-140.24
-105.59
-65.49
-29.77
-3.29
15.67
27.02
32.94
34.57
32.95
29.86
26.91
21.84
11.14
-4.53
-21.47
-39.65
-59.64
-80.84
-101.08
-117.70
-131.98
-146.26
-157.83
-167.31
-180.49
-202.84
-236.34
-277.37
-298.82
-280.49
-247.88
-211.66
-165.31
-111.56
-55.16
-0.63
47.94
85.99
105.35
100.92
77.36
45.28
16.88
2.40
5.23
21.74
44.70
65.10
74.76
76.87
74.00
65.36
50.22
29.38
6.32
-13.17
-18.84
-5.17
27.85
71.17
111.45
138.83
150.15
148.22
138.92
127.29
115.38
105.18
97.90
94.73
96.84
103.52
110.81
112.10
100.43
71.47
27.65
-22.84
-69.17
-102.60
-119.97
-124.23
-121.78
-118.76
-118.84
-122.14
-127.33
-132.85
-137.42
-139.09
-135.07
-123.12
-103.69
-81.07
-61.38
-49.34
-45.15
-44.27
-40.59
-30.07
-13.54
4.01
16.57
21.07
18.89
14.57
12.72
15.40
21.64
28.87
35.15
40.21
45.30
51.92
61.15
72.89
85.69
97.49
106.25
110.48
109.46
103.35
93.24
80.55
67.25
54.82
44.25
36.32
31.29
28.67
27.18
24.59
18.60
8.60
-3.93
-15.33
-20.51
-16.24
-3.51
12.24
23.33
20.84
0.47
-36.37
-82.81
-127.00
-156.91
-164.24
-147.01
-109.34
-59.32
-5.86
43.48
84.14
117.45
147.32
177.54
209.28
241.14
270.35
293.87
308.56
300.86
263.14
198.46
120.70
46.03
-14.84
-58.72
-87.41
-104.64
-114.36
-117.57
-116.27
-112.11
-108.47
-109.34
-117.25
-132.16
-147.72
-159.46
-162.75
-154.97
-136.81
-111.92
-85.50
-62.36
-45.47
-37.10
-36.08
-39.38
-43.97
-49.06
-55.49
-65.28
-80.23
-101.08
-127.74
-159.98
-197.27
-232.30
-260.91
-279.74
-285.65
-276.01
-250.23
-212.04
-169.35
-131.43
-105.21
-93.38
-92.81
-99.04
-107.79
-116.18
-123.57
-130.47
-136.96
-141.71
-142.97
-138.40
-125.99
-108.09
-86.84
-64.70
-43.58
-24.14
-5.38
14.34
37.01
63.71
93.96
126.05
156.97
183.90
205.50
222.81
238.81
257.29
281.21
311.38
346.48
383.11
416.96
443.87
460.75
465.79
458.88
441.67
416.98
387.97
356.36
321.45
280.14
228.60
164.91
91.67
17.16
-46.22
-85.42
-91.74
-64.98
-14.78
41.58
84.90
101.03
86.58
50.09
8.64
-19.28
-21.72
2.16
42.35
82.75
107.82
107.79
80.21
28.82
-39.71
-118.08
-198.75
-273.38
-332.56
-367.06
-370.27
-341.01
-283.91
-208.61
-127.21
-51.03
11.40
55.08
77.66
78.91
59.37
21.44
-30.87
-91.70
-153.47
-207.53
-245.33
-260.45
-249.08
-211.74
-151.20
-72.60
17.41
110.62
197.71
269.42
317.23
336.76
327.34
294.57
248.12
199.57
159.59
136.13
134.11
154.22
195.22
237.53
259.67
245.85
195.44
121.83
43.28
-18.03
-60.14
-84.94
-97.08
-100.48
-98.36
-94.39
-91.68
-92.35
-96.95
-105.69
-116.73
-128.90
-139.68
-145.90
-145.69
-139.78
-131.73
-127.08
-132.11
-150.93
-185.31
-232.67
-280.25
-312.78
-319.61
-300.93
-266.39
-226.77
-187.93
-150.64
-112.66
-72.31
-31.30
5.61
37.05
63.15
86.28
108.06
127.50
142.13
150.12
151.03
145.85
136.01
116.01
85.46
46.73
6.30
-25.78
-39.26
-29.48
-0.85
35.04
64.12
78.77
77.47
62.60
39.05
12.74
-10.54
-26.79
-34.51
-35.90
-33.91
-32.09
-34.68
-43.94
-58.18
-70.61
-73.96
-65.64
-50.49
-36.16
-26.57
-22.28
-21.15
-19.40
-12.23
2.70
25.72
53.52
83.38
112.63
138.46
158.39
164.72
153.76
127.77
100.41
74.43
50.14
26.21
3.34
-17.70
-36.58
-52.52
-65.22
-74.88
-82.96
-88.67
-90.09
-85.50
-74.43
-57.65
-36.15
-11.59
13.66
36.07
53.84
66.47
74.44
78.57
79.76
79.07
77.14
73.96
68.58
61.13
52.60
44.60
38.44
34.34
31.28
27.31
20.24
8.40
-7.73
-25.46
-40.47
-48.59
-47.84
-39.85
-29.06
-21.30
-21.56
-31.49
-48.70
-67.33
-81.01
-86.06
-83.15
-75.01
-64.44
-53.32
-42.67
-33.84
-28.54
-28.97
-37.33
-54.07
-74.59
-91.12
-97.17
-91.22
-77.38
-61.08
-45.10
-28.48
-7.76
22.72
66.25
120.28
176.20
217.78
232.34
220.47
198.21
172.82
143.78
106.43
55.45
-9.50
-83.76
-158.05
-216.09
-244.60
-241.11
-213.70
-176.19
-140.70
-113.00
-92.74
-75.61
-57.30
-37.50
-20.36
-9.84
-7.60
-12.43
-20.82
-28.52
-31.61
-27.88
-18.49
-7.45
1.68
7.04
8.37
6.17
0.94
-5.39
-10.10
-10.17
-2.95
13.24
37.68
66.61
93.13
111.09
117.78
114.44
105.03
93.91
84.18
77.01
72.31
69.49
68.23
68.49
69.81
71.22
71.51
69.76
65.56
59.68
53.83
50.15
49.80
51.46
51.76
45.44
28.41
-0.02
-35.91
-71.78
-99.44
-112.46
-110.74
-98.82
-83.40
-69.71
-59.83
-52.83
-46.46
-39.11
-30.73
-22.99
-17.49
-14.91
-14.43
-14.16
-11.92
-6.46
1.56
10.40
16.95
18.59
14.12
4.32
-8.86
-23.21
-36.83
-48.67
-57.19
-60.31
-55.43
-41.20
-18.56
8.66
34.95
55.51
68.01
73.60
75.09
74.90
72.42
65.37
50.77
28.05
0.40
-26.24
-45.36
-53.43
-51.21
-42.65
-32.39
-23.13
-14.92
-6.21
3.74
13.88
20.94
21.39
13.22
-3.08
-24.45
-46.00
-61.77
-67.16
-59.84
-40.79
-14.52
12.47
33.97
46.38
50.25
49.62
49.69
53.83
61.89
70.27
73.57
67.35
50.81
27.48
3.53
-14.68
-23.82
-24.69
-21.37
-18.43
-18.52
-21.36
-24.26
-24.76
-21.97
-17.20
-12.81
-10.66
-10.81
-11.78
-11.48
-8.18
-1.74
6.70
15.28
22.23
26.65
28.96
30.40
32.29
35.39
39.34
42.96
44.65
43.00
37.49
28.43
16.88
4.22
-8.11
-19.47
-29.67
-38.91
-47.50
-55.60
-63.13
-69.80
-75.46
-79.75
-82.01
-81.91
-79.27
-74.04
-66.27
-56.16
-44.09
-30.08
-15.42
-1.14
11.98
23.28
32.38
39.27
44.19
47.62
50.28
52.64
55.15
58.01
61.01
63.71
65.56
66.02
64.60
61.04
55.12
46.90
36.42
23.77
9.05
-6.86
-23.31
-39.19
-53.19
-64.18
-71.85
-75.55
-75.50
-72.39
-66.66
-58.73
-48.61
-36.16
-21.46
-4.57
12.85
29.07
42.48
52.32
58.62
62.44
65.23
68.09
70.92
72.68
71.80
66.72
56.98
43.10
26.20
8.05
-9.98
-25.45
-35.03
-35.58
-26.18
-9.60
7.78
18.49
17.69
5.26
-13.85
-32.50
-45.08
-50.31
-50.34
-49.10
-49.33
-51.14
-52.94
-52.94
-50.88
-48.15
-46.83
-48.23
-52.36
-58.01
-62.36
-63.14
-58.87
-49.32
-35.35
-18.44
-0.19
18.05
35.46
51.59
65.96
78.05
86.89
91.28
89.85
82.03
67.77
48.12
24.97
0.78
-22.66
-44.41
-63.77
-79.66
-90.56
-95.23
-93.69
-87.85
-81.99
-78.27
-77.73
-78.87
-78.29
-72.54
-59.99
-41.55
-19.26
3.00
23.31
41.17
57.00
70.93
82.28
89.96
93.36
92.89
89.83
86.61
85.06
85.98
88.86
92.30
94.71
95.17
93.81
91.73
90.47
90.86
92.55
93.79
91.99
84.89
71.54
52.85
31.15
9.53
-9.73
-25.33
-38.07
-49.37
-60.52
-71.95
-83.21
-93.75
-102.86
-109.76
-111.86
-106.38
-91.42
-68.04
-41.46
-19.66
-10.42
-17.22
-37.56
-63.87
-87.61
-102.91
-108.60
-107.59
-102.48
-94.56
-82.82
-65.48
-41.89
-13.72
15.64
43.21
66.20
84.34
98.28
109.13
117.17
121.34
119.96
111.28
94.15
68.58
36.75
2.58
-28.32
-51.02
-62.53
-62.83
-54.76
-42.55
-30.06
-19.21
-10.25
-2.42
4.49
9.71
12.34
11.69
8.20
3.21
-1.48
-4.72
-6.31
-6.98
-7.59
-8.68
-10.73
-13.68
-17.03
-20.40
-23.42
-25.96
-28.22
-30.58
-33.35
-36.79
-40.89
-45.34
-49.84
-54.08
-57.96
-61.65
-65.49
-69.86
-75.07
-81.13
-87.55
-93.55
-98.06
-100.02
-98.55
-93.29
-83.76
-69.84
-51.60
-29.28
-3.36
25.39
55.80
86.25
114.31
138.32
157.29
170.80
179.10
182.75
182.63
179.77
175.67
172.89
172.97
176.00
179.82
179.78
170.57
148.97
115.66
75.11
33.46
-3.81
-34.18
-56.95
-72.08
-79.23
-78.08
-69.74
-57.69
-47.65
-44.98
-52.21
-67.83
-87.31
-105.57
-119.49
-128.42
-133.71
-137.27
-140.36
-143.18
-145.23
-145.95
-144.88
-141.60
-135.93
-127.07
-114.30
-97.19
-75.78
-50.76
-23.52
4.07
30.06
52.19
69.55
82.00
89.92
94.09
95.41
94.64
92.34
88.90
85.18
81.29
77.51
74.09
71.19
68.80
66.72
64.69
62.41
59.78
56.82
53.74
50.75
48.01
45.61
43.53
41.70
39.97
38.32
36.79
35.47
34.49
33.92
33.86
34.36
35.40
36.84
38.43
39.80
40.93
41.05
39.43
35.42
28.60
18.73
5.90
-9.59
-27.01
-45.95
-64.65
-81.93
-96.75
-108.29
-115.91
-119.23
-118.25
-113.00
-103.77
-91.00
-75.67
-58.93
-41.95
-25.74
-11.05
1.62
12.40
20.89
28.02
34.24
39.72
44.26
47.52
49.93
50.73
50.04
48.10
45.25
41.31
35.88
28.34
18.37
6.22
-6.99
-19.07
-27.76
-31.25
-29.09
-22.12
-12.31
-1.92
7.35
14.36
20.31
26.71
34.68
44.09
53.90
62.63
69.13
72.42
71.76
66.79
57.61
45.75
34.65
28.95
32.15
44.11
59.73
70.42
68.18
49.49
17.64
-18.65
-49.44
-68.17
-74.15
-71.71
-67.02
-64.30
-64.22
-64.61
-62.66
-56.76
-48.03
-38.95
-32.06
-28.81
-28.67
-30.15
-31.82
-33.14
-34.21
-34.78
-33.78
-29.51
-21.17
-9.95
0.74
6.62
4.56
-5.96
-22.35
-39.90
-53.19
-58.04
-52.52
-37.30
-15.40
9.01
31.87
50.65
64.68
74.29
79.51
79.05
70.50
52.29
25.77
-4.61
-32.87
-54.19
-66.44
-69.84
-65.68
-55.22
-39.88
-21.38
-2.29
14.34
25.68
30.01
27.12
18.07
4.59
-11.39
-27.77
-43.01
-55.99
-66.11
-72.95
-75.28
-71.07
-57.81
-33.97
-0.43
38.82
77.37
107.91
123.42
118.54
91.32
45.13
-11.10
-64.52
-102.15
-115.27
-97.56
-51.32
12.35
76.91
126.12
148.36
139.05
100.25
39.50
-31.67
-99.24
-149.67
-173.57
-167.48
-134.59
-83.57
-25.61
29.09
67.27
83.15
82.66
75.85
69.47
64.80
59.93
52.59
41.74
28.31
15.01
4.01
-4.79
-12.08
-17.52
-21.11
-22.46
-22.07
-21.69
-23.50
-30.33
-45.00
-67.13
-93.60
-118.74
-140.19
-158.60
-175.24
-189.80
-200.35
-205.09
-199.11
-180.18
-150.09
-113.48
-82.23
-67.20
-70.34
-80.18
-88.61
-91.47
-87.90
-80.78
-71.14
-58.46
-40.11
-12.88
24.45
69.36
117.69
164.28
204.78
236.80
260.08
277.47
293.90
314.42
341.60
374.65
408.17
433.14
439.56
419.68
371.72
301.13
219.39
139.72
73.69
27.51
1.13
-11.05
-18.06
-29.37
-52.18
-89.75
-141.26
-201.34
-260.52
-305.67
-324.29
-310.01
-266.55
-207.08
-149.00
-107.37
-88.63
-88.42
-92.64
-85.45
-57.00
-7.81
53.08
113.06
159.40
182.42
177.82
150.14
111.20
75.51
55.41
58.72
88.25
140.65
207.01
259.05
268.31
224.79
144.05
51.98
-29.66
-87.22
-115.13
-118.25
-104.10
-80.30
-54.66
-34.91
-29.50
-46.31
-85.72
-140.86
-199.79
-248.87
-274.95
-269.22
-230.12
-165.64
-89.10
-13.62
50.72
98.05
125.39
132.73
122.01
96.51
57.88
8.76
-45.29
-97.34
-134.60
-148.07
-139.84
-126.28
-117.64
-119.20
-131.37
-147.60
-159.83
-159.61
-142.66
-109.53
-64.80
-15.14
29.36
58.21
64.28
45.79
7.26
-42.15
-90.11
-123.92
-133.63
-116.39
-75.65
-17.89
48.60
114.17
167.09
196.50
196.68
170.44
127.93
84.47
57.45
59.18
91.02
141.94
193.75
228.07
232.53
202.73
143.96
72.01
7.89
-30.25
-33.54
-3.20
51.57
118.54
185.35
230.60
237.71
207.20
157.03
107.24
67.40
35.47
7.47
-26.92
-73.69
-130.00
-186.54
-233.11
-262.98
-269.22
-247.93
-200.47
-131.85
-61.99
-13.83
1.46
-11.07
-37.51
-64.10
-88.59
-111.63
-133.56
-152.38
-161.22
-149.71
-113.95
-59.47
1.23
54.22
91.37
112.08
121.36
126.93
133.82
139.89
137.33
117.93
78.64
24.66
-32.99
-81.97
-111.65
-116.33
-97.31
-61.20
-17.38
25.79
63.90
96.88
127.47
158.51
189.76
215.97
229.31
222.41
193.33
147.00
93.21
41.82
-1.31
-36.15
-67.67
-101.71
-143.00
-191.88
-244.60
-294.59
-334.51
-357.99
-360.93
-342.56
-304.92
-254.02
-196.45
-138.15
-83.31
-33.71
10.69
50.82
83.40
112.20
134.58
146.95
145.25
126.98
93.15
49.62
6.10
-27.02
-41.28
-34.19
-7.27
34.98
86.81
141.71
192.01
228.38
240.91
222.75
172.60
98.54
16.94
-52.01
-91.34
-93.51
-63.22
-15.49
30.57
58.40
60.55
39.99
7.45
-24.07
-44.80
-51.38
-46.73
-36.67
-27.11
-21.25
-19.45
-20.62
-23.80
-29.00
-36.60
-46.16
-55.51
-61.22
-60.07
-50.89
-35.61
-18.65
-4.87
2.63
3.79
1.41
-0.60
0.69
5.84
12.93
18.87
21.25
19.85
16.75
15.17
17.58
24.35
33.53
42.16
48.19
51.66
54.39
58.25
63.29
67.17
66.35
58.34
43.57
25.52
9.15
-1.69
-6.07
-6.32
-6.61
-10.68
-19.83
-32.35
-44.27
-51.33
-50.96
-43.28
-30.89
-17.52
-6.56
0.10
2.04
-0.46
-7.19
-18.00
-31.88
-46.11
-56.46
-58.84
-51.47
-36.10
-17.34
-0.25
12.20
20.16
25.92
31.68
37.88
43.12
45.69
45.07
42.33
38.95
35.32
30.20
21.88
10.07
-3.08
-13.75
-18.63
-16.96
-11.01
-4.73
-1.48
-2.37
-5.97
-9.64
-11.15
-9.80
-6.28
-1.91
1.97
4.39
4.76
2.89
-1.01
-6.32
-12.01
-17.00
-20.50
-22.15
-22.05
-20.69
-18.97
-18.13
-19.34
-22.75
-26.80
-28.38
-24.24
-12.96
3.87
22.03
36.74
45.17
47.60
46.62
44.97
43.72
42.05
38.43
32.25
24.71
18.13
14.43
13.93
15.32
16.68
16.59
14.85
12.21
9.71
8.03
7.22
6.74
5.80
3.81
0.60
-3.44
-7.49
-10.65
-12.35
-12.72
-12.37
-12.19
-12.97
-15.16
-18.81
-23.48
-28.21
-31.59
-32.28
-29.55
-23.87
-16.91
-10.84
-7.28
-6.41
-7.00
-7.25
-5.96
-3.19
-0.05
2.17
2.77
1.88
-0.09
-2.94
-6.66
-11.02
-15.11
-17.36
-16.46
-12.39
-6.90
-2.88
-2.70
-6.68
-12.57
-16.60
-15.50
-8.23
3.52
16.20
26.25
31.58
32.03
28.80
23.47
17.33
11.26
5.95
1.95
-0.35
-0.85
0.24
2.62
6.11
10.58
15.71
20.72
24.59
26.60
26.91
26.48
26.26
26.24
25.20
21.46
14.28
4.87
-3.92
-9.23
-9.96
-7.37
-4.32
-3.54
-6.14
-11.26
-16.93
-21.47
-24.36
-26.18
-27.76
-29.43
-30.86
-31.39
-30.72
-29.05
-26.91
-24.60
-21.81
-17.77
-11.82
-4.05
4.41
11.82
16.57
17.97
16.59
14.09
12.50
13.47
17.62
24.47
32.80
40.99
47.60
51.74
53.10
51.85
48.30
42.84
35.84
27.75
19.16
10.77
3.28
-2.76
-7.03
-9.42
-9.97
-9.03
-7.20
-5.32
-4.17
-4.18
-5.25
-6.82
-8.32
-9.44
-10.24
-10.97
-11.61
-11.77
-11.01
-9.24
-6.93
-4.87
-3.65
-3.26
-3.01
-2.07
-0.03
2.72
5.20
6.34
5.50
2.81
-1.10
-5.45
-9.62
-13.26
-16.17
-18.23
-19.48
-20.25
-21.11
-22.63
-25.12
-28.42
-31.86
-34.56
-35.84
-35.50
-33.91
-31.88
-30.40
-30.24
-31.50
-33.24
-33.62
-30.47
-22.35
-9.54
5.82
20.53
31.84
38.65
41.72
42.78
43.09
42.84
41.43
38.51
34.75
31.72
30.87
32.35
34.81
36.23
35.27
32.00
27.63
23.46
19.90
16.49
12.61
8.32
4.40
1.61
-0.19
-2.23
-5.98
-11.94
-19.05
-25.34
-29.23
-30.62
-30.95
-32.11
-35.03
-38.93
-41.80
-41.71
-38.14
-32.24
-26.15
-21.66
-19.41
-18.73
-18.22
-16.72
-13.85
-10.07
-6.23
-3.10
-0.94
0.66
2.44
5.00
8.20
11.04
11.94
9.54
3.57
-4.68
-12.50
-16.84
-15.64
-8.80
1.65
12.43
20.53
24.48
24.58
22.25
18.97
15.55
12.08
8.46
4.84
1.82
0.22
0.58
2.89
6.61
10.93
15.13
18.66
21.18
22.62
23.12
22.99
22.49
21.58
19.95
17.20
13.22
8.48
3.84
-0.09
-3.29
-6.26
-9.55
-13.25
-16.85
-19.57
-20.90
-20.90
-20.21
-19.46
-18.88
-18.24
-17.10
-15.26
-12.88
-10.39
-8.15
-6.36
-5.02
-4.10
-3.61
-3.53
-3.59
-3.20
-1.68
1.27
5.16
8.68
10.09
7.98
2.08
-6.35
-14.73
-20.04
-20.18
-14.93
-6.10
3.43
11.08
15.68
17.53
17.51
16.21
13.62
9.71
5.25
1.92
1.44
4.42
9.58
14.27
16.18
14.74
11.51
9.05
9.18
11.87
15.48
18.05
18.47
17.03
14.76
12.63
10.86
9.05
6.58
3.26
-0.62
-4.38
-7.32
-9.07
-9.74
-9.93
-10.47
-11.98
-14.42
-16.87
-17.98
-16.82
-13.65
-10.07
-8.22
-9.42
-13.27
-17.75
-20.40
-19.93
-17.05
-13.99
-13.00
-14.77
-17.95
-19.99
-18.86
-14.38
-8.40
-3.57
-1.76
-3.11
-6.21
-9.01
-9.84
-7.91
-3.29
3.46
11.52
19.93
27.45
32.86
35.31
34.61
31.25
26.12
20.29
14.72
10.11
6.68
4.25
2.38
0.61
-1.25
-2.96
-4.10
-4.45
-4.23
-4.07
-4.48
-5.46
-6.50
-6.86
-6.21
-4.89
-3.65
-3.04
-2.95
-2.65
-1.53
0.40
2.39
3.35
2.53
-0.00
-3.37
-6.31
-7.86
-7.78
-6.57
-5.11
-4.28
-4.61
-6.14
-8.52
-11.19
-13.65
-15.55
-16.67
-16.88
-16.18
-14.71
-12.86
-11.24
-10.54
-11.25
-13.20
-15.35
-15.88
-12.88
-5.40
5.80
18.26
28.92
35.53
37.80
37.35
36.55
37.05
38.71
39.83
38.31
33.11
25.03
16.29
9.38
5.81
5.72
8.06
11.41
14.64
17.11
18.40
17.92
14.73
8.07
-1.85
-13.49
-24.13
-30.89
-31.89
-27.04
-17.78
-6.40
4.88
14.26
20.14
20.96
15.59
4.12
-11.31
-26.71
-37.90
-42.68
-42.11
-39.75
-39.18
-41.49
-44.56
-44.56
-38.50
-26.15
-10.05
6.20
19.82
29.65
35.44
36.83
33.14
24.12
11.02
-3.12
-14.36
-19.63
-18.16
-11.55
-2.65
5.93
12.68
16.98
18.66
17.77
14.80
11.11
8.81
10.04
15.60
24.09
32.19
36.37
34.99
29.35
22.98
19.51
21.06
27.07
34.73
40.65
42.85
41.66
38.86
36.13
33.72
31.57
29.88
29.23
30.13
32.56
35.76
38.06
37.43
31.99
22.35
11.35
1.69
-6.11
-14.01
-25.41
-43.91
-72.13
-111.00
-156.79
-201.40
-234.96
-248.66
-236.92
-198.66
-138.03
-59.48
20.61
82.24
114.75
121.99
115.72
106.58
100.09
96.60
93.46
87.18
76.99
64.97
53.59
44.18
36.56
30.42
25.94
23.98
22.98
21.27
16.65
6.25
-12.26
-39.10
-70.21
-97.33
-112.64
-113.05
-100.67
-81.39
-63.81
-52.01
-46.89
-45.47
-42.21
-31.54
-10.83
18.65
52.18
81.36
99.03
102.20
93.24
77.88
61.98
49.87
41.10
35.16
32.33
33.82
39.63
47.40
51.00
44.84
26.49
-2.04
-34.50
-63.53
-83.16
-90.78
-87.15
-74.96
-57.39
-37.54
-18.71
-3.97
3.66
2.48
-7.39
-21.97
-34.50
-37.24
-24.82
2.03
35.80
64.38
76.32
65.55
34.39
-7.50
-46.91
-72.05
-76.00
-57.70
-21.09
26.94
77.43
121.33
151.39
163.98
159.76
143.18
120.16
94.65
70.66
50.13
33.33
20.16
10.73
5.06
2.42
1.06
-0.99
-4.99
-11.22
-18.97
-27.23
-35.63
-44.71
-55.36
-67.96
-82.00
-96.42
-110.83
-125.59
-141.33
-157.97
-174.06
-186.90
-193.70
-192.72
-183.67
-167.77
-146.98
-123.81
-101.58
-84.23
-74.98
-74.15
-77.65
-77.59
-65.69
-36.53
9.54
65.42
119.46
159.83
178.89
175.94
157.22
132.95
114.66
110.92
123.21
144.82
164.05
169.89
156.97
127.07
86.13
42.60
4.04
-25.80
-47.30
-62.78
-74.64
-85.25
-97.83
-117.77
-147.78
-185.30
-222.86
-250.37
-258.13
-239.83
-194.95
-120.39
-30.32
51.20
105.92
131.03
134.93
128.20
118.26
108.49
99.31
88.76
77.03
66.45
59.51
56.94
57.66
59.56
60.79
59.65
53.86
43.20
29.62
15.49
2.72
-7.56
-14.61
-17.03
-14.92
-10.57
-7.13
-8.08
-16.93
-35.42
-62.27
-92.62
-118.15
-130.13
-122.83
-94.88
-49.97
3.74
56.51
99.73
123.68
125.74
109.73
82.53
51.60
25.04
5.41
-5.50
-6.33
2.13
17.56
36.69
56.32
74.56
91.32
108.28
128.57
155.81
190.94
227.08
255.63
267.48
255.56
217.47
156.35
75.48
-11.50
-87.65
-140.81
-168.52
-176.29
-171.80
-160.19
-143.12
-120.95
-94.07
-65.83
-41.64
-27.00
-22.70
-26.78
-35.65
-45.59
-55.00
-63.74
-74.39
-91.06
-117.29
-154.67
-202.98
-260.41
-318.77
-369.82
-404.80
-417.63
-406.64
-374.81
-328.49
-275.28
-221.18
-168.84
-118.55
-68.74
-19.23
28.20
71.17
108.83
142.53
175.72
212.72
256.84
310.33
372.56
439.99
507.05
566.72
611.17
633.37
629.14
598.34
545.35
475.76
394.61
305.85
212.57
117.50
23.68
-65.24
-147.46
-214.09
-256.59
-273.36
-270.58
-257.09
-239.63
-221.30
-202.50
-182.82
-161.84
-141.21
-123.68
-111.21
-103.91
-100.18
-97.71
-94.32
-88.58
-79.91
-69.60
-59.91
-52.55
-47.88
-45.14
-43.09
-40.54
-36.77
-31.44
-25.34
-19.77
-15.67
-13.22
-11.90
-11.01
-9.90
-8.18
-5.69
-2.83
-0.22
1.69
2.82
3.45
3.88
4.38
5.11
6.08
7.11
7.91
8.30
8.20
7.84
7.51
7.50
8.00
9.04
10.60
12.58
15.01
17.95
21.66
26.32
31.93
38.10
43.89
48.15
49.65
47.51
41.51
32.23
20.86
8.74
-2.83
-13.47
-23.28
-32.70
-42.06
-51.22
-59.43
-65.65
-69.43
-70.28
-68.94
-66.64
-64.68
-64.13
-65.76
-70.05
-76.80
-84.55
-90.13
-89.42
-78.68
-56.77
-26.30
6.76
35.40
54.48
62.72
62.80
59.19
55.83
54.26
53.77
52.55
49.43
44.79
40.23
37.44
37.06
38.40
39.77
39.11
35.05
27.64
18.11
8.64
1.49
-1.88
-0.93
4.29
13.58
26.59
42.15
57.57
68.46
70.46
61.15
41.71
16.89
-6.83
-24.05
-32.57
-33.80
-31.07
-27.44
-24.41
-21.82
-18.99
-15.75
-12.86
-11.44
-12.03
-14.09
-16.24
-17.14
-15.94
-13.02
-9.53
-6.79
-5.69
-6.24
-7.63
-8.70
-8.70
-7.43
-5.46
-3.74
-2.97
-3.25
-3.83
-3.56
-1.39
2.93
8.84
15.05
20.14
23.19
23.96
22.91
20.53
17.11
12.32
5.47
-4.06
-16.56
-31.66
-49.04
-67.70
-85.64
-99.56
-105.36
-99.61
-81.46
-53.93
-22.58
5.57
25.35
35.09
36.79
34.22
30.82
28.15
25.94
23.38
20.05
16.71
14.58
14.44
16.00
18.06
19.22
18.45
15.81
12.13
8.69
6.59
6.18
7.06
8.28
8.79
7.97
5.87
3.06
0.41
-1.45
-2.26
-2.28
-1.97
-1.90
-2.44
-3.60
-5.15
-6.79
-8.45
-10.27
-12.61
-15.86
-20.31
-25.91
-32.20
-38.47
-43.69
-46.96
-47.42
-44.33
-37.23
-26.03
-11.02
6.99
26.80
46.95
65.58
81.04
91.99
97.73
98.24
94.07
86.16
74.69
61.50
47.64
33.93
21.13
9.90
0.92
-5.38
-8.94
-10.26
-10.19
-10.19
-11.54
-14.99
-20.51
-27.23
-33.84
-39.00
-41.75
-41.69
-39.15
-34.48
-28.09
-20.11
-10.57
0.43
12.41
25.40
39.73
55.38
71.13
83.77
88.49
80.51
58.15
23.57
-16.36
-52.69
-78.15
-89.71
-89.17
-81.39
-71.43
-62.30
-54.82
-48.66
-43.71
-40.45
-38.72
-36.85
-31.62
-19.99
-1.05
22.86
46.46
64.17
72.52
71.49
63.98
53.84
44.01
35.79
28.86
22.83
18.11
15.35
14.98
16.33
17.79
17.18
12.98
5.11
-4.83
-13.65
-17.49
-13.02
0.89
22.09
44.78
60.95
63.69
50.02
22.41
-12.27
-45.26
-68.75
-77.58
-70.06
-47.42
-14.08
22.60
53.59
70.58
69.23
51.06
23.01
-5.63
-27.35
-39.21
-42.85
-41.81
-39.09
-35.65
-31.02
-24.95
-18.42
-13.40
-11.51
-13.11
-16.76
-20.15
-21.14
-18.84
-13.96
-8.32
-3.91
-2.08
-2.94
-5.51
-8.17
-9.38
-8.45
-5.64
-1.88
1.93
5.11
7.68
10.24
13.45
17.81
23.09
28.39
32.32
33.66
31.39
25.14
15.15
2.12
-12.71
-27.93
-42.06
-53.74
-61.63
-64.88
-63.25
-56.72
-47.03
-35.69
-24.09
-12.98
-2.61
7.30
17.11
26.81
35.75
42.46
45.76
44.73
39.26
30.13
18.80
6.61
-5.38
-16.71
-27.71
-38.61
-49.54
-60.64
-72.06
-83.57
-94.09
-101.06
-100.87
-90.50
-69.33
-39.76
-7.48
20.81
40.18
49.26
50.23
47.09
43.24
40.22
37.68
34.55
30.44
26.16
23.12
22.34
23.66
25.82
27.23
26.56
23.54
18.94
14.25
11.01
10.11
11.47
14.04
16.26
16.75
14.87
10.95
6.29
2.54
1.09
2.41
5.79
9.55
11.76
11.01
7.11
1.16
-4.94
-9.26
-10.81
-10.23
-9.57
-11.24
-16.69
-25.73
-36.19
-44.78
-48.36
-44.80
-33.70
-16.01
6.29
29.90
49.92
60.31
55.86
35.01
1.94
-33.95
-61.43
-72.33
-65.29
-46.12
-24.34
-8.27
-1.15
-0.80
-2.21
-1.08
3.61
9.79
14.62
16.66
16.61
16.59
18.37
22.07
26.35
29.24
29.23
26.45
22.42
19.15
18.37
20.22
23.22
25.04
23.53
17.76
8.55
-1.86
-10.72
-15.29
-14.21
-7.65
3.22
16.84
31.86
47.58
63.94
81.30
100.58
121.51
142.22
159.44
169.32
169.08
158.27
139.22
112.43
82.41
53.88
30.03
11.87
-1.30
-10.80
-17.83
-23.16
-27.24
-29.95
-31.87
-33.93
-37.05
-41.68
-47.77
-54.78
-62.06
-69.00
-74.81
-79.35
-82.94
-86.13
-89.36
-92.92
-96.78
-100.74
-104.33
-106.58
-106.68
-104.23
-99.46
-92.96
-85.38
-76.97
-67.79
-57.81
-47.08
-36.22
-26.14
-17.52
-9.60
-0.32
13.03
31.57
54.48
79.25
102.74
122.74
138.20
149.63
157.80
163.46
165.83
164.47
160.05
154.23
148.83
143.03
134.53
120.31
98.71
68.99
35.46
6.80
-7.51
-3.00
15.17
38.41
54.84
64.07
68.88
72.30
75.65
77.78
78.96
73.87
58.63
33.29
2.31
-29.55
-58.90
-84.90
-109.28
-135.23
-171.43
-224.04
-293.46
-373.55
-455.79
-532.01
-596.27
-645.55
-649.63
-593.67
-485.20
-351.23
-219.92
-107.38
-16.24
57.95
120.74
175.67
218.40
242.30
246.12
232.48
206.00
172.37
137.98
109.86
95.13
94.93
106.36
123.59
142.40
154.76
152.00
129.05
86.94
34.88
-13.25
-44.20
-53.29
-45.54
-29.83
-12.69
4.28
22.19
42.15
61.90
76.85
83.01
79.44
68.45
53.33
38.83
27.72
20.47
14.97
7.99
-2.88
-17.78
-31.34
-40.46
-42.89
-38.12
-27.37
-13.27
0.71
11.57
17.86
19.84
18.50
15.65
12.81
10.80
9.71
9.07
8.33
7.37
6.48
5.84
5.94
6.97
8.88
11.29
13.72
15.82
17.37
18.43
18.95
19.07
19.03
18.99
19.20
19.68
20.63
22.16
24.35
26.97
29.86
32.79
35.41
37.37
38.28
37.99
36.43
33.85
30.54
27.00
23.73
21.23
19.77
19.32
19.67
20.36
20.73
20.12
18.00
14.06
8.35
1.71
-5.56
-12.82
-19.46
-25.13
-29.55
-32.66
-34.51
-35.23
-34.88
-33.71
-31.89
-29.76
-27.75
-26.17
-25.24
-24.94
-24.98
-24.86
-24.27
-23.00
-21.29
-19.72
-18.91
-19.27
-20.77
-22.85
-24.65
-25.71
-25.49
-24.37
-23.28
-23.33
-25.22
-28.91
-33.54
-37.78
-40.66
-41.62
-41.15
-40.26
-40.07
-41.44
-44.94
-50.89
-59.04
-68.07
-75.05
-76.07
-67.49
-48.03
-19.95
11.22
38.79
57.60
66.03
66.09
61.65
56.29
51.70
47.66
43.27
38.14
32.99
29.06
27.19
27.11
27.64
27.34
25.08
20.86
15.51
10.37
6.52
4.44
3.72
3.42
2.46
0.17
-3.48
-7.92
-12.31
-15.88
-18.39
-20.06
-21.52
-23.43
-26.28
-30.18
-34.97
-40.29
-45.73
-51.00
-55.87
-60.10
-63.37
-65.29
-65.14
-62.20
-56.03
-46.46
-33.75
-18.55
-1.80
15.36
31.73
46.20
57.92
66.22
70.77
71.59
69.03
63.72
56.42
48.07
39.60
31.89
25.61
21.18
18.73
18.09
18.86
20.37
21.85
22.54
21.88
19.44
15.10
8.83
0.80
-8.63
-19.01
-29.89
-40.96
-51.62
-61.55
-70.55
-78.61
-85.87
-92.52
-98.77
-104.95
-111.45
-118.07
-124.80
-131.64
-138.60
-145.72
-153.02
-160.56
-168.44
-176.83
-185.23
-193.31
-200.77
-207.28
-212.37
-215.38
-215.25
-210.29
-203.26
-194.76
-185.13
-174.54
-163.11
-150.94
-138.15
-124.91
-111.53
-98.46
-85.59
-73.04
-61.00
-49.72
-39.32
-29.87
-21.36
-13.79
-7.27
-1.43
3.85
8.58
12.76
16.45
19.80
23.08
26.45
29.99
33.88
38.08
42.42
46.81
51.37
56.40
62.38
69.62
78.14
87.68
97.57
106.97
115.23
122.17
128.12
133.86
140.17
147.57
156.13
165.51
175.15
184.71
194.27
204.32
215.71
229.43
246.55
267.94
293.86
323.25
353.27
379.50
396.97
401.86
392.88
371.86
342.88
310.67
278.89
249.29
222.06
196.72
173.10
151.62
132.84
116.87
103.01
90.07
76.94
63.20
49.14
35.62
23.48
13.10
4.35
-3.26
-10.21
-16.87
-23.31
-29.41
-34.92
-39.44
-42.56
-43.92
-43.36
-41.01
-37.35
-33.10
-28.95
-25.41
-22.76
-21.06
-20.15
-19.79
-19.71
-19.69
-19.65
-19.78
-20.39
-21.74
-23.73
-25.84
-27.24
-27.08
-24.98
-21.17
-16.58
-12.53
-10.36
-11.14
-15.44
-23.22
-33.79
-45.83
-57.51
-66.94
-72.56
-73.44
-69.50
-61.47
-50.49
-37.97
-25.40
-14.08
-5.18
0.57
3.02
2.64
0.48
-2.23
-4.46
-5.71
-6.02
-5.81
-5.58
-5.66
-6.13
-6.93
-7.99
-9.36
-11.12
-13.31
-15.83
-18.44
-20.80
-22.61
-23.67
-23.87
-23.22
-21.80
-19.79
-17.47
-15.18
-13.20
-11.62
-10.19
-8.43
-5.75
-1.71
3.77
10.39
17.47
24.19
29.69
33.26
34.31
32.45
27.53
19.65
9.31
-2.69
-15.25
-27.14
-37.23
-44.69
-49.05
-50.23
-48.54
-44.53
-38.97
-32.66
-26.38
-20.73
-15.99
-12.17
-9.08
-6.61
-4.76
-3.80
-3.93
-5.17
-7.15
-9.20
-10.63
-10.98
-10.20
-8.51
-6.27
-3.75
-1.15
1.33
3.43
4.89
5.55
5.56
5.32
5.29
5.76
6.67
7.62
8.16
7.95
6.87
4.92
2.17
-1.30
-5.36
-9.67
-13.77
-17.18
-19.65
-21.25
-22.24
-22.83
-22.98
-22.47
-21.12
-19.06
-16.80
-14.97
-14.02
-13.95
-14.32
-14.50
-14.02
-12.85
-11.29
-9.73
-8.44
-7.51
-6.93
-6.81
-7.31
-8.58
-10.43
-12.24
-13.12
-12.22
-9.19
-4.34
1.49
7.23
12.06
15.56
17.65
18.46
18.11
16.71
14.44
11.62
8.63
5.87
3.59
1.89
0.68
-0.23
-1.07
-2.11
-3.63
-5.80
-8.53
-11.49
-14.14
-16.01
-16.92
-17.10
-17.09
-17.47
-18.48
-19.92
-21.16
-21.48
-20.37
-17.71
-13.78
-9.10
-4.26
0.18
3.76
6.09
6.97
6.43
4.89
3.03
1.68
1.42
2.40
4.24
6.20
7.49
7.61
6.55
4.69
2.54
0.52
-1.31
-3.20
-5.52
-8.47
-11.92
-15.33
-17.97
-19.28
-19.02
-17.37
-14.74
-11.57
-8.10
-4.41
-0.58
3.14
6.24
8.17
8.53
7.34
5.08
2.46
0.14
-1.59
-2.84
-3.98
-5.37
-7.15
-9.19
-11.17
-12.67
-13.33
-12.89
-11.36
-9.06
-6.61
-4.84
-4.45
-5.69
-8.20
-11.13
-13.46
-14.44
-13.95
-12.41
-10.46
-8.61
-7.08
-5.93
-5.30
-5.55
-7.11
-10.22
-14.58
-19.39
-23.54
-26.00
-26.07
-23.57
-18.72
-12.02
-4.11
4.30
12.54
19.97
26.08
30.45
32.76
32.80
30.50
26.13
20.34
14.10
8.39
3.94
1.04
-0.44
-0.88
-0.67
-0.08
0.67
1.40
1.90
1.99
1.58
0.67
-0.61
-2.05
-3.42
-4.46
-4.99
-4.88
-4.15
-2.96
-1.55
-0.14
1.18
2.42
3.58
4.57
5.16
5.04
4.06
2.28
0.11
-1.92
-3.28
-3.67
-3.09
-1.80
-0.23
1.19
2.08
2.22
1.53
0.12
-1.74
-3.67
-5.32
-6.49
-7.16
-7.49
-7.71
-8.02
-8.45
-8.91
-9.23
-9.30
-9.03
-8.35
-7.19
-5.46
-3.19
-0.58
1.96
3.89
4.84
4.76
3.93
2.88
2.10
1.83
2.06
2.56
3.04
3.21
2.89
1.97
0.49
-1.33
-3.08
-4.34
-4.81
-4.52
-3.78
-3.10
-2.92
-3.39
-4.36
-5.47
-6.28
-6.50
-5.98
-4.78
-3.15
-1.49
-0.34
-0.23
-1.46
-3.98
-7.26
-10.47
-12.76
-13.57
-12.82
-10.85
-8.27
-5.69
-3.48
-1.74
-0.33
1.00
2.55
4.53
7.01
9.84
12.61
14.84
16.06
16.02
14.81
12.73
10.19
7.57
5.05
2.73
0.64
-1.08
-2.24
-2.60
-2.08
-0.81
0.84
2.41
3.51
3.96
3.83
3.41
3.00
2.85
2.99
3.26
3.42
3.22
2.56
1.49
0.27
-0.81
-1.49
-1.67
-1.42
-0.99
-0.59
-0.36
-0.32
-0.39
-0.48
-0.58
-0.68
-0.79
-0.88
-0.89
-0.82
-0.74
-0.76
-0.97
-1.23
-1.28
-0.80
0.44
2.35
4.63
6.79
8.39
9.09
8.70
7.15
4.47
0.95
-2.81
-6.00
-7.80
-7.73
-5.86
-2.83
0.45
3.07
4.50
4.60
3.53
1.56
-1.02
-3.92
-6.73
-8.97
-10.16
-10.00
-8.53
-6.14
-3.47
-1.19
0.24
0.65
0.14
-0.98
-2.39
-3.76
-4.83
-5.46
-5.63
-5.51
-5.30
-5.21
-5.26
-5.24
-4.83
-3.67
-1.62
1.13
4.16
6.94
9.02
10.15
10.29
9.56
8.16
6.32
4.29
2.32
0.73
-0.12
0.09
1.53
4.16
7.65
11.48
15.04
17.83
19.59
20.32
20.26
19.64
18.59
17.06
14.84
11.72
7.66
2.85
-2.23
-6.97
-10.73
-13.00
-13.57
-12.51
-10.06
-6.60
-2.52
1.81
6.03
9.71
12.35
13.45
12.60
9.66
4.83
-1.35
-8.19
-15.04
-21.42
-27.07
-31.88
-35.86
-39.00
-41.31
-42.86
-43.73
-43.86
-43.06
-41.12
-38.19
-35.15
-33.49
-34.76
-39.70
-47.56
-56.10
-62.44
-64.21
-60.62
-52.61
-42.24
-31.67
-22.28
-14.35
-7.31
-0.47
6.55
13.61
20.30
26.05
30.46
33.35
34.82
35.10
34.56
33.53
32.34
31.32
30.77
30.99
32.20
34.45
37.53
41.01
44.20
46.33
46.72
44.96
41.11
35.71
29.65
23.81
18.82
14.84
11.60
8.55
5.20
1.27
-3.24
-8.06
-12.80
-16.99
-20.26
-22.32
-23.00
-22.29
-20.31
-17.40
-13.97
-10.47
-7.29
-4.63
-2.63
-1.38
-1.11
-2.09
-4.48
-8.18
-12.67
-17.18
-20.98
-23.67
-25.30
-26.35
-27.36
-28.60
-29.90
-30.76
-30.47
-28.31
-23.54
-15.40
-3.31
12.95
32.83
54.94
76.98
96.24
110.32
117.73
118.17
112.40
102.02
89.06
75.66
63.35
52.95
44.62
38.13
32.94
27.97
21.65
12.10
-1.94
-20.69
-42.41
-63.19
-77.90
-82.03
-73.89
-55.37
-31.19
-6.78
12.52
23.29
24.56
17.56
4.49
-12.94
-34.41
-60.92
-90.26
-118.42
-140.37
-152.59
-154.08
-145.61
-129.20
-107.87
-84.84
-62.13
-42.26
-27.41
-19.06
-17.15
-19.24
-20.50
-14.88
1.82
32.94
75.90
123.28
165.15
192.12
197.88
180.75
143.77
90.79
35.11
-11.65
-42.95
-57.95
-59.97
-54.14
-44.98
-35.27
-26.15
-17.46
-10.25
-5.65
-4.33
-5.59
-7.66
-8.33
-6.15
-0.95
6.50
14.07
19.73
22.32
21.94
19.28
15.81
12.38
9.06
5.27
0.06
-7.27
-16.70
-27.24
-37.29
-45.11
-49.37
-47.80
-41.41
-31.41
-19.08
-5.53
8.44
22.33
35.61
47.87
58.26
66.23
71.16
72.59
70.32
64.46
55.46
43.97
30.83
17.72
5.18
-6.10
-15.54
-22.82
-27.88
-30.85
-32.06
-31.84
-30.58
-28.90
-27.09
-25.31
-23.64
-22.08
-20.62
-19.21
-17.79
-16.30
-14.91
-13.62
-12.41
-11.28
-10.21
-9.19
-8.21
-7.23
-6.22
-5.28
-4.41
-3.63
-2.92
-2.29
-1.72
-1.19
-0.69
-0.16
0.35
0.85
1.31
1.76
2.19
2.58
2.95
3.03
3.06
3.09
3.10
3.08
3.00
2.85
2.58
2.22
1.79
1.41
1.11
0.88
0.66
0.37
-0.04
-0.66
-1.42
-2.23
-2.96
-3.52
-3.97
-4.42
-5.02
-5.90
-7.10
-8.52
-9.96
-11.20
-12.09
-12.73
-13.39
-14.41
-16.10
-18.53
-21.46
-24.47
-27.05
-28.86
-30.14
-31.55
-33.95
-38.03
-43.78
-50.37
-56.27
-60.18
-60.58
-57.24
-51.02
-43.48
-36.16
-29.75
-23.89
-17.46
-9.31
0.59
10.75
18.51
21.31
17.64
8.12
-4.99
-19.20
-32.52
-44.01
-52.97
-57.88
-56.53
-47.45
-31.62
-13.09
2.40
10.45
10.64
6.84
5.11
9.85
21.28
35.51
47.51
54.17
56.43
58.46
64.63
75.52
86.99
92.01
83.80
61.12
29.85
1.12
-13.79
-8.52
15.38
48.98
80.52
100.38
104.57
95.00
76.74
54.84
32.17
9.14
-14.89
-39.61
-62.86
-81.04
-89.17
-84.73
-68.42
-44.16
-17.42
6.52
24.66
36.71
44.33
49.46
52.60
53.07
49.52
41.97
30.26
16.01
1.81
-9.79
-16.49
-17.74
-14.26
-7.49
1.22
10.91
21.35
32.33
43.49
54.04
62.65
68.19
70.01
68.21
63.42
57.09
49.01
38.61
24.91
6.82
-15.90
-42.23
-70.14
-97.45
-122.23
-143.50
-160.96
-174.98
-186.35
-195.97
-204.74
-213.24
-221.26
-227.08
-227.28
-217.81
-196.18
-163.46
-124.55
-86.55
-56.53
-39.02
-34.73
-41.00
-53.38
-67.82
-83.14
-98.35
-111.39
-120.68
-125.42
-126.25
-124.88
-123.35
-123.49
-126.50
-132.21
-136.28
-134.75
-125.74
-110.14
-90.26
-68.31
-45.65
-22.68
1.15
31.96
74.41
129.18
192.79
260.06
326.81
390.67
450.76
507.18
566.82
634.29
708.86
784.43
853.06
908.57
947.52
968.83
931.60
817.05
635.59
422.76
216.78
40.97
-97.66
-201.95
-278.29
-333.55
-367.07
-379.16
-373.77
-358.62
-341.84
-328.79
-321.46
-319.41
-321.32
-320.70
-312.94
-297.66
-278.49
-260.30
-246.44
-238.12
-234.87
-235.73
-236.57
-234.32
-228.44
-220.64
-213.16
-206.98
-202.25
-196.98
-189.10
-175.43
-153.99
-124.80
-89.72
-51.53
-12.79
23.59
55.87
82.93
104.73
121.41
133.06
139.63
141.37
138.96
133.65
127.12
120.64
114.91
110.00
105.46
100.70
95.28
89.16
82.81
77.16
72.92
70.36
69.17
68.66
68.05
66.75
64.54
61.53
58.14
54.91
52.65
52.53
55.72
62.15
69.58
73.52
68.55
50.97
21.13
-15.62
-51.41
-78.04
-90.83
-90.27
-80.79
-68.22
-57.11
-49.16
-43.79
-40.00
-37.32
-36.02
-35.77
-34.54
-29.57
-19.05
-4.12
10.76
19.79
19.29
9.67
-4.53
-17.34
-24.79
-26.84
-26.80
-28.58
-33.87
-40.83
-46.11
-47.36
-44.92
-41.87
-41.72
-46.33
-55.25
-66.21
-76.33
-83.57
-86.61
-84.26
-75.74
-61.29
-43.59
-28.09
-20.79
-24.70
-37.24
-50.29
-53.70
-40.78
-12.10
24.43
57.58
77.14
80.28
71.22
57.33
44.47
34.27
25.06
14.47
1.62
-11.71
-21.94
-26.48
-25.21
-20.43
-15.80
-14.74
-18.74
-27.20
-37.84
-47.75
-55.00
-59.33
-61.70
-63.64
-66.42
-69.73
-72.16
-71.56
-65.83
-54.00
-36.64
-15.40
7.40
28.88
47.34
62.02
72.95
80.76
86.05
89.15
90.51
90.47
89.24
87.28
85.03
82.88
81.12
80.64
80.38
79.76
78.31
75.39
70.46
63.17
53.29
40.86
25.96
8.80
-10.65
-30.48
-49.34
-65.60
-78.56
-87.42
-91.61
-91.04
-86.35
-78.26
-67.64
-55.80
-43.83
-32.58
-22.45
-13.48
-5.48
1.67
7.28
12.18
16.51
20.40
23.85
26.95
29.72
32.20
34.11
35.24
35.52
34.62
32.69
30.15
27.66
25.83
25.05
25.20
25.83
26.41
26.26
25.40
24.36
24.07
25.52
29.23
34.99
41.77
48.84
54.04
56.25
54.94
50.41
43.71
36.65
31.32
29.33
30.78
33.13
31.93
22.14
0.76
-31.20
-68.33
-102.66
-126.51
-135.32
-128.95
-110.67
-85.35
-57.63
-30.89
-7.37
11.41
24.55
31.94
34.62
34.71
34.45
35.16
36.67
37.28
34.86
27.97
16.70
2.64
-11.83
-24.92
-36.17
-46.25
-56.05
-65.52
-73.19
-76.71
-74.06
-64.71
-50.15
-33.24
-17.09
-3.75
6.11
12.98
17.60
20.31
20.78
18.40
13.00
4.73
-4.68
-12.61
-16.35
-14.23
-6.53
4.29
14.23
19.27
17.11
8.33
-3.93
-15.23
-21.76
-21.87
-16.58
-8.94
-2.45
0.46
-0.49
-3.68
-6.59
-7.16
-4.78
-0.41
4.09
7.15
8.29
8.40
8.91
10.87
14.11
17.21
18.27
16.01
10.62
3.79
-2.10
-5.17
-5.03
-2.86
-0.65
-0.04
-1.37
-3.54
-4.74
-3.64
-0.28
3.83
6.51
6.08
2.32
-3.35
-8.55
-11.13
-10.11
-6.05
-0.66
4.14
7.06
7.94
7.72
7.85
9.54
13.19
18.13
22.74
25.15
23.90
18.69
10.59
1.80
-5.10
-8.09
-6.44
-1.06
5.81
11.32
12.92
9.31
0.90
-10.25
-21.05
-28.61
-31.27
-29.30
-24.55
-19.42
-15.58
-13.17
-10.97
-7.34
-1.50
5.83
12.70
16.99
17.51
14.70
10.22
6.05
3.48
2.58
2.40
1.65
-0.50
-3.92
-7.55
-9.86
-9.63
-6.59
-1.65
3.36
6.54
6.80
4.40
0.85
-1.83
-2.23
-0.18
3.15
5.94
6.74
5.20
2.13
-0.91
-2.61
-2.46
-0.89
1.10
2.56
3.07
2.87
2.53
2.61
3.21
4.04
4.57
4.39
3.31
1.25
-1.88
-6.23
-11.66
-17.28
-21.26
-21.31
-15.78
-4.79
9.21
22.17
30.09
30.76
24.61
14.30
3.27
-5.80
-11.82
-15.01
-16.08
-15.46
-13.08
-8.79
-2.90
3.58
9.23
12.81
13.90
12.94
10.93
8.83
7.09
5.61
4.12
2.60
1.48
1.39
2.76
5.26
7.96
9.66
9.61
7.79
4.90
1.80
-0.94
-3.20
-5.07
-6.43
-6.85
-5.83
-3.25
0.23
3.43
5.10
4.60
2.12
-1.42
-4.98
-7.82
-9.74
-10.90
-11.49
-11.50
-10.71
-8.94
-6.23
-2.97
0.14
2.47
3.59
3.54
2.76
1.92
1.64
2.20
3.44
4.86
5.92
6.24
5.84
4.96
3.94
3.05
2.36
1.88
1.64
1.72
2.15
2.85
3.60
4.04
3.93
3.14
1.74
-0.01
-1.82
-3.38
-4.49
-5.16
-5.59
-6.06
-6.78
-7.70
-8.50
-8.69
-7.92
-6.28
-4.28
-2.67
-2.04
-2.47
-3.54
-4.55
-4.90
-4.34
-2.98
-1.17
0.76
2.59
4.18
5.41
6.20
6.51
6.41
6.05
5.55
4.86
3.87
2.47
0.82
-0.69
-1.60
-1.63
-0.95
-0.11
0.22
-0.32
-1.55
-2.85
-3.51
-3.14
-1.88
-0.26
1.17
2.12
2.67
3.13
3.73
4.49
5.14
5.35
4.87
3.64
1.86
-0.13
-1.87
-3.02
-3.43
-3.27
-2.89
-2.72
-3.06
-3.87
-4.79
-5.29
-4.90
-3.49
-1.33
1.02
2.94
4.07
4.41
4.21
3.79
3.34
2.78
1.89
0.50
-1.30
-3.20
-4.68
-5.34
-5.01
-3.82
-2.09
-0.26
1.31
2.36
2.80
2.71
2.31
1.84
1.50
1.34
1.32
1.34
1.39
1.52
1.76
1.98
1.89
1.11
-0.50
-2.73
-4.98
-6.53
-6.96
-6.33
-5.15
-4.05
-3.42
-3.25
-3.26
-3.17
-2.86
-2.41
-1.95
-1.46
-0.82
0.15
1.46
2.87
4.00
4.52
4.31
3.52
2.44
1.34
0.38
-0.42
-1.03
-1.34
-1.13
-0.26
1.21
2.91
4.32
5.00
4.84
4.16
3.47
3.17
3.35
3.68
3.77
3.38
2.59
1.74
1.14
0.84
0.61
0.10
-0.96
-2.53
-4.35
-6.03
-7.17
-7.56
-7.15
-6.03
-4.44
-2.70
-1.18
-0.24
-0.08
-0.61
-1.51
-2.27
-2.47
-1.94
-0.82
0.59
2.01
3.28
4.47
5.61
6.64
7.30
7.32
6.60
5.36
4.02
3.04
2.61
2.52
2.33
1.63
0.29
-1.43
-3.06
-4.19
-4.59
-4.29
-3.38
-2.01
-0.29
1.53
3.08
3.84
3.48
2.04
0.05
-1.73
-2.71
-2.76
-2.27
-1.86
-1.97
-2.67
-3.66
-4.54
-5.01
-4.89
-4.09
-2.54
-0.21
2.67
5.64
8.01
9.26
9.19
8.04
6.33
4.54
3.00
1.82
1.00
0.54
0.39
0.44
0.49
0.36
0.01
-0.40
-0.56
-0.27
0.43
1.30
1.99
2.23
1.95
1.27
0.38
-0.48
-1.10
-1.37
-1.26
-0.89
-0.52
-0.36
-0.51
-0.83
-1.00
-0.76
-0.04
0.91
1.64
1.78
1.29
0.47
-0.17
-0.28
0.21
1.01
1.68
1.84
1.30
0.12
-1.47
-3.15
-4.51
-5.15
-4.78
-3.38
-1.32
0.70
1.94
1.92
0.63
-1.46
-3.64
-5.26
-5.93
-5.56
-4.30
-2.43
-0.35
1.52
2.83
3.35
3.11
2.39
1.57
0.97
0.72
0.73
0.80
0.83
0.82
0.83
0.92
0.99
0.87
0.44
-0.29
-1.13
-1.78
-1.97
-1.61
-0.86
-0.03
0.60
0.94
1.12
1.40
1.94
2.72
3.53
4.10
4.29
4.16
3.89
3.60
3.25
2.61
1.49
-0.14
-1.93
-3.34
-3.88
-3.44
-2.33
-1.11
-0.35
-0.26
-0.69
-1.23
-1.44
-0.94
0.45
2.76
5.86
9.28
12.27
13.89
13.43
10.84
6.80
2.55
-0.80
-2.78
-3.77
-4.67
-6.27
-8.73
-11.45
-13.39
-13.62
-11.76
-8.04
-3.24
1.61
5.44
7.46
7.40
5.63
3.15
1.09
0.19
0.40
0.95
0.84
-0.44
-2.62
-4.78
-6.03
-6.15
-5.68
-5.53
-6.25
-7.53
-8.36
-7.62
-4.81
-0.39
4.46
8.40
10.61
11.01
10.14
8.63
6.83
4.68
1.83
-1.86
-6.12
-10.20
-13.25
-14.72
-14.65
-13.62
-12.34
-11.23
-10.15
-8.60
-6.17
-2.97
0.35
2.93
4.25
4.39
3.98
3.72
3.97
4.59
5.14
5.32
5.11
4.79
4.60
4.55
4.47
4.19
3.74
3.42
3.52
4.17
5.18
6.20
6.88
7.05
6.65
5.64
4.06
2.03
-0.05
-1.61
-2.10
-1.31
0.44
2.42
3.83
4.24
3.73
2.79
1.98
1.60
1.55
1.48
1.09
0.33
-0.60
-1.41
-1.89
-2.06
-2.12
-2.34
-2.86
-3.63
-4.42
-4.96
-5.07
-4.74
-4.13
-3.47
-2.97
-2.74
-2.73
-2.76
-2.54
-1.86
-0.66
0.91
2.53
3.84
4.63
4.86
4.70
4.34
3.98
3.70
3.50
3.29
2.97
2.45
1.74
0.95
0.33
0.10
0.35
0.90
1.39
1.48
1.03
0.24
-0.50
-0.85
-0.71
-0.28
0.10
0.21
0.10
-0.02
0.05
0.37
0.76
0.94
0.74
0.11
-0.76
-1.65
-2.37
-2.78
-2.91
-2.79
-2.55
-2.31
-2.17
-2.20
-2.43
-2.85
-3.35
-3.86
-4.31
-4.64
-4.85
-4.95
-4.99
-5.04
-5.16
-5.37
-5.60
-5.64
-5.26
-4.32
-2.89
-1.25
0.24
1.30
1.90
2.15
2.28
2.48
2.78
3.11
3.36
3.49
3.54
3.57
3.61
3.67
3.75
3.80
3.76
3.57
3.20
2.67
2.03
1.40
0.88
0.49
0.20
-0.03
-0.19
-0.22
0.00
0.51
1.23
1.98
2.54
2.75
2.57
2.09
1.44
0.75
0.11
-0.44
-0.87
-1.18
-1.36
-1.40
-1.36
-1.26
-1.14
-1.01
-0.94
-0.94
-1.09
-1.38
-1.80
-2.24
-2.61
-2.86
-3.04
-3.23
-3.50
-3.82
-4.07
-4.14
-3.96
-3.62
-3.23
-2.86
-2.44
-1.83
-0.92
0.22
1.39
2.33
2.89
3.11
3.15
3.20
3.27
3.28
3.10
2.69
2.14
1.63
1.32
1.27
1.44
1.69
1.88
1.92
1.80
1.56
1.28
1.04
0.89
0.79
0.65
0.37
-0.05
-0.51
-0.81
-0.77
-0.41
0.11
0.56
0.74
0.59
0.22
-0.19
-0.50
-0.67
-0.74
-0.78
-0.82
-0.84
-0.84
-0.85
-0.90
-1.02
-1.20
-1.36
-1.45
-1.45
-1.40
-1.35
-1.34
-1.41
-1.56
-1.84
-2.24
-2.73
-3.17
-3.31
-2.95
-2.02
-0.71
0.65
1.69
2.20
2.22
1.93
1.60
1.39
1.32
1.27
1.14
0.87
0.57
0.38
0.51
1.03
1.83
2.67
3.26
3.41
3.13
2.61
2.12
1.85
1.79
1.81
1.76
1.55
1.25
0.97
0.83
0.82
0.84
0.73
0.41
-0.15
-0.84
-1.53
-2.08
-2.40
-2.45
-2.31
-2.05
-1.75
-1.47
-1.26
-1.16
-1.19
-1.37
-1.67
-1.98
-2.18
-2.16
-1.88
-1.43
-0.98
-0.70
-0.76
-1.17
-1.80
-2.41
-2.73
-2.59
-2.00
-1.13
-0.21
0.52
1.01
1.29
1.49
1.69
1.88
2.01
2.00
1.87
1.69
1.58
1.66
1.96
2.45
3.06
3.68
4.21
4.58
4.73
4.62
4.23
3.52
2.52
1.35
0.18
-0.76
-1.28
-1.34
-1.06
-0.63
-0.25
-0.01
0.11
0.19
0.29
0.40
0.42
0.29
-0.04
-0.51
-1.01
-1.38
-1.58
-1.59
-1.47
-1.33
-1.21
-1.15
-1.16
-1.27
-1.49
-1.84
-2.32
-2.81
-3.20
-3.35
-3.20
-2.80
-2.34
-2.01
-2.01
-2.40
-3.03
-3.62
-3.84
-3.47
-2.48
-1.13
0.23
1.23
1.71
1.77
1.65
1.59
1.70
1.91
2.07
2.05
1.83
1.54
1.31
1.25
1.41
1.75
2.17
2.58
2.86
2.92
2.75
2.39
1.97
1.57
1.26
1.00
0.72
0.40
0.07
-0.19
-0.31
-0.32
-0.30
-0.35
-0.49
-0.67
-0.79
-0.76
-0.63
-0.52
-0.58
-0.86
-1.33
-1.82
-2.14
-2.17
-1.89
-1.41
-0.95
-0.69
-0.78
-1.20
-1.82
-2.39
-2.71
-2.64
-2.19
-1.50
-0.83
-0.43
-0.45
-0.90
-1.61
-2.29
-2.62
-2.41
-1.69
-0.68
0.27
0.93
1.25
1.32
1.31
1.30
1.27
1.14
0.84
0.43
0.02
-0.25
-0.29
-0.09
0.31
0.88
1.57
2.29
2.92
3.31
3.39
3.16
2.77
2.36
2.03
1.78
1.55
1.29
0.97
0.65
0.36
0.15
-0.02
-0.17
-0.37
-0.65
-0.99
-1.33
-1.59
-1.71
-1.72
-1.71
-1.77
-1.94
-2.12
-2.17
-1.94
-1.43
-0.79
-0.28
-0.12
-0.37
-0.87
-1.36
-1.64
-1.63
-1.41
-1.15
-1.01
-1.05
-1.26
-1.56
-1.85
-1.99
-1.90
-1.52
-0.89
-0.12
0.63
1.26
1.73
2.05
2.23
2.28
2.15
1.86
1.48
1.15
1.01
1.15
1.53
2.01
2.41
2.59
2.50
2.20
1.78
1.34
0.97
0.69
0.50
0.34
0.19
0.09
0.06
0.16
0.38
0.61
0.78
0.79
0.69
0.55
0.49
0.56
0.73
0.92
1.03
1.02
0.88
0.64
0.33
-0.01
-0.36
-0.69
-0.94
-1.08
-1.12
-1.11
-1.14
-1.26
-1.48
-1.82
-2.24
-2.69
-3.11
-3.40
-3.46
-3.25
-2.84
-2.40
-2.11
-2.08
-2.22
-2.31
-2.10
-1.48
-0.54
0.45
1.21
1.60
1.65
1.52
1.33
1.13
0.88
0.55
0.20
-0.07
-0.11
0.13
0.58
1.09
1.50
1.71
1.67
1.42
1.06
0.72
0.47
0.35
0.28
0.15
-0.12
-0.53
-0.94
-1.16
-1.09
-0.73
-0.26
0.14
0.28
0.14
-0.20
-0.55
-0.75
-0.69
-0.38
0.03
0.38
0.48
0.28
-0.14
-0.62
-1.01
-1.26
-1.42
-1.61
-1.85
-2.08
-2.11
-1.84
-1.30
-0.74
-0.43
-0.57
-1.07
-1.65
-1.98
-1.88
-1.42
-0.86
-0.47
-0.36
-0.41
-0.44
-0.28
0.08
0.51
0.87
1.06
1.10
1.09
1.11
1.22
1.40
1.59
1.71
1.70
1.53
1.25
0.97
0.81
0.82
0.96
1.11
1.11
0.89
0.47
-0.01
-0.41
-0.63
-0.70
-0.67
-0.62
-0.59
-0.56
-0.44
-0.21
0.11
0.40
0.54
0.44
0.13
-0.32
-0.79
-1.21
-1.55
-1.84
-2.08
-2.22
-2.18
-1.91
-1.43
-0.87
-0.40
-0.18
-0.30
-0.68
-1.13
-1.45
-1.50
-1.30
-0.96
-0.62
-0.37
-0.16
0.09
0.41
0.77
1.03
1.06
0.86
0.53
0.28
0.23
0.39
0.69
0.94
1.08
1.11
1.08
1.09
1.17
1.29
1.39
1.47
1.48
1.46
1.42
1.41
1.45
1.57
1.75
1.91
1.97
1.87
1.63
1.34
1.13
1.06
1.06
1.00
0.81
0.46
0.07
-0.20
-0.30
-0.29
-0.34
-0.59
-1.04
-1.57
-1.98
-2.11
-1.96
-1.62
-1.27
-1.03
-0.98
-1.14
-1.49
-1.97
-2.48
-2.83
-2.82
-2.36
-1.49
-0.42
0.55
1.19
1.40
1.26
0.94
0.62
0.38
0.23
0.14
0.11
0.15
0.28
0.48
0.70
0.89
0.98
0.97
0.89
0.81
0.81
0.97
1.31
1.78
2.29
2.70
2.90
2.85
2.60
2.28
2.01
1.89
1.92
2.02
2.07
1.99
1.76
1.41
1.00
0.58
0.16
-0.28
-0.74
-1.21
-1.62
-1.90
-2.00
-1.95
-1.79
-1.60
-1.42
-1.27
-1.16
-1.11
-1.16
-1.34
-1.66
-2.03
-2.32
-2.40
-2.16
-1.62
-0.88
-0.09
0.60
1.08
1.30
1.28
1.09
0.84
0.60
0.41
0.31
0.27
0.33
0.51
0.83
1.29
1.78
2.19
2.37
2.28
1.96
1.55
1.15
0.85
0.63
0.46
0.30
0.15
0.04
-0.02
-0.04
-0.04
-0.05
-0.07
-0.09
-0.09
-0.08
-0.09
-0.19
-0.38
-0.64
-0.89
-1.06
-1.09
-1.00
-0.86
-0.78
-0.86
-1.17
-1.65
-2.19
-2.63
-2.85
-2.78
-2.48
-2.07
-1.67
-1.32
-0.98
-0.59
-0.11
0.40
0.81
1.02
0.95
0.65
0.28
-0.00
-0.09
0.02
0.26
0.53
0.77
1.00
1.25
1.54
1.84
2.05
2.08
1.87
1.47
0.98
0.51
0.16
-0.05
-0.13
-0.07
0.14
0.46
0.86
1.22
1.48
1.57
1.51
1.34
1.13
0.93
0.74
0.57
0.38
0.14
-0.16
-0.49
-0.80
-1.01
-1.02
-0.81
-0.42
0.03
0.39
0.54
0.48
0.28
0.04
-0.12
-0.19
-0.17
-0.12
-0.08
-0.10
-0.19
-0.37
-0.66
-1.03
-1.42
-1.72
-1.82
-1.66
-1.27
-0.81
-0.43
-0.23
-0.22
-0.31
-0.43
-0.53
-0.67
-0.85
-1.07
-1.20
-1.11
-0.70
-0.02
0.74
1.38
1.72
1.76
1.57
1.31
1.06
0.83
0.62
0.44
0.35
0.41
0.69
1.10
1.51
1.73
1.62
1.19
0.59
-0.01
-0.43
-0.64
-0.66
-0.62
-0.60
-0.65
-0.80
-1.02
-1.31
-1.60
-1.81
-1.87
-1.75
-1.44
-1.03
-0.60
-0.25
-0.04
-0.00
-0.15
-0.44
-0.82
-1.14
-1.25
-1.05
-0.55
0.15
0.83
1.34
1.57
1.55
1.36
1.07
0.74
0.38
0.02
-0.27
-0.46
-0.45
-0.24
0.15
0.63
1.06
1.33
1.37
1.20
0.93
0.66
0.49
0.42
0.41
0.39
0.37
0.38
0.45
0.60
0.79
0.92
0.92
0.79
0.55
0.26
-0.03
-0.29
-0.54
-0.75
-0.92
-1.02
-1.04
-1.02
-1.04
-1.14
-1.34
-1.58
-1.74
-1.77
-1.62
-1.39
-1.18
-1.08
-1.14
-1.33
-1.55
-1.70
-1.64
-1.28
-0.64
0.19
1.01
1.60
1.84
1.75
1.47
1.21
1.09
1.16
1.30
1.40
1.37
1.20
0.99
0.84
0.80
0.91
1.12
1.37
1.58
1.70
1.70
1.57
1.35
1.06
0.73
0.35
-0.04
-0.38
-0.57
-0.50
-0.16
0.35
0.85
1.14
1.08
0.68
0.10
-0.48
-0.86
-0.97
-0.84
-0.54
-0.19
0.09
0.20
0.08
-0.29
-0.84
-1.47
-2.05
-2.46
-2.62
-2.52
-2.23
-1.82
-1.41
-1.09
-0.89
-0.83
-0.86
-0.89
-0.84
-0.62
-0.24
0.23
0.62
0.81
0.71
0.38
-0.06
-0.44
-0.63
-0.60
-0.41
-0.13
0.20
0.54
0.88
1.18
1.42
1.57
1.64
1.68
1.75
1.84
1.92
1.90
1.75
1.46
1.14
0.87
0.74
0.78
0.92
1.03
1.01
0.76
0.32
-0.21
-0.68
-0.96
-1.03
-0.94
-0.83
-0.83
-1.00
-1.28
-1.54
-1.67
-1.63
-1.50
-1.38
-1.34
-1.40
-1.44
-1.40
-1.22
-0.99
-0.81
-0.80
-0.99
-1.26
-1.44
-1.37
-0.97
-0.34
0.34
0.83
0.99
0.79
0.37
-0.08
-0.37
-0.42
-0.24
0.04
0.31
0.54
0.77
1.10
1.56
2.10
2.60
2.91
2.91
2.60
2.07
1.43
0.78
0.17
-0.37
-0.83
-1.18
-1.40
-1.46
-1.37
-1.15
-0.85
-0.52
-0.22
-0.02
0.02
-0.09
-0.33
-0.64
-0.98
-1.33
-1.67
-1.98
-2.23
-2.36
-2.33
-2.11
-1.76
-1.36
-0.99
-0.67
-0.44
-0.28
-0.20
-0.15
-0.08
0.10
0.44
0.94
1.51
2.03
2.36
2.41
2.17
1.72
1.16
0.60
0.11
-0.24
-0.45
-0.50
-0.42
-0.20
0.09
0.41
0.69
0.86
0.87
0.73
0.49
0.25
0.12
0.12
0.24
0.39
0.47
0.45
0.31
0.10
-0.12
-0.27
-0.34
-0.31
-0.22
-0.11
-0.02
0.05
0.09
0.11
0.10
0.07
0.02
-0.01
-0.03
-0.03
0.01
0.06
0.11
0.14
0.12
0.04
-0.08
-0.23
-0.36
-0.51
-0.70
-1.01
-1.46
-1.97
-2.40
-2.57
-2.37
-1.81
-1.05
-0.30
0.23
0.45
0.37
0.10
-0.22
-0.47
-0.58
-0.53
-0.34
-0.04
0.31
0.70
1.11
1.50
1.83
2.01
2.01
1.80
1.43
1.00
0.57
0.20
-0.07
-0.25
-0.30
-0.19
0.06
0.39
0.70
0.90
0.94
0.87
0.75
0.63
0.55
0.51
0.50
0.57
0.72
0.90
1.00
0.92
0.60
0.10
-0.44
-0.88
-1.13
-1.23
-1.26
-1.33
-1.47
-1.69
-1.95
-2.20
-2.37
-2.42
-2.29
-1.99
-1.53
-0.99
-0.44
0.10
0.57
0.95
1.21
1.31
1.25
1.03
0.70
0.33
0.02
-0.17
-0.17
0.01
0.34
0.68
0.94
1.03
0.94
0.78
0.67
0.68
0.78
0.87
0.86
0.72
0.51
0.28
0.07
-0.13
-0.38
-0.67
-0.94
-1.06
-0.98
-0.72
-0.42
-0.26
-0.35
-0.68
-1.13
-1.55
-1.81
-1.86
-1.72
-1.46
-1.17
-0.92
-0.79
-0.77
-0.86
-0.96
-0.97
-0.81
-0.45
0.05
0.59
1.03
1.29
1.31
1.13
0.80
0.41
0.07
-0.11
-0.08
0.20
0.66
1.17
1.58
1.77
1.70
1.46
1.18
1.01
1.02
1.18
1.41
1.62
1.74
1.74
1.66
1.51
1.32
1.07
0.73
0.28
-0.25
-0.81
-1.29
-1.60
-1.67
-1.53
-1.28
-1.09
-1.09
-1.34
-1.78
-2.25
-2.59
-2.70
-2.57
-2.21
-1.73
-1.21
-0.74
-0.43
-0.35
-0.52
-0.87
-1.22
-1.36
-1.15
-0.59
0.14
0.79
1.17
1.26
1.15
1.03
0.98
1.02
1.06
1.03
0.88
0.66
0.44
0.29
0.23
0.30
0.49
0.79
1.14
1.48
1.73
1.85
1.85
1.73
1.52
1.22
0.82
0.35
-0.10
-0.43
-0.56
-0.51
-0.36
-0.24
-0.25
-0.44
-0.74
-1.07
-1.32
-1.44
-1.41
-1.26
-1.02
-0.74
-0.50
-0.36
-0.37
-0.49
-0.68
-0.83
-0.91
-0.90
-0.83
-0.71
-0.56
-0.37
-0.18
-0.04
0.02
-0.01
-0.07
-0.09
-0.05
0.06
0.19
0.30
0.41
0.57
0.81
1.13
1.46
1.70
1.78
1.67
1.38
0.99
0.57
0.20
-0.04
-0.10
0.02
0.21
0.38
0.43
0.33
0.11
-0.14
-0.36
-0.48
-0.47
-0.33
-0.10
0.15
0.34
0.39
0.32
0.15
-0.06
-0.26
-0.41
-0.53
-0.62
-0.65
-0.64
-0.60
-0.55
-0.54
-0.59
-0.65
-0.68
-0.61
-0.45
-0.26
-0.12
-0.08
-0.13
-0.16
-0.08
0.18
0.58
1.02
1.34
1.43
1.25
0.87
0.38
-0.08
-0.40
-0.54
-0.51
-0.34
-0.10
0.16
0.40
0.60
0.76
0.87
0.93
0.92
0.86
0.74
0.58
0.40
0.23
0.09
0.02
0.04
0.14
0.25
0.28
0.12
-0.25
-0.75
-1.23
-1.51
-1.55
-1.35
-1.04
-0.74
-0.56
-0.51
-0.63
-0.89
-1.26
-1.70
-2.08
-2.28
-2.21
-1.88
-1.35
-0.82
-0.42
-0.24
-0.25
-0.34
-0.34
-0.15
0.25
0.78
1.28
1.62
1.73
1.61
1.36
1.03
0.69
0.35
0.05
-0.19
-0.34
-0.35
-0.26
-0.10
0.05
0.15
0.16
0.10
-0.01
-0.07
-0.03
0.17
0.49
0.86
1.18
1.37
1.44
1.46
1.49
1.55
1.60
1.54
1.32
0.93
0.42
-0.13
-0.65
-1.09
-1.41
-1.60
-1.70
-1.77
-1.86
-2.01
-2.22
-2.43
-2.55
-2.51
-2.29
-1.92
-1.46
-0.98
-0.52
-0.14
0.12
0.22
0.18
0.08
0.07
0.24
0.63
1.13
1.60
1.88
1.90
1.72
1.45
1.19
0.98
0.77
0.55
0.32
0.16
0.17
0.37
0.71
1.09
1.39
1.52
1.45
1.20
0.83
0.44
0.11
-0.06
-0.06
0.10
0.33
0.54
0.68
0.73
0.71
0.65
0.56
0.44
0.30
0.17
0.06
-0.08
-0.30
-0.61
-0.96
-1.25
-1.34
-1.13
-0.68
-0.14
0.30
0.45
0.29
-0.12
-0.61
-1.03
-1.26
-1.27
-1.04
-0.64
-0.12
0.42
0.89
1.19
1.32
1.28
1.15
0.99
0.84
0.69
0.51
0.29
0.09
-0.02
0.04
0.31
0.74
1.22
1.57
1.70
1.59
1.32
1.04
0.82
0.67
0.53
0.33
0.04
-0.27
-0.56
-0.77
-0.94
-1.15
-1.42
-1.74
-2.00
-2.08
-1.93
-1.57
-1.12
-0.69
-0.38
-0.26
-0.33
-0.55
-0.80
-0.95
-0.94
-0.73
-0.42
-0.15
-0.05
-0.17
-0.46
-0.80
-1.06
-1.18
-1.12
-0.93
-0.64
-0.27
0.16
0.62
1.04
1.30
1.30
1.03
0.51
-0.09
-0.59
-0.83
-0.77
-0.49
-0.12
0.24
0.53
0.79
1.02
1.23
1.34
1.31
1.14
0.90
0.73
0.69
0.76
0.86
0.83
0.60
0.17
-0.36
-0.86
-1.23
-1.42
-1.46
-1.40
-1.28
-1.14
-0.93
-0.61
-0.18
0.31
0.70
0.87
0.68
0.17
-0.52
-1.17
-1.56
-1.60
-1.33
-0.90
-0.49
-0.23
-0.14
-0.16
-0.17
-0.08
0.20
0.66
1.17
1.56
1.68
1.45
0.93
0.28
-0.29
-0.64
-0.69
-0.54
-0.32
-0.18
-0.15
-0.23
-0.31
-0.34
-0.29
-0.22
-0.22
-0.33
-0.54
-0.75
-0.86
-0.82
-0.61
-0.30
0.06
0.42
0.76
1.05
1.26
1.38
1.41
1.37
1.34
1.36
1.39
1.38
1.26
0.98
0.59
0.12
-0.35
-0.76
-1.11
-1.40
-1.65
-1.84
-1.91
-1.82
-1.54
-1.11
-0.57
0.00
0.52
0.96
1.29
1.53
1.75
1.93
2.02
2.00
1.86
1.54
1.01
0.20
-0.98
-2.58
-4.65
-7.16
-9.92
-12.65
-15.04
-16.82
-17.89
-18.21
-17.82
-16.71
-14.87
-12.27
-9.05
-5.48
-1.96
1.14
3.64
5.53
6.94
7.99
8.74
9.11
9.05
8.60
7.89
7.13
6.48
6.00
5.64
5.30
4.87
4.35
3.79
3.26
2.86
2.61
2.52
2.52
2.55
2.52
2.43
2.24
1.99
1.70
1.44
1.26
1.23
1.35
1.62
1.95
2.22
2.31
2.14
1.73
1.19
0.69
0.34
0.18
0.16
0.15
0.08
-0.04
-0.14
-0.14
0.02
0.32
0.69
1.04
1.30
1.45
1.49
1.45
1.32
1.10
0.78
0.41
0.02
-0.33
-0.60
-0.75
-0.79
-0.75
-0.68
-0.65
-0.68
-0.75
-0.78
-0.72
-0.56
-0.36
-0.21
-0.19
-0.31
-0.52
-0.74
-0.89
-0.94
-0.93
-0.89
-0.83
-0.73
-0.56
-0.34
-0.11
0.07
0.13
0.06
-0.09
-0.21
-0.22
-0.12
0.07
0.24
0.30
0.24
0.13
0.05
0.09
0.28
0.55
0.77
0.85
0.77
0.59
0.45
0.44
0.60
0.86
1.10
1.19
1.06
0.74
0.35
0.02
-0.14
-0.13
0.02
0.22
0.41
0.57
0.70
0.79
0.82
0.74
0.53
0.18
-0.21
-0.57
-0.79
-0.86
-0.80
-0.67
-0.52
-0.39
-0.25
-0.09
0.12
0.37
0.60
0.79
0.91
0.97
1.02
1.12
1.31
1.60
1.97
2.30
2.52
2.55
2.35
1.97
1.51
1.09
0.84
0.88
1.17
1.62
2.04
2.24
2.08
1.48
0.45
-0.95
-2.62
-4.54
-6.68
-9.01
-11.47
-13.89
-16.03
-17.60
-18.32
-18.01
-16.61
-14.20
-11.03
-7.42
-3.74
-0.31
2.63
4.97
6.70
7.88
8.58
8.89
8.83
8.50
8.01
7.44
6.88
6.36
5.87
5.37
4.87
4.34
3.85
3.44
3.15
2.97
2.86
2.73
2.53
2.26
1.96
1.73
1.65
1.74
1.93
2.12
2.22
2.19
2.05
1.86
1.67
1.49
1.30
1.13
1.04
1.09
1.30
1.59
1.83
1.90
1.76
1.47
1.15
0.88
0.68
0.52
0.30
0.00
-0.34
-0.64
-0.83
-0.85
-0.74
-0.57
-0.41
-0.32
-0.29
-0.30
-0.32
-0.34
-0.38
-0.42
-0.48
-0.52
-0.51
-0.42
-0.24
0.01
0.28
0.55
0.72
0.75
0.62
0.34
-0.03
-0.37
-0.59
-0.62
-0.46
-0.17
0.14
0.38
0.44
0.30
-0.03
-0.44
-0.80
-1.02
-1.06
-0.96
-0.78
-0.60
-0.45
-0.35
-0.26
-0.16
0.01
0.27
0.64
1.15
1.79
2.49
3.16
3.66
3.91
3.86
3.52
2.95
2.20
1.34
0.42
-0.49
-1.32
-2.00
-2.44
-2.65
-2.65
-2.52
-2.33
-2.09
-1.84
-1.58
-1.36
-1.21
-1.17
-1.22
-1.29
-1.34
-1.29
-1.17
-1.00
-0.86
-0.75
-0.65
-0.51
-0.31
-0.01
0.33
0.68
1.00
1.25
1.44
1.55
1.60
1.61
1.61
1.61
1.62
1.58
1.50
1.38
1.30
1.36
1.61
2.02
2.48
2.81
2.88
2.69
2.29
1.78
1.16
0.31
-0.94
-2.69
-4.98
-7.69
-10.61
-13.49
-16.06
-18.09
-19.34
-19.65
-18.92
-17.21
-14.67
-11.53
-8.06
-4.55
-1.25
1.61
3.88
5.47
6.43
6.86
6.98
6.92
6.83
6.78
6.72
6.58
6.31
5.91
5.46
5.09
4.88
4.88
5.06
5.30
5.48
5.51
5.34
4.99
4.50
3.91
3.30
2.68
2.07
1.51
1.03
0.66
0.44
0.34
0.33
0.35
0.35
0.33
0.30
0.34
0.45
0.65
0.88
1.05
1.12
1.08
1.00
0.93
0.89
0.85
0.73
0.50
0.19
-0.10
-0.25
-0.21
-0.03
0.17
0.22
0.06
-0.28
-0.69
-1.08
-1.36
-1.53
-1.57
-1.49
-1.26
-0.91
-0.49
-0.11
0.13
0.18
0.09
0.01
0.06
0.34
0.80
1.30
1.67
1.75
1.53
1.11
0.65
0.30
0.12
0.04
-0.01
-0.08
-0.14
-0.07
0.23
0.73
1.31
1.69
1.69
1.23
0.49
-0.27
-0.78
-0.93
-0.80
-0.56
-0.39
-0.33
-0.29
-0.14
0.22
0.71
1.17
1.44
1.46
1.25
0.94
0.64
0.40
0.22
0.08
-0.05
-0.16
-0.26
-0.38
-0.56
-0.80
-1.08
-1.33
-1.48
-1.52
-1.43
-1.24
-0.98
-0.65
-0.31
-0.01
0.18
0.23
0.18
0.12
0.18
0.46
0.96
1.59
2.15
2.50
2.55
2.33
1.96
1.60
1.34
1.22
1.27
1.38
1.48
1.51
1.44
1.24
0.82
0.09
-1.04
-2.63
-4.67
-7.10
-9.80
-12.61
-15.33
-17.71
-19.44
-20.21
-19.78
-18.06
-15.22
-11.63
-7.72
-3.91
-0.48
2.47
4.90
6.83
8.25
9.16
9.59
9.53
9.12
8.46
7.66
6.83
6.05
5.40
4.94
4.67
4.51
4.38
4.17
3.81
3.30
2.68
2.02
1.38
0.84
0.44
0.23
0.25
0.52
0.97
1.52
2.00
2.29
2.30
2.07
1.71
1.38
1.18
1.11
1.13
1.16
1.18
1.18
1.20
1.25
1.29
1.27
1.15
0.95
0.72
0.52
0.38
0.32
0.32
0.36
0.39
0.40
0.37
0.28
0.19
0.13
0.15
0.25
0.37
0.40
0.29
0.02
-0.30
-0.56
-0.66
-0.60
-0.45
-0.30
-0.20
-0.16
-0.15
-0.14
-0.14
-0.15
-0.20
-0.29
-0.43
-0.59
-0.75
-0.87
-0.92
-0.88
-0.76
-0.60
-0.45
-0.33
-0.23
-0.10
0.11
0.41
0.73
1.00
1.10
1.03
0.80
0.49
0.17
-0.13
-0.39
-0.61
-0.74
-0.74
-0.53
-0.12
0.41
0.91
1.22
1.23
0.96
0.53
0.07
-0.30
-0.53
-0.64
-0.67
-0.65
-0.56
-0.40
-0.17
0.11
0.38
0.58
0.65
0.57
0.36
0.09
-0.18
-0.39
-0.54
-0.66
-0.78
-0.94
-1.10
-1.21
-1.19
-1.00
-0.68
-0.31
0.03
0.29
0.46
0.56
0.55
0.45
0.24
-0.02
-0.23
-0.27
-0.08
0.33
0.85
1.35
1.69
1.81
1.73
1.53
1.27
1.07
0.93
0.90
1.00
1.26
1.60
1.86
1.77
1.08
-0.40
-2.69
-5.60
-8.81
-11.92
-14.56
-16.47
-17.53
-17.71
-17.04
-15.65
-13.65
-11.19
-8.39
-5.38
-2.31
0.66
3.34
5.54
7.10
7.97
8.25
8.06
7.65
7.19
6.79
6.44
6.11
5.76
5.37
5.00
4.65
4.36
4.09
3.82
3.55
3.30
3.11
2.95
2.75
2.41
1.89
1.25
0.66
0.32
0.35
0.71
1.19
1.51
1.51
1.19
0.74
0.36
0.18
0.19
0.30
0.39
0.46
0.59
0.88
1.35
1.89
2.30
2.41
2.17
1.64
1.01
0.44
0.07
-0.09
-0.08
0.00
0.06
0.08
0.05
0.02
0.01
0.02
-0.02
-0.09
-0.19
-0.26
-0.20
-0.02
0.21
0.34
0.25
-0.10
-0.59
-1.02
-1.22
-1.14
-0.88
-0.62
-0.51
-0.55
-0.62
-0.58
-0.37
-0.10
0.07
-0.01
-0.35
-0.82
-1.22
-1.41
-1.34
-1.09
-0.75
-0.36
0.04
0.44
0.74
0.84
0.66
0.27
-0.21
-0.56
-0.63
-0.41
0.04
0.52
0.91
1.13
1.22
1.25
1.28
1.31
1.30
1.18
0.92
0.55
0.14
-0.23
-0.50
-0.67
-0.71
-0.65
-0.47
-0.21
0.07
0.27
0.32
0.20
-0.03
-0.24
-0.35
-0.33
-0.22
-0.12
-0.09
-0.14
-0.22
-0.23
-0.13
0.06
0.27
0.43
0.45
0.32
0.08
-0.22
-0.52
-0.74
-0.88
-0.97
-1.03
-1.14
-1.32
-1.55
-1.77
-1.84
-1.68
-1.24
-0.60
0.09
0.65
0.97
1.05
1.01
0.99
1.10
1.32
1.54
1.66
1.64
1.56
1.54
1.64
1.84
2.05
2.13
2.04
1.84
1.63
1.52
1.50
1.48
1.35
1.08
0.71
0.36
0.15
0.13
0.26
0.53
0.79
0.99
1.07
1.05
0.90
0.57
-0.03
-1.03
-2.51
-4.52
-7.04
-9.91
-12.89
-15.65
-17.86
-19.23
-19.58
-18.85
-17.15
-14.69
-11.74
-8.55
-5.31
-2.16
0.79
3.42
5.57
7.10
7.95
8.16
7.85
7.25
6.58
5.96
5.47
5.17
5.09
5.25
5.64
6.11
6.52
6.70
6.54
6.06
5.34
4.52
3.72
3.04
2.54
2.29
2.30
2.53
2.86
3.13
3.15
2.85
2.25
1.50
0.79
0.28
0.03
-0.01
0.07
0.19
0.31
0.43
0.55
0.63
0.58
0.37
0.04
-0.27
-0.42
-0.32
-0.01
0.33
0.51
0.44
0.14
-0.26
-0.61
-0.82
-0.88
-0.86
-0.82
-0.84
-0.93
-1.10
-1.30
-1.52
-1.73
-1.94
-2.13
-2.28
-2.33
-2.21
-1.89
-1.40
-0.84
-0.33
0.06
0.30
0.50
0.72
1.01
1.33
1.63
1.83
1.93
1.94
1.87
1.72
1.49
1.20
0.89
0.62
0.40
0.23
0.03
-0.20
-0.47
-0.69
-0.77
-0.69
-0.48
-0.26
-0.14
-0.19
-0.38
-0.62
-0.79
-0.80
-0.65
-0.43
-0.22
-0.10
-0.06
-0.03
0.04
0.17
0.28
0.31
0.24
0.12
0.11
0.31
0.71
1.17
1.44
1.32
0.77
-0.06
-0.91
-1.52
-1.78
-1.73
-1.52
-1.32
-1.25
-1.34
-1.56
-1.79
-1.94
-1.92
-1.69
-1.28
-0.77
-0.30
0.05
0.23
0.28
0.28
0.29
0.35
0.48
0.67
0.89
1.15
1.45
1.77
2.06
2.28
2.38
2.34
2.21
2.02
1.84
1.73
1.69
1.70
1.71
1.67
1.54
1.31
1.00
0.67
0.34
0.08
-0.07
-0.01
0.25
0.66
1.13
1.48
1.53
1.14
0.24
-1.13
-2.87
-4.89
-7.13
-9.52
-11.98
-14.40
-16.61
-18.38
-19.45
-19.59
-18.65
-16.64
-13.73
-10.21
-6.46
-2.81
0.46
3.22
5.37
6.89
7.80
8.19
8.18
7.97
7.73
7.56
7.42
7.22
6.87
6.36
5.78
5.24
4.85
4.62
4.49
4.36
4.20
4.04
3.98
4.06
4.24
4.42
4.40
4.10
3.53
2.84
2.21
1.76
1.50
1.34
1.19
0.95
0.62
0.23
-0.13
-0.36
-0.41
-0.27
-0.01
0.25
0.36
0.25
-0.06
-0.43
-0.70
-0.77
-0.61
-0.29
0.05
0.33
0.45
0.42
0.25
-0.02
-0.34
-0.64
-0.86
-0.96
-0.92
-0.82
-0.73
-0.74
-0.89
-1.16
-1.43
-1.57
-1.48
-1.11
-0.55
0.05
0.49
0.67
0.61
0.43
0.28
0.23
0.25
0.23
0.13
-0.03
-0.09
0.05
0.44
0.95
1.43
1.69
1.67
1.44
1.12
0.84
0.66
0.56
0.51
0.45
0.37
0.28
0.22
0.20
0.24
0.33
0.41
0.41
0.29
0.03
-0.28
-0.56
-0.73
-0.74
-0.63
-0.46
-0.33
-0.28
-0.35
-0.54
-0.79
-1.06
-1.27
-1.36
-1.31
-1.12
-0.85
-0.53
-0.24
0.01
0.17
0.25
0.27
0.30
0.39
0.51
0.64
0.70
0.71
0.72
0.84
1.14
1.56
1.95
2.14
2.06
1.77
1.47
1.35
1.48
1.79
2.13
2.38
2.48
2.53
2.57
2.61
2.62
2.53
2.29
1.85
1.15
0.08
-1.44
-3.49
-6.04
-8.94
-11.98
-14.86
-17.29
-19.01
-19.80
-19.47
-17.96
-15.35
-11.86
-7.88
-3.85
-0.17
2.83
4.99
6.32
6.96
7.10
6.97
6.68
6.36
6.08
5.86
5.71
5.62
5.55
5.49
5.41
5.25
5.01
4.71
4.38
4.07
3.82
3.61
3.42
3.19
2.91
2.62
2.37
2.22
2.17
2.19
2.23
2.24
2.23
2.16
1.99
1.69
1.24
0.73
0.32
0.17
0.37
0.85
1.42
1.86
2.05
1.98
1.77
1.51
1.25
0.97
0.61
0.16
-0.32
-0.71
-0.93
-0.94
-0.79
-0.57
-0.38
-0.24
-0.14
-0.01
0.16
0.35
0.50
0.55
0.47
0.29
0.07
-0.14
-0.33
-0.52
-0.73
-0.95
-1.16
-1.35
-1.49
-1.59
-1.69
-1.75
-1.74
-1.62
-1.41
-1.17
-1.00
-0.97
-1.07
-1.23
-1.31
-1.17
-0.78
-0.20
0.43
0.93
1.21
1.28
1.22
1.16
1.14
1.17
1.15
1.03
0.80
0.53
0.34
0.34
0.53
0.84
1.11
1.25
1.20
1.00
0.73
0.49
0.31
0.18
0.07
-0.09
-0.28
-0.47
-0.59
-0.58
-0.42
-0.17
0.11
0.34
0.46
0.47
0.38
0.27
0.17
0.14
0.16
0.22
0.27
0.25
0.18
0.08
-0.00
-0.02
0.02
0.08
0.11
0.08
0.03
0.00
0.06
0.23
0.47
0.71
0.86
0.85
0.66
0.34
-0.01
-0.27
-0.33
-0.15
0.22
0.64
0.99
1.17
1.17
1.05
0.90
0.77
0.69
0.71
0.80
0.92
1.07
1.21
1.28
1.23
0.92
0.22
-0.99
-2.80
-5.19
-8.01
-11.02
-13.86
-16.19
-17.72
-18.24
-17.69
-16.14
-13.74
-10.73
-7.41
-4.09
-1.01
1.66
3.83
5.50
6.69
7.42
7.74
7.68
7.38
6.96
6.53
6.13
5.73
5.27
4.73
4.18
3.73
3.52
3.59
3.83
4.05
4.03
3.68
3.03
2.24
1.51
0.99
0.73
0.65
0.66
0.67
0.67
0.70
0.82
1.04
1.31
1.54
1.63
1.52
1.24
0.87
0.52
0.30
0.23
0.32
0.51
0.78
1.09
1.40
1.66
1.82
1.84
1.71
1.48
1.24
1.04
0.92
0.85
0.78
0.64
0.44
0.16
-0.13
-0.42
-0.69
-0.95
-1.19
-1.41
-1.60
-1.76
-1.90
-2.00
-2.05
-1.99
-1.80
-1.48
-1.04
-0.54
-0.03
0.41
0.72
0.82
0.69
0.35
-0.10
-0.52
-0.76
-0.79
-0.66
-0.49
-0.44
-0.57
-0.81
-1.01
-1.03
-0.79
-0.38
0.05
0.34
0.39
0.25
0.02
-0.17
-0.27
-0.26
-0.19
-0.06
0.14
0.40
0.70
0.95
1.01
0.84
0.44
-0.07
-0.54
-0.86
-1.00
-0.97
-0.80
-0.52
-0.11
0.37
0.81
1.11
1.20
1.09
0.87
0.67
0.55
0.51
0.50
0.46
0.41
0.37
0.40
0.50
0.65
0.77
0.84
0.83
0.78
0.68
0.51
0.27
-0.06
-0.46
-0.89
-1.30
-1.67
-1.95
-2.08
-2.01
-1.74
-1.32
-0.90
-0.63
-0.62
-0.87
-1.28
-1.67
-1.92
-1.95
-1.76
-1.41
-0.93
-0.37
0.22
0.76
1.16
1.32
1.23
0.92
0.53
0.22
0.13
0.30
0.62
0.92
1.00
0.75
0.24
-0.36
-0.80
-0.94
-0.78
-0.52
-0.39
-0.52
-0.93
-1.47
-1.99
-2.41
-2.74
-3.07
-3.48
-3.98
-4.50
-4.97
-5.32
-5.53
-5.60
-5.53
-5.33
-5.03
-4.74
-4.54
-4.49
-4.54
-4.57
-4.38
-3.75
-2.40
-0.07
3.43
8.22
14.26
21.37
29.19
37.16
44.63
50.86
55.12
56.78
55.47
51.09
43.94
34.63
24.04
13.13
2.84
-6.15
-13.40
-18.78
-22.42
-24.59
-25.54
-25.49
-24.68
-23.34
-21.73
-20.14
-18.80
-17.82
-17.18
-16.67
-16.07
-15.22
-14.11
-12.86
-11.62
-10.55
-9.68
-8.97
-8.31
-7.65
-6.99
-6.40
-5.93
-5.58
-5.28
-4.91
-4.41
-3.79
-3.15
-2.62
-2.30
-2.18
-2.16
-2.12
-1.96
-1.66
-1.27
-0.89
-0.60
-0.45
-0.45
-0.54
-0.65
-0.70
-0.66
-0.50
-0.27
-0.00
0.23
0.42
0.55
0.62
0.59
0.40
0.05
-0.41
-0.84
-1.08
-1.05
-0.78
-0.39
-0.07
0.07
0.04
-0.04
-0.08
-0.03
0.03
0.00
-0.15
-0.34
-0.44
-0.31
0.04
0.50
0.88
1.00
0.82
0.46
0.11
-0.05
0.04
0.34
0.72
1.01
1.10
0.98
0.69
0.36
0.09
-0.05
-0.06
0.06
0.26
0.49
0.70
0.84
0.87
0.78
0.58
0.33
0.10
-0.04
-0.04
0.09
0.28
0.46
0.58
0.60
0.53
0.43
0.32
0.23
0.12
-0.01
-0.18
-0.37
-0.55
-0.69
-0.76
-0.71
-0.53
-0.24
0.10
0.40
0.59
0.67
0.67
0.65
0.64
0.61
0.48
0.22
-0.15
-0.52
-0.76
-0.80
-0.68
-0.48
-0.29
-0.10
0.13
0.47
0.91
1.40
1.79
2.02
2.08
2.04
2.01
2.08
2.19
2.30
2.33
2.25
2.07
1.75
1.19
0.27
-1.15
-3.16
-5.72
-8.67
-11.74
-14.61
-16.97
-18.49
-18.98
-18.34
-16.65
-14.10
-11.01
-7.74
-4.55
-1.66
0.85
2.94
4.62
5.85
6.66
7.06
7.09
6.91
6.66
6.46
6.33
6.22
6.05
5.76
5.34
4.86
4.44
4.15
4.01
3.93
3.76
3.38
2.74
1.92
1.11
0.51
0.24
0.31
0.62
1.02
1.34
1.52
1.53
1.40
1.19
0.93
0.67
0.46
0.33
0.29
0.35
0.47
0.62
0.76
0.85
0.89
0.90
0.89
0.91
0.97
1.05
1.11
1.08
0.92
0.64
0.30
0.03
-0.10
-0.04
0.17
0.45
0.66
0.75
0.72
0.64
0.56
0.53
0.53
0.48
0.32
0.04
-0.27
-0.51
-0.56
-0.38
-0.01
0.40
0.68
0.74
0.53
0.08
-0.53
-1.18
-1.72
-2.01
-1.99
-1.64
-1.08
-0.54
-0.21
-0.24
-0.61
-1.13
-1.54
-1.61
-1.26
-0.58
0.18
0.80
1.12
1.18
1.08
0.97
0.92
0.94
0.94
0.84
0.67
0.49
0.39
0.40
0.48
0.59
0.66
0.68
0.66
0.61
0.55
0.45
0.33
0.18
0.00
-0.21
-0.45
-0.72
-0.93
-1.00
-0.84
-0.45
0.07
0.55
0.87
0.93
0.81
0.62
0.49
0.45
0.50
0.59
0.68
0.75
0.83
0.89
0.91
0.82
0.61
0.27
-0.14
-0.50
-0.76
-0.89
-0.93
-0.97
-1.09
-1.27
-1.46
-1.56
-1.53
-1.40
-1.27
-1.18
-1.12
-0.98
-0.67
-0.17
0.39
0.86
1.09
1.09
0.99
0.93
1.01
1.16
1.28
1.24
1.03
0.72
0.41
0.16
0.01
-0.03
0.03
0.21
0.47
0.77
0.99
1.07
1.01
0.84
0.67
0.53
0.44
0.36
0.25
0.07
-0.11
-0.25
-0.28
-0.19
-0.03
0.16
0.33
0.45
0.53
0.60
0.66
0.71
0.72
0.63
0.50
0.39
0.40
0.60
0.97
1.36
1.62
1.66
1.42
1.02
0.60
0.30
0.14
0.00
-0.35
-1.11
-2.41
-4.26
-6.57
-9.21
-11.95
-14.52
-16.65
-18.03
-18.46
-17.83
-16.17
-13.67
-10.60
-7.23
-3.85
-0.65
2.24
4.76
6.84
8.43
9.46
9.92
9.82
9.31
8.56
7.75
7.02
6.41
5.88
5.36
4.81
4.21
3.66
3.27
3.11
3.17
3.34
3.46
3.40
3.13
2.70
2.26
1.88
1.57
1.28
0.95
0.59
0.30
0.18
0.32
0.67
1.09
1.37
1.36
1.02
0.46
-0.12
-0.53
-0.66
-0.53
-0.26
0.01
0.24
0.43
0.63
0.84
0.99
0.92
0.53
-0.13
-0.85
-1.33
-1.35
-0.88
-0.12
0.64
1.11
1.15
0.80
0.22
-0.37
-0.79
-0.96
-0.88
-0.62
-0.31
-0.03
0.16
0.31
0.45
0.63
0.80
0.86
0.72
0.37
-0.11
-0.55
-0.77
-0.70
-0.39
0.02
0.37
0.53
0.47
0.29
0.13
0.10
0.26
0.53
0.77
0.84
0.67
0.33
-0.05
-0.34
-0.47
-0.48
-0.45
-0.48
-0.61
-0.81
-1.02
-1.18
-1.24
-1.21
-1.09
-0.92
-0.71
-0.52
-0.39
-0.35
-0.42
-0.60
-0.79
-0.91
-0.86
-0.60
-0.18
0.25
0.57
0.69
0.59
0.39
0.19
0.09
0.13
0.27
0.39
0.40
0.28
0.07
-0.10
-0.11
0.07
0.40
0.76
1.01
1.07
0.94
0.69
0.43
0.24
0.10
-0.03
-0.21
-0.45
-0.69
-0.83
-0.79
-0.55
-0.17
0.24
0.59
0.82
0.92
0.94
0.91
0.83
0.65
0.35
-0.03
-0.36
-0.55
-0.54
-0.37
-0.19
-0.12
-0.21
-0.40
-0.60
-0.70
-0.69
-0.63
-0.63
-0.74
-0.95
-1.19
-1.38
-1.45
-1.38
-1.20
-0.95
-0.68
-0.40
-0.10
0.24
0.62
1.02
1.39
1.63
1.69
1.58
1.33
1.04
0.74
0.49
0.28
0.17
0.14
0.20
0.33
0.51
0.67
0.80
0.90
0.94
0.91
0.78
0.52
0.18
-0.18
-0.47
-0.59
-0.51
-0.32
-0.10
0.01
-0.05
-0.26
-0.51
-0.66
-0.64
-0.44
-0.16
0.05
0.06
-0.15
-0.50
-0.87
-1.11
-1.18
-1.08
-0.87
-0.60
-0.31
0.01
0.35
0.69
0.97
1.13
1.12
0.95
0.65
0.34
0.10
0.03
0.12
0.32
0.57
0.78
0.91
0.98
1.02
1.03
1.04
1.04
1.04
1.04
1.04
1.04
1.01
0.98
0.98
1.06
1.28
1.59
1.93
2.19
2.27
2.09
1.58
0.73
-0.49
-2.07
-3.99
-6.25
-8.73
-11.29
-13.69
-15.67
-17.01
-17.56
-17.27
-16.17
-14.37
-12.01
-9.25
-6.25
-3.18
-0.26
2.31
4.39
5.93
6.95
7.52
7.69
7.55
7.19
6.70
6.20
5.81
5.62
5.65
5.83
6.01
6.06
5.87
5.43
4.78
4.03
3.30
2.71
2.28
1.97
1.72
1.45
1.14
0.80
0.50
0.26
0.11
0.03
-0.03
-0.04
0.02
0.20
0.52
0.93
1.32
1.54
1.50
1.22
0.87
0.66
0.75
1.18
1.77
2.27
2.45
2.24
1.73
1.12
0.54
0.08
-0.24
-0.51
-0.76
-1.02
-1.26
-1.44
-1.52
-1.43
-1.13
-0.63
-0.05
0.50
0.93
1.21
1.34
1.34
1.22
0.94
0.50
-0.08
-0.73
-1.33
-1.79
-2.07
-2.12
-1.96
-1.61
-1.14
-0.61
-0.06
0.44
0.87
1.17
1.29
1.12
0.64
-0.09
-0.90
-1.53
-1.79
-1.61
-1.10
-0.46
0.07
0.39
0.50
0.49
0.44
0.42
0.48
0.67
1.06
1.62
2.29
2.93
3.35
3.46
3.25
2.78
2.13
1.38
0.61
-0.12
-0.73
-1.17
-1.45
-1.63
-1.77
-1.89
-1.94
-1.85
-1.55
-1.03
-0.42
0.11
0.43
0.44
0.19
-0.21
-0.62
-0.93
-1.12
-1.23
-1.34
-1.48
-1.65
-1.78
-1.84
-1.79
-1.63
-1.33
-0.86
-0.23
0.56
1.40
2.09
2.46
2.39
1.90
1.16
0.42
-0.12
-0.31
-0.17
0.19
0.59
0.85
0.87
0.68
0.34
-0.01
-0.33
-0.55
-0.67
-0.65
-0.52
-0.32
-0.10
0.08
0.21
0.31
0.43
0.57
0.72
0.82
0.80
0.66
0.39
0.04
-0.38
-0.88
-1.47
-2.03
-2.46
-2.62
-2.43
-1.96
-1.35
-0.78
-0.36
-0.12
0.03
0.19
0.41
0.71
1.00
1.23
1.36
1.33
1.10
0.70
0.17
-0.39
-0.81
-0.98
-0.85
-0.46
0.02
0.42
0.58
0.48
0.21
-0.08
-0.29
-0.35
-0.27
-0.17
-0.10
-0.12
-0.18
-0.24
-0.20
-0.01
0.37
0.93
1.59
2.28
2.89
3.30
3.47
3.36
3.00
2.46
1.82
1.19
0.67
0.32
0.16
0.19
0.32
0.48
0.60
0.64
0.59
0.54
0.49
0.47
0.53
0.62
0.73
0.74
0.52
-0.06
-1.06
-2.48
-4.27
-6.28
-8.39
-10.47
-12.38
-13.99
-15.13
-15.64
-15.36
-14.27
-12.39
-9.90
-6.99
-3.95
-1.05
1.45
3.38
4.67
5.41
5.77
5.93
6.04
6.20
6.35
6.40
6.27
5.94
5.48
5.00
4.60
4.34
4.23
4.16
4.02
3.67
3.08
2.31
1.55
0.99
0.79
0.95
1.33
1.72
1.98
2.10
2.14
2.25
2.45
2.66
2.77
2.67
2.36
1.92
1.46
1.01
0.57
0.13
-0.30
-0.67
-0.91
-0.97
-0.90
-0.79
-0.76
-0.87
-1.06
-1.23
-1.24
-1.04
-0.69
-0.29
0.04
0.24
0.34
0.37
0.35
0.29
0.13
-0.10
-0.38
-0.63
-0.78
-0.80
-0.69
-0.52
-0.35
-0.20
-0.12
-0.15
-0.29
-0.52
-0.81
-1.08
-1.28
-1.39
-1.42
-1.43
-1.53
-1.68
-1.78
-1.70
-1.33
-0.67
0.12
0.86
1.35
1.57
1.62
1.69
1.84
2.06
2.22
2.19
1.94
1.57
1.26
1.10
1.11
1.18
1.21
1.09
0.87
0.61
0.36
0.19
0.10
0.04
-0.03
-0.13
-0.31
-0.59
-0.93
-1.30
-1.61
-1.78
-1.80
-1.72
-1.59
-1.44
-1.30
-1.11
-0.82
-0.45
-0.08
0.20
0.33
0.26
0.08
-0.16
-0.36
-0.46
-0.43
-0.27
0.03
0.47
0.91
1.28
1.44
1.39
1.17
0.90
0.71
0.65
0.71
0.82
0.93
0.97
0.94
0.81
0.56
0.20
-0.26
-0.72
-1.08
-1.22
-1.10
-0.81
-0.44
-0.13
0.08
0.15
0.12
0.01
-0.16
-0.40
-0.67
-0.91
-1.08
-1.08
-0.93
-0.63
-0.28
0.06
0.32
0.51
0.64
0.75
0.89
1.05
1.22
1.30
1.25
1.06
0.76
0.39
-0.00
-0.37
-0.67
-0.87
-0.94
-0.86
-0.64
-0.34
-0.08
0.08
0.10
-0.02
-0.21
-0.38
-0.44
-0.35
-0.14
0.13
0.38
0.52
0.54
0.42
0.24
0.04
-0.16
-0.38
-0.58
-0.75
-0.84
-0.79
-0.58
-0.24
0.20
0.69
1.18
1.61
1.90
1.94
1.68
1.13
0.36
-0.42
-1.02
-1.31
-1.32
-1.17
-1.03
-0.99
-1.01
-0.99
-0.85
-0.54
-0.14
0.24
0.50
0.61
0.61
0.53
0.36
0.07
-0.33
-0.78
-1.16
-1.37
-1.38
-1.26
-1.08
-0.95
-0.91
-0.90
-0.88
-0.78
-0.60
-0.38
-0.13
0.18
0.53
0.95
1.41
1.86
2.24
2.52
2.68
2.67
2.47
2.01
1.32
0.51
-0.25
-0.78
-0.93
-0.76
-0.41
-0.08
0.07
0.00
-0.19
-0.44
-0.70
-0.94
-1.22
-1.54
-1.87
-2.11
-2.19
-2.09
-1.87
-1.62
-1.38
-1.16
-0.93
-0.67
-0.38
-0.13
0.02
0.00
-0.16
-0.39
-0.59
-0.66
-0.57
-0.38
-0.17
-0.03
-0.00
-0.06
-0.13
-0.14
-0.01
0.26
0.62
0.98
1.28
1.42
1.42
1.32
1.19
1.11
1.12
1.18
1.23
1.19
1.03
0.78
0.51
0.29
0.19
0.27
0.52
0.88
1.31
1.73
2.09
2.36
2.48
2.43
2.22
1.88
1.47
1.05
0.65
0.28
-0.08
-0.50
-1.01
-1.67
-2.46
-3.47
-4.76
-6.40
-8.38
-10.59
-12.77
-14.57
-15.64
-15.73
-14.76
-12.85
-10.28
-7.36
-4.36
-1.53
1.00
3.12
4.76
5.93
6.62
6.91
6.82
6.49
6.01
5.50
5.01
4.61
4.29
4.06
3.93
3.86
3.90
4.07
4.35
4.63
4.79
4.69
4.28
3.63
2.87
2.17
1.67
1.40
1.31
1.29
1.24
1.11
0.94
0.79
0.74
0.79
0.92
1.05
1.12
1.08
0.91
0.63
0.24
-0.21
-0.69
-1.12
-1.45
-1.63
-1.61
-1.39
-1.01
-0.54
-0.06
0.34
0.60
0.68
0.57
0.29
-0.11
-0.57
-0.99
-1.28
-1.39
-1.28
-0.99
-0.55
-0.04
0.48
0.95
1.32
1.54
1.60
1.48
1.19
0.79
0.31
-0.21
-0.72
-1.15
-1.43
-1.53
-1.45
-1.22
-0.91
-0.58
-0.29
-0.10
-0.06
-0.20
-0.50
-0.84
-1.10
-1.16
-0.96
-0.52
0.09
0.77
1.44
1.98
2.33
2.39
2.10
1.49
0.70
-0.07
-0.60
-0.78
-0.60
-0.22
0.15
0.35
0.26
-0.08
-0.55
-0.97
-1.22
-1.24
-1.05
-0.72
-0.34
0.04
0.37
0.59
0.66
0.58
0.39
0.14
-0.10
-0.31
-0.47
-0.63
-0.77
-0.89
-0.96
-0.95
-0.83
-0.60
-0.22
0.27
0.82
1.35
1.74
1.89
1.81
1.55
1.21
0.89
0.62
0.37
0.11
-0.18
-0.45
-0.63
-0.69
-0.62
-0.48
-0.33
-0.21
-0.13
-0.04
0.07
0.22
0.35
0.45
0.50
0.52
0.56
0.65
0.80
0.95
1.07
1.10
1.01
0.77
0.40
-0.05
-0.50
-0.86
-1.06
-1.05
-0.85
-0.56
-0.28
-0.12
-0.14
-0.31
-0.55
-0.74
-0.79
-0.68
-0.45
-0.22
-0.13
-0.22
-0.50
-0.87
-1.21
-1.39
-1.33
-0.99
-0.44
0.21
0.82
1.28
1.52
1.56
1.46
1.26
0.99
0.66
0.27
-0.15
-0.52
-0.76
-0.82
-0.68
-0.40
-0.05
0.31
0.66
0.99
1.28
1.52
1.68
1.75
1.70
1.55
1.28
0.86
0.32
-0.32
-0.96
-1.48
-1.82
-1.95
-1.93
-1.86
-1.82
-1.86
-1.97
-2.13
-2.30
-2.45
-2.52
-2.43
-2.09
-1.49
-0.72
0.04
0.62
0.92
0.94
0.80
0.62
0.51
0.49
0.56
0.69
0.82
0.90
0.85
0.59
0.16
-0.34
-0.72
-0.85
-0.67
-0.28
0.13
0.43
0.58
0.60
0.57
0.53
0.46
0.29
0.03
-0.26
-0.47
-0.49
-0.27
0.08
0.39
0.50
0.32
-0.10
-0.59
-0.97
-1.13
-1.06
-0.85
-0.63
-0.51
-0.52
-0.62
-0.75
-0.79
-0.70
-0.43
-0.02
0.47
0.95
1.30
1.47
1.43
1.23
0.93
0.61
0.34
0.16
0.10
0.17
0.33
0.52
0.67
0.71
0.69
0.69
0.79
1.00
1.27
1.49
1.59
1.57
1.51
1.50
1.62
1.88
2.23
2.58
2.86
2.99
2.99
2.94
2.98
3.23
3.78
4.60
5.56
6.40
6.96
7.20
7.26
7.41
7.87
8.71
9.77
10.76
11.34
11.33
10.87
10.37
10.45
11.52
13.63
16.33
18.88
20.52
20.71
19.30
16.48
12.72
8.50
4.37
0.82
-1.94
-4.29
-7.38
-12.78
-21.70
-34.16
-48.53
-61.99
-71.51
-75.11
-72.53
-65.14
-55.21
-44.89
-35.59
-27.84
-21.54
-16.26
-11.58
-7.12
-2.62
1.98
6.45
10.36
13.27
14.90
15.14
14.07
11.95
9.17
6.19
3.55
1.71
0.96
1.36
2.65
4.42
6.18
7.55
8.31
8.46
8.22
7.89
7.75
7.95
8.46
9.07
9.53
9.61
9.26
8.58
7.83
7.24
6.93
6.86
6.85
6.72
6.32
5.62
4.76
3.92
3.30
2.98
2.96
3.12
3.32
3.40
3.26
2.92
2.45
1.95
1.49
1.09
0.73
0.41
0.18
0.13
0.29
0.61
0.93
1.05
0.87
0.37
-0.28
-0.85
-1.14
-1.07
-0.67
-0.07
0.52
0.94
1.09
0.96
0.69
0.42
0.30
0.35
0.53
0.75
0.95
1.11
1.20
1.23
1.12
0.84
0.42
-0.05
-0.42
-0.59
-0.56
-0.41
-0.21
-0.02
0.19
0.42
0.71
1.02
1.28
1.46
1.53
1.54
1.49
1.38
1.20
0.94
0.66
0.42
0.27
0.22
0.24
0.28
0.31
0.36
0.47
0.65
0.84
0.92
0.80
0.43
-0.07
-0.57
-0.87
-0.91
-0.72
-0.42
-0.13
0.06
0.16
0.24
0.33
0.44
0.53
0.54
0.45
0.27
0.07
-0.10
-0.16
-0.12
-0.01
0.14
0.25
0.31
0.34
0.41
0.56
0.83
1.15
1.43
1.57
1.52
1.32
1.03
0.72
0.43
0.18
-0.01
-0.11
-0.08
0.10
0.38
0.72
1.00
1.17
1.22
1.12
0.92
0.65
0.35
0.08
-0.09
-0.14
-0.08
0.04
0.14
0.18
0.17
0.17
0.21
0.33
0.50
0.67
0.81
0.94
1.05
1.15
1.22
1.24
1.17
1.04
0.91
0.83
0.86
0.94
1.00
0.99
0.90
0.74
0.51
0.12
-0.54
-1.58
-3.09
-5.05
-7.37
-9.91
-12.43
-14.67
-16.34
-17.16
-16.95
-15.68
-13.51
-10.70
-7.58
-4.41
-1.38
1.36
3.71
5.57
6.89
7.66
7.95
7.82
7.40
6.83
6.21
5.65
5.19
4.84
4.55
4.27
3.98
3.71
3.54
3.52
3.62
3.77
3.81
3.72
3.50
3.24
3.03
2.84
2.59
2.19
1.61
0.93
0.30
-0.18
-0.45
-0.56
-0.56
-0.50
-0.35
-0.09
0.30
0.75
1.15
1.37
1.32
0.97
0.36
-0.39
-1.13
-1.66
-1.84
-1.65
-1.20
-0.69
-0.33
-0.20
-0.26
-0.35
-0.35
-0.19
0.06
0.32
0.53
0.72
0.92
1.14
1.33
1.42
1.36
1.14
0.88
0.67
0.57
0.57
0.61
0.64
0.63
0.56
0.41
0.19
-0.13
-0.46
-0.70
-0.76
-0.57
-0.20
0.23
0.57
0.71
0.63
0.40
0.11
-0.17
-0.38
-0.53
-0.62
-0.64
-0.59
-0.48
-0.33
-0.18
-0.11
-0.13
-0.20
-0.26
-0.24
-0.09
0.16
0.43
0.62
0.67
0.60
0.47
0.36
0.32
0.37
0.47
0.57
0.60
0.51
0.31
0.03
-0.23
-0.45
-0.60
-0.69
-0.79
-0.91
-1.06
-1.18
-1.22
-1.11
-0.85
-0.47
-0.07
0.25
0.45
0.47
0.37
0.22
0.14
0.19
0.38
0.66
0.93
1.11
1.14
1.01
0.73
0.35
-0.08
-0.51
-0.89
-1.15
-1.24
-1.15
-0.91
-0.61
-0.36
-0.27
-0.35
-0.59
-0.91
-1.21
-1.42
-1.46
-1.33
-1.08
-0.75
-0.45
-0.25
-0.20
-0.29
-0.50
-0.79
-1.13
-1.46
-1.73
-1.83
-1.71
-1.36
-0.87
-0.39
-0.04
0.12
0.13
0.09
0.11
0.27
0.58
0.99
1.37
1.64
1.72
1.60
1.33
0.99
0.68
0.49
0.44
0.51
0.66
0.81
0.91
0.93
0.87
0.75
0.59
0.42
0.25
0.11
-0.00
-0.08
-0.14
-0.25
-0.40
-0.63
-0.92
-1.21
-1.44
-1.58
-1.61
-1.55
-1.41
-1.21
-1.01
-0.87
-0.85
-0.97
-1.22
-1.47
-1.63
-1.62
-1.40
-1.00
-0.46
0.15
0.73
1.15
1.33
1.23
0.91
0.51
0.19
0.04
0.10
0.26
0.40
0.46
0.38
0.24
0.14
0.14
0.29
0.54
0.76
0.83
0.69
0.33
-0.10
-0.43
-0.53
-0.37
-0.05
0.28
0.50
0.60
0.61
0.61
0.65
0.71
0.80
0.86
0.87
0.81
0.66
0.39
0.06
-0.26
-0.53
-0.68
-0.73
-0.72
-0.69
-0.63
-0.51
-0.30
-0.02
0.23
0.41
0.45
0.41
0.32
0.23
0.09
-0.13
-0.42
-0.73
-0.94
-0.95
-0.74
-0.39
-0.00
0.28
0.39
0.34
0.18
-0.02
-0.22
-0.38
-0.47
-0.49
-0.39
-0.16
0.17
0.52
0.82
0.97
0.93
0.73
0.45
0.17
-0.04
-0.14
-0.13
-0.04
0.11
0.25
0.35
0.38
0.31
0.16
-0.05
-0.26
-0.40
-0.41
-0.23
0.10
0.50
0.84
0.98
0.82
0.40
-0.15
-0.63
-0.85
-0.73
-0.34
0.13
0.49
0.59
0.46
0.21
-0.05
-0.21
-0.29
-0.35
-0.43
-0.55
-0.68
-0.75
-0.75
-0.67
-0.53
-0.39
-0.29
-0.26
-0.32
-0.47
-0.70
-0.94
-1.09
-1.06
-0.79
-0.31
0.26
0.79
1.13
1.22
1.07
0.78
0.46
0.18
0.00
-0.09
-0.12
-0.10
-0.05
0.04
0.17
0.31
0.43
0.48
0.48
0.48
0.52
0.64
0.83
1.04
1.20
1.27
1.24
1.16
1.08
1.05
1.08
1.17
1.30
1.45
1.60
1.74
1.88
2.02
2.13
2.17
2.15
2.08
1.95
1.68
1.17
0.27
-1.11
-3.03
-5.42
-8.15
-11.00
-13.73
-16.08
-17.80
-18.66
-18.55
-17.45
-15.49
-12.86
-9.78
-6.48
-3.18
-0.09
2.58
4.66
6.10
6.91
7.23
7.23
7.11
7.02
7.03
7.11
7.18
7.16
6.96
6.53
5.90
5.15
4.44
3.88
3.55
3.42
3.39
3.35
3.19
2.88
2.44
1.94
1.46
1.06
0.75
0.48
0.25
0.04
-0.13
-0.20
-0.16
-0.01
0.20
0.43
0.66
0.83
0.92
0.88
0.67
0.30
-0.14
-0.54
-0.74
-0.68
-0.39
0.02
0.38
0.59
0.58
0.41
0.15
-0.13
-0.35
-0.42
-0.32
-0.01
0.43
0.87
1.18
1.28
1.20
1.07
1.04
1.15
1.34
1.47
1.41
1.14
0.75
0.38
0.15
0.07
0.06
0.07
0.05
0.06
0.15
0.33
0.53
0.66
0.68
0.59
0.51
0.50
0.57
0.68
0.72
0.64
0.42
0.11
-0.26
-0.65
-1.01
-1.30
-1.43
-1.37
-1.13
-0.77
-0.41
-0.17
-0.12
-0.23
-0.45
-0.70
-0.90
-1.03
-1.09
-1.11
-1.15
-1.23
-1.29
-1.29
-1.17
-0.96
-0.77
-0.69
-0.77
-0.93
-1.07
-1.09
-0.98
-0.82
-0.69
-0.68
-0.78
-0.95
-1.10
-1.19
-1.18
-1.05
-0.80
-0.44
-0.06
0.25
0.41
0.36
0.13
-0.17
-0.46
-0.66
-0.76
-0.78
-0.77
-0.77
-0.81
-0.88
-0.91
-0.81
-0.51
0.04
0.74
1.45
1.99
2.22
2.13
1.83
1.50
1.28
1.23
1.28
1.32
1.29
1.14
0.90
0.59
0.23
-0.17
-0.57
-0.92
-1.13
-1.18
-1.07
-0.87
-0.67
-0.50
-0.36
-0.24
-0.12
-0.00
0.08
0.14
0.19
0.26
0.38
0.53
0.67
0.79
0.84
0.85
0.84
0.79
0.67
0.47
0.15
-0.26
-0.68
-1.03
-1.23
-1.23
-1.01
-0.65
-0.25
0.05
0.17
0.08
-0.17
-0.42
-0.54
-0.43
-0.11
0.30
0.65
0.81
0.78
0.65
0.56
0.63
0.85
1.15
1.39
1.51
1.49
1.38
1.21
0.97
0.62
0.16
-0.33
-0.70
-0.78
-0.51
-0.00
0.52
0.81
0.70
0.23
-0.43
-1.04
-1.41
-1.45
-1.22
-0.85
-0.50
-0.24
-0.11
-0.08
-0.12
-0.15
-0.14
-0.09
-0.03
-0.02
-0.08
-0.26
-0.54
-0.89
-1.23
-1.49
-1.63
-1.62
-1.46
-1.23
-0.94
-0.67
-0.44
-0.27
-0.16
-0.11
-0.09
-0.05
0.01
0.14
0.27
0.37
0.39
0.31
0.18
0.06
-0.01
-0.05
-0.11
-0.21
-0.29
-0.23
0.06
0.57
1.17
1.63
1.79
1.62
1.26
0.90
0.70
0.67
0.68
0.59
0.33
-0.08
-0.51
-0.85
-1.04
-1.10
-1.12
-1.15
-1.19
-1.19
-1.10
-0.89
-0.60
-0.31
-0.14
-0.16
-0.33
-0.57
-0.78
-0.89
-0.88
-0.82
-0.76
-0.72
-0.69
-0.64
-0.52
-0.30
-0.01
0.31
0.65
0.94
1.14
1.22
1.14
0.94
0.67
0.44
0.33
0.36
0.48
0.63
0.70
0.70
0.65
0.65
0.76
0.98
1.24
1.47
1.62
1.69
1.70
1.65
1.52
1.29
1.01
0.77
0.70
0.88
1.28
1.74
2.06
2.12
1.90
1.49
1.02
0.61
0.28
0.00
-0.26
-0.50
-0.68
-0.73
-0.59
-0.33
-0.00
0.29
0.49
0.57
0.49
0.22
-0.35
-1.29
-2.75
-4.73
-7.16
-9.83
-12.44
-14.68
-16.26
-17.02
-16.84
-15.74
-13.80
-11.18
-8.06
-4.72
-1.49
1.34
3.57
5.13
6.10
6.66
7.01
7.26
7.47
7.59
7.56
7.33
6.88
6.26
5.53
4.79
4.10
3.52
3.09
2.82
2.66
2.59
2.58
2.61
2.65
2.67
2.63
2.47
2.19
1.79
1.38
1.04
0.89
0.92
1.06
1.18
1.17
0.97
0.64
0.30
0.09
0.07
0.17
0.28
0.24
0.01
-0.36
-0.73
-0.97
-1.00
-0.83
-0.55
-0.22
0.08
0.34
0.53
0.63
0.62
0.45
0.12
-0.31
-0.73
-1.02
-1.08
-0.89
-0.47
0.04
0.51
0.82
0.94
0.88
0.70
0.47
0.23
0.02
-0.14
-0.24
-0.31
-0.34
-0.38
-0.42
-0.42
-0.35
-0.17
0.08
0.35
0.56
0.67
0.65
0.52
0.31
0.05
-0.19
-0.33
-0.34
-0.22
-0.01
0.23
0.40
0.44
0.33
0.14
-0.09
-0.28
-0.41
-0.47
-0.50
-0.54
-0.60
-0.68
-0.71
-0.64
-0.41
-0.08
0.28
0.55
0.66
0.62
0.48
0.32
0.17
0.04
-0.07
-0.11
-0.03
0.22
0.62
1.03
1.30
1.32
1.12
0.83
0.63
0.60
0.68
0.75
0.65
0.33
-0.12
-0.57
-0.86
-0.93
-0.81
-0.58
-0.33
-0.13
0.02
0.13
0.22
0.30
0.32
0.23
0.03
-0.24
-0.53
-0.79
-1.01
-1.22
-1.43
-1.64
-1.76
-1.70
-1.39
-0.84
-0.19
0.39
0.75
0.82
0.64
0.30
-0.06
-0.31
-0.38
-0.22
0.11
0.53
0.93
1.20
1.32
1.29
1.15
0.95
0.70
0.37
-0.02
-0.43
-0.76
-0.90
-0.80
-0.51
-0.12
0.24
0.48
0.59
0.61
0.61
0.63
0.63
0.57
0.44
0.23
-0.01
-0.22
-0.37
-0.44
-0.46
-0.47
-0.51
-0.61
-0.78
-1.00
-1.18
-1.23
-1.07
-0.65
-0.08
0.50
0.92
1.07
0.96
0.64
0.23
-0.16
-0.47
-0.66
-0.75
-0.76
-0.70
-0.60
-0.49
-0.40
-0.36
-0.38
-0.44
-0.49
-0.46
-0.26
0.15
0.71
1.27
1.65
1.72
1.46
1.02
0.58
0.29
0.22
0.33
0.55
0.83
1.12
1.41
1.62
1.63
1.34
0.76
-0.00
-0.71
-1.17
-1.28
-1.13
-0.88
-0.73
-0.77
-0.97
-1.21
-1.32
-1.24
-0.98
-0.67
-0.44
-0.41
-0.55
-0.77
-0.94
-0.98
-0.87
-0.71
-0.62
-0.67
-0.86
-1.10
-1.28
-1.31
-1.18
-0.96
-0.76
-0.66
-0.69
-0.77
-0.79
-0.67
-0.40
-0.03
0.37
0.72
0.95
1.05
1.01
0.84
0.58
0.32
0.12
0.07
0.16
0.35
0.52
0.61
0.59
0.50
0.41
0.40
0.50
0.63
0.74
0.76
0.68
0.52
0.34
0.18
0.03
-0.14
-0.36
-0.59
-0.76
-0.82
-0.73
-0.54
-0.31
-0.12
0.01
0.09
0.15
0.18
0.17
0.10
-0.00
-0.08
-0.07
0.04
0.19
0.30
0.28
0.11
-0.11
-0.30
-0.37
-0.33
-0.27
-0.25
-0.32
-0.41
-0.40
-0.20
0.19
0.65
1.05
1.25
1.21
1.05
0.87
0.76
0.71
0.62
0.40
0.01
-0.46
-0.86
-1.04
-0.94
-0.59
-0.08
0.42
0.82
1.09
1.23
1.29
1.31
1.30
1.21
1.01
0.74
0.45
0.26
0.22
0.33
0.49
0.57
0.50
0.27
-0.01
-0.20
-0.25
-0.16
-0.04
0.03
0.05
0.11
0.27
0.56
0.90
1.13
1.12
0.74
0.01
-1.03
-2.32
-3.92
-5.88
-8.24
-10.86
-13.46
-15.66
-17.07
-17.46
-16.77
-15.10
-12.64
-9.62
-6.27
-2.85
0.37
3.17
5.36
6.89
7.79
8.18
8.21
8.00
7.69
7.36
7.04
6.73
6.42
6.11
5.81
5.55
5.32
5.11
4.88
4.62
4.33
4.04
3.78
3.52
3.26
2.98
2.71
2.48
2.31
2.20
2.12
2.00
1.75
1.36
0.86
0.32
-0.18
-0.60
-0.90
-1.09
-1.19
-1.22
-1.22
-1.18
-1.15
-1.13
-1.15
-1.24
-1.39
-1.59
-1.79
-1.89
-1.84
-1.62
-1.26
-0.89
-0.57
-0.38
-0.26
-0.13
0.07
0.34
0.60
0.74
0.67
0.46
0.20
0.03
0.01
0.12
0.28
0.39
0.44
0.46
0.47
0.49
0.48
0.39
0.23
0.04
-0.11
-0.14
-0.04
0.19
0.50
0.83
1.11
1.30
1.36
1.26
0.98
0.54
0.03
-0.45
-0.75
-0.80
-0.59
-0.23
0.12
0.29
0.20
-0.09
-0.48
-0.80
-0.94
-0.90
-0.73
-0.55
-0.44
-0.45
-0.53
-0.59
-0.58
-0.42
-0.15
0.16
0.42
0.56
0.59
0.57
0.55
0.57
0.59
0.56
0.44
0.26
0.10
0.01
-0.01
-0.01
-0.08
-0.26
-0.50
-0.73
-0.86
-0.86
-0.74
-0.53
-0.28
0.00
0.31
0.64
0.94
1.16
1.23
1.14
0.92
0.66
0.45
0.36
0.42
0.61
0.83
0.98
0.94
0.68
0.25
-0.21
-0.53
-0.55
-0.27
0.21
0.70
1.02
1.07
0.83
0.36
-0.25
-0.89
-1.44
-1.78
-1.86
-1.69
-1.35
-1.00
-0.75
-0.62
-0.55
-0.42
-0.15
0.28
0.75
1.17
1.46
1.60
1.61
1.49
1.21
0.77
0.19
-0.46
-1.02
-1.37
-1.43
-1.21
-0.81
-0.38
-0.03
0.17
0.21
0.14
0.01
-0.12
-0.20
-0.22
-0.22
-0.24
-0.34
-0.54
-0.78
-0.98
-1.04
-0.92
-0.65
-0.34
-0.06
0.14
0.25
0.31
0.31
0.21
-0.04
-0.47
-1.04
-1.64
-2.14
-2.44
-2.48
-2.25
-1.81
-1.25
-0.68
-0.17
0.21
0.44
0.54
0.57
0.61
0.69
0.87
1.12
1.39
1.63
1.79
1.87
1.91
1.93
1.94
1.90
1.75
1.44
0.98
0.45
0.00
-0.23
-0.16
0.15
0.60
1.03
1.28
1.28
1.00
0.47
-0.25
-1.03
-1.71
-2.12
-2.13
-1.71
-0.99
-0.17
0.51
0.92
1.02
0.89
0.65
0.39
0.19
0.05
-0.02
-0.03
-0.01
0.04
0.09
0.12
0.09
0.01
-0.11
-0.21
-0.25
-0.19
-0.07
0.01
-0.03
-0.25
-0.59
-0.90
-1.01
-0.78
-0.24
0.50
1.21
1.70
1.86
1.69
1.24
0.62
-0.02
-0.54
-0.85
-0.87
-0.60
-0.09
0.51
1.04
1.34
1.34
1.08
0.69
0.31
0.05
-0.06
-0.07
-0.07
-0.10
-0.16
-0.21
-0.22
-0.23
-0.32
-0.55
-0.88
-1.21
-1.40
-1.40
-1.23
-1.03
-0.88
-0.81
-0.77
-0.70
-0.58
-0.45
-0.41
-0.49
-0.68
-0.89
-1.01
-0.98
-0.78
-0.50
-0.20
0.06
0.27
0.44
0.62
0.84
1.12
1.40
1.60
1.65
1.51
1.24
0.96
0.75
0.65
0.61
0.54
0.34
0.02
-0.35
-0.66
-0.80
-0.77
-0.60
-0.37
-0.19
-0.09
-0.07
-0.11
-0.14
-0.14
-0.12
-0.07
0.01
0.11
0.20
0.26
0.23
0.07
-0.25
-0.67
-1.14
-1.56
-1.86
-2.05
-2.12
-2.11
-2.04
-1.90
-1.67
-1.36
-0.98
-0.56
-0.13
0.29
0.63
0.86
0.92
0.81
0.57
0.30
0.10
0.06
0.18
0.45
0.80
1.18
1.51
1.75
1.84
1.77
1.55
1.24
0.91
0.64
0.50
0.52
0.70
1.02
1.41
1.80
2.14
2.40
2.56
2.69
2.79
2.84
2.80
2.64
2.33
1.85
1.16
0.19
-1.13
-2.85
-4.96
-7.34
-9.80
-12.19
-14.31
-15.98
-16.97
-17.07
-16.13
-14.14
-11.28
-7.90
-4.42
-1.22
1.46
3.51
4.94
5.83
6.27
6.40
6.37
6.39
6.56
6.88
7.17
7.25
6.97
6.34
5.53
4.76
4.19
3.86
3.64
3.39
3.01
2.51
1.99
1.60
1.41
1.41
1.48
1.45
1.22
0.81
0.34
0.00
-0.04
0.25
0.78
1.36
1.84
2.12
2.21
2.15
1.97
1.68
1.29
0.84
0.41
0.07
-0.16
-0.33
-0.50
-0.72
-0.96
-1.14
-1.15
-0.98
-0.68
-0.37
-0.16
-0.10
-0.20
-0.41
-0.67
-0.93
-1.15
-1.33
-1.45
-1.51
-1.50
-1.39
-1.17
-0.83
-0.43
-0.03
0.30
0.49
0.54
0.52
0.49
0.53
0.66
0.81
0.91
0.89
0.74
0.53
0.38
0.42
0.70
1.18
1.73
2.22
2.50
2.52
2.32
2.01
1.74
1.63
1.75
2.07
2.52
2.99
3.43
3.85
4.33
4.93
5.71
6.61
7.48
8.20
8.66
8.88
8.94
9.04
9.35
10.00
11.00
12.24
13.53
14.68
15.59
16.28
16.92
17.72
18.90
20.49
22.36
24.15
25.38
25.55
24.32
21.66
17.84
13.48
9.17
5.27
1.68
-2.13
-6.76
-12.47
-18.72
-24.59
-28.71
-30.18
-28.58
-24.14
-17.52
-9.86
-2.82
1.68
1.46
-4.57
-15.89
-29.89
-42.63
-50.30
-51.12
-45.99
-37.87
-31.27
-29.82
-35.46
-47.59
-63.81
-80.97
-97.11
-111.52
-125.35
-142.35
-160.69
-175.97
-181.62
-171.87
-143.52
-98.13
-43.79
14.18
68.15
110.28
134.54
138.92
122.01
88.29
47.42
14.18
3.05
21.31
66.84
128.70
191.77
242.46
274.29
278.95
258.22
222.71
184.14
148.61
115.41
82.09
48.50
17.53
-7.94
-25.63
-36.49
-44.97
-55.86
-71.38
-89.83
-107.31
-120.09
-127.31
-129.50
-128.89
-128.53
-130.10
-132.80
-133.73
-129.69
-116.64
-94.55
-65.59
-33.88
-4.55
17.99
31.24
34.97
30.72
20.85
7.38
-7.66
-22.76
-36.93
-49.30
-58.78
-64.02
-63.95
-58.11
-47.08
-31.72
-12.96
8.28
31.27
55.28
79.44
102.57
123.48
141.09
155.07
165.91
174.55
181.72
187.18
189.29
185.55
173.63
152.51
123.37
89.28
54.10
21.02
-8.15
-32.86
-52.83
-67.06
-73.82
-71.47
-59.93
-41.37
-19.89
0.07
15.24
24.64
29.11
30.07
28.38
23.90
15.94
4.13
-11.13
-28.87
-48.04
-67.93
-88.04
-107.47
-124.55
-136.96
-142.45
-139.68
-128.75
-111.07
-88.75
-64.04
-39.09
-16.04
2.92
15.70
20.72
17.43
6.56
-9.95
-29.33
-48.36
-63.88
-73.24
-74.74
-68.04
-54.26
-35.86
-15.94
2.48
17.28
27.49
33.25
35.31
34.62
31.92
27.74
22.63
17.26
12.55
9.47
8.72
10.38
13.79
17.69
20.60
21.42
19.72
15.87
10.79
5.56
1.05
-2.29
-4.34
-5.26
-5.23
-4.47
-3.17
-1.60
-0.09
1.05
1.62
1.58
1.12
0.54
0.13
0.11
0.51
1.19
1.96
2.61
3.00
3.09
2.94
2.64
2.33
2.16
2.23
2.54
2.98
3.37
3.54
3.41
3.01
2.55
2.23
2.16
2.33
2.59
2.78
2.82
2.74
2.60
2.45
2.29
2.05
1.69
1.24
0.76
0.33
0.02
-0.22
-0.46
-0.78
-1.20
-1.65
-2.03
-2.24
-2.23
-2.01
-1.67
-1.32
-1.07
-1.00
-1.08
-1.24
-1.37
-1.39
-1.31
-1.22
-1.18
-1.25
-1.40
-1.56
-1.67
-1.67
-1.56
-1.31
-0.92
-0.38
0.32
1.12
1.94
2.68
3.24
3.57
3.68
3.61
3.43
3.22
3.05
2.95
2.90
2.89
2.91
2.97
3.04
3.09
3.04
2.78
2.30
1.63
0.92
0.33
-0.02
-0.16
-0.23
-0.39
-0.72
-1.17
-1.54
-1.68
-1.53
-1.23
-1.02
-1.08
-1.44
-1.95
-2.35
-2.48
-2.30
-1.97
-1.69
-1.60
-1.68
-1.79
-1.77
-1.52
-1.09
-0.58
-0.12
0.28
0.64
1.01
1.40
1.72
1.86
1.75
1.43
1.05
0.77
0.73
0.92
1.26
1.57
1.72
1.68
1.51
1.32
1.25
1.31
1.50
1.73
1.94
2.08
2.17
2.22
2.19
2.05
1.75
1.31
0.79
0.33
0.04
-0.06
-0.02
0.05
0.06
0.01
-0.07
-0.12
-0.13
-0.14
-0.22
-0.42
-0.76
-1.15
-1.50
-1.70
-1.70
-1.49
-1.13
-0.66
-0.16
0.28
0.57
0.65
0.50
0.23
-0.01
-0.03
0.23
0.72
1.26
1.63
1.74
1.61
1.38
1.24
1.28
1.46
1.60
1.53
1.19
0.65
0.10
-0.25
-0.30
-0.10
0.20
0.46
0.58
0.61
0.63
0.71
0.81
0.86
0.76
0.53
0.25
0.05
0.01
0.10
0.23
0.31
0.29
0.19
0.06
-0.06
-0.16
-0.28
-0.41
-0.56
-0.71
-0.85
-1.01
-1.20
-1.37
-1.47
-1.38
-1.08
-0.60
-0.07
0.35
0.57
0.62
0.60
0.62
0.73
0.86
0.91
0.80
0.57
0.37
0.32
0.51
0.87
1.24
1.47
1.46
1.27
1.00
0.79
0.72
0.79
0.97
1.23
1.50
1.77
1.96
2.01
1.89
1.62
1.29
0.98
0.74
0.53
0.29
-0.04
-0.47
-0.96
-1.46
-1.93
-2.36
-2.72
-2.89
-2.75
-2.22
-1.38
-0.50
0.10
0.19
-0.24
-0.98
-1.72
-2.18
-2.26
-1.99
-1.54
-1.11
-0.79
-0.65
-0.63
-0.62
-0.50
-0.12
0.56
1.45
2.36
3.02
3.24
3.00
2.40
1.64
0.89
0.25
-0.25
-0.57
-0.65
-0.34
0.43
1.60
2.97
4.25
5.17
5.57
5.45
4.93
4.17
3.32
2.46
1.63
0.85
0.11
-0.59
-1.23
-1.77
-2.16
-2.41
-2.56
-2.68
-2.84
-3.03
-3.23
-3.31
-3.20
-2.88
-2.35
-1.70
-1.05
-0.50
-0.11
0.10
0.15
0.07
-0.05
-0.14
-0.12
0.06
0.39
0.81
1.21
1.49
1.59
1.52
1.36
1.20
1.11
1.11
1.15
1.15
1.07
0.88
0.62
0.32
-0.01
-0.37
-0.72
-1.03
-1.21
-1.18
-0.89
-0.37
0.26
0.85
1.25
1.43
1.42
1.32
1.21
1.12
1.02
0.86
0.61
0.26
-0.12
-0.43
-0.58
-0.55
-0.37
-0.13
0.05
0.14
0.15
0.13
0.17
0.26
0.37
0.46
0.50
0.54
0.63
0.79
0.93
0.94
0.68
0.16
-0.51
-1.17
-1.68
-1.99
-2.12
-2.14
-2.05
-1.82
-1.39
-0.78
-0.12
0.45
0.80
0.92
0.91
0.93
1.06
1.29
1.52
1.66
1.69
1.66
1.63
1.62
1.57
1.39
1.07
0.69
0.41
0.40
0.68
1.16
1.61
1.84
1.74
1.38
0.91
0.48
0.19
0.02
-0.11
-0.27
-0.51
-0.81
-1.11
-1.38
-1.58
-1.73
-1.86
-1.98
-2.09
-2.14
-2.06
-1.80
-1.39
-0.91
-0.47
-0.15
0.02
0.13
0.27
0.55
1.00
1.56
2.11
2.51
2.67
2.60
2.35
2.04
1.73
1.45
1.15
0.81
0.39
-0.05
-0.43
-0.67
-0.74
-0.63
-0.45
-0.25
-0.12
-0.10
-0.19
-0.39
-0.70
-1.07
-1.38
-1.54
-1.44
-1.05
-0.43
0.28
0.92
1.38
1.60
1.61
1.48
1.27
1.01
0.73
0.48
0.28
0.17
0.11
0.05
-0.10
-0.38
-0.77
-1.18
-1.52
-1.72
-1.80
-1.80
-1.81
-1.82
-1.75
-1.55
-1.18
-0.69
-0.19
0.26
0.64
0.97
1.26
1.48
1.56
1.41
1.02
0.48
-0.06
-0.45
-0.62
-0.60
-0.45
-0.21
0.06
0.35
0.58
0.63
0.45
0.05
-0.41
-0.71
-0.69
-0.33
0.21
0.71
1.01
1.11
1.12
1.21
1.45
1.80
2.11
2.26
2.16
1.83
1.37
0.86
0.34
-0.17
-0.69
-1.23
-1.76
-2.23
-2.58
-2.75
-2.69
-2.43
-2.03
-1.58
-1.18
-0.87
-0.67
-0.53
-0.43
-0.34
-0.22
-0.04
0.21
0.53
0.88
1.20
1.41
1.46
1.37
1.20
1.00
0.84
0.72
0.60
0.46
0.30
0.17
0.13
0.28
0.58
0.95
1.24
1.31
1.07
0.58
-0.03
-0.61
-1.01
-1.19
-1.17
-1.02
-0.83
-0.64
-0.46
-0.31
-0.18
-0.09
-0.03
-0.02
-0.06
-0.12
-0.20
-0.25
-0.26
-0.25
-0.26
-0.35
-0.55
-0.81
-1.06
-1.20
-1.16
-0.94
-0.62
-0.29
0.01
0.30
0.65
1.10
1.62
2.13
2.52
2.69
2.57
2.13
1.33
0.12
-1.56
-3.72
-6.23
-8.87
-11.32
-13.29
-14.55
-14.99
-14.55
-13.27
-11.19
-8.46
-5.31
-2.03
1.05
3.64
5.54
6.69
7.11
6.94
6.38
5.62
4.85
4.21
3.76
3.46
3.29
3.16
3.04
2.93
2.79
2.65
2.50
2.37
2.26
2.17
2.07
1.94
1.77
1.56
1.38
1.26
1.22
1.21
1.21
1.17
1.08
0.94
0.77
0.60
0.44
0.33
0.27
0.29
0.38
0.48
0.55
0.56
0.54
0.55
0.64
0.82
0.99
1.08
1.02
0.85
0.69
0.67
0.80
1.02
1.16
1.09
0.78
0.34
-0.05
-0.27
-0.28
-0.16
-0.05
-0.04
-0.16
-0.33
-0.43
-0.34
-0.05
0.40
0.83
1.11
1.13
0.93
0.61
0.32
0.15
0.06
-0.03
-0.21
-0.48
-0.79
-1.08
-1.32
-1.53
-1.74
-1.92
-1.98
-1.84
-1.47
-0.97
-0.51
-0.20
-0.05
0.07
0.33
0.84
1.54
2.25
2.76
2.92
2.73
2.29
1.76
1.29
0.97
0.83
0.84
0.95
1.11
1.25
1.34
1.41
1.50
1.64
1.79
1.88
1.82
1.62
1.34
1.10
0.96
0.92
0.94
0.89
0.70
0.42
0.12
-0.11
-0.28
-0.51
-1.01
-1.98
-3.55
-5.69
-8.20
-10.78
-13.09
-14.91
-16.12
-16.71
-16.67
-15.99
-14.61
-12.54
-9.87
-6.83
-3.70
-0.79
1.74
3.78
5.31
6.31
6.80
6.78
6.42
5.96
5.61
5.55
5.78
6.17
6.53
6.71
6.64
6.36
5.98
5.54
5.09
4.60
4.04
3.41
2.80
2.26
1.88
1.67
1.60
1.63
1.67
1.74
1.85
2.02
2.26
2.54
2.78
2.86
2.71
2.34
1.85
1.39
1.07
0.91
0.81
0.62
0.22
-0.41
-1.18
-1.91
-2.46
-2.76
-2.84
-2.80
-2.70
-2.63
-2.62
-2.68
-2.85
-3.12
-3.49
-3.82
-3.99
-3.84
-3.27
-2.29
-1.01
0.39
1.67
2.63
3.16
3.25
3.02
2.65
2.35
2.20
2.19
2.15
1.91
1.35
0.52
-0.40
-1.17
-1.61
-1.68
-1.44
-1.04
-0.56
-0.03
0.59
1.29
2.03
2.68
3.07
3.11
2.78
2.18
1.47
0.82
0.35
0.12
0.10
0.18
0.23
0.13
-0.17
-0.64
-1.21
-1.72
-2.08
-2.21
-2.13
-1.91
-1.66
-1.47
-1.42
-1.49
-1.60
-1.68
-1.63
-1.46
-1.21
-0.98
-0.82
-0.74
-0.70
-0.61
-0.43
-0.15
0.20
0.57
0.92
1.25
1.57
1.89
2.19
2.41
2.48
2.36
2.00
1.44
0.75
0.02
-0.64
-1.13
-1.42
-1.51
-1.44
-1.29
-1.12
-0.99
-0.93
-0.91
-0.87
-0.71
-0.35
0.21
0.91
1.61
2.12
2.31
2.17
1.77
1.25
0.77
0.41
0.18
0.07
0.02
0.00
0.01
0.04
0.04
-0.04
-0.19
-0.39
-0.56
-0.62
-0.56
-0.42
-0.28
-0.17
-0.09
0.08
0.41
0.93
1.53
2.07
2.42
2.53
2.54
2.50
2.53
2.62
2.72
2.71
2.45
1.82
0.71
-0.90
-2.99
-5.44
-8.04
-10.53
-12.72
-14.46
-15.65
-16.23
-16.10
-15.18
-13.41
-10.85
-7.72
-4.32
-1.05
1.77
3.94
5.37
6.13
6.36
6.27
6.01
5.74
5.55
5.42
5.32
5.20
5.07
4.94
4.83
4.70
4.51
4.20
3.76
3.24
2.73
2.35
2.15
2.08
2.04
1.95
1.70
1.30
0.79
0.27
-0.11
-0.30
-0.26
-0.04
0.29
0.62
0.88
1.06
1.16
1.18
1.12
1.00
0.84
0.66
0.52
0.49
0.56
0.72
0.89
0.99
0.94
0.71
0.33
-0.11
-0.49
-0.68
-0.59
-0.29
0.06
0.25
0.13
-0.34
-0.95
-1.45
-1.60
-1.32
-0.73
-0.05
0.49
0.81
0.91
0.89
0.83
0.75
0.65
0.52
0.43
0.47
0.69
1.07
1.45
1.68
1.62
1.26
0.68
0.02
-0.59
-1.08
-1.38
-1.51
-1.50
-1.39
-1.26
-1.15
-1.10
-1.08
-1.11
-1.13
-1.15
-1.14
-1.09
-0.93
-0.65
-0.26
0.15
0.49
0.66
0.66
0.52
0.33
0.17
0.09
0.12
0.25
0.45
0.63
0.71
0.63
0.39
0.09
-0.10
-0.06
0.23
0.68
1.09
1.26
1.09
0.61
-0.05
-0.70
-1.20
-1.45
-1.45
-1.23
-0.87
-0.46
-0.09
0.20
0.36
0.40
0.34
0.24
0.11
-0.01
-0.08
-0.09
-0.03
0.10
0.25
0.39
0.46
0.43
0.33
0.20
0.10
0.09
0.17
0.34
0.57
0.81
1.05
1.25
1.41
1.51
1.55
1.55
1.54
1.54
1.57
1.68
1.81
1.93
2.00
2.01
1.96
1.80
1.43
0.68
-0.60
-2.51
-5.01
-7.91
-10.86
-13.52
-15.58
-16.87
-17.31
-16.88
-15.58
-13.50
-10.76
-7.61
-4.36
-1.33
1.25
3.28
4.77
5.80
6.46
6.81
6.84
6.61
6.20
5.75
5.38
5.19
5.18
5.26
5.29
5.18
4.90
4.49
4.03
3.58
3.18
2.83
2.52
2.25
2.03
1.87
1.73
1.58
1.35
1.05
0.68
0.28
-0.11
-0.48
-0.77
-0.94
-0.91
-0.66
-0.22
0.28
0.67
0.82
0.67
0.26
-0.24
-0.69
-0.96
-1.02
-0.91
-0.66
-0.35
-0.02
0.30
0.56
0.74
0.82
0.87
0.94
1.09
1.33
1.61
1.82
1.87
1.75
1.46
1.11
0.78
0.54
0.42
0.42
0.52
0.66
0.82
0.92
0.93
0.82
0.61
0.35
0.07
-0.16
-0.35
-0.51
-0.66
-0.84
-1.04
-1.23
-1.42
-1.57
-1.66
-1.66
-1.57
-1.39
-1.14
-0.91
-0.75
-0.72
-0.81
-0.97
-1.08
-1.09
-0.94
-0.67
-0.35
-0.07
0.10
0.13
0.03
-0.20
-0.50
-0.81
-1.06
-1.16
-1.06
-0.75
-0.28
0.26
0.77
1.15
1.35
1.34
1.12
0.77
0.36
0.00
-0.24
-0.32
-0.23
0.02
0.38
0.80
1.17
1.42
1.49
1.39
1.18
0.93
0.71
0.53
0.37
0.17
-0.08
-0.35
-0.64
-0.89
-1.08
-1.18
-1.16
-1.03
-0.79
-0.48
-0.19
-0.01
0.01
-0.15
-0.38
-0.57
-0.60
-0.42
-0.11
0.19
0.32
0.23
-0.05
-0.38
-0.59
-0.57
-0.32
0.09
0.51
0.84
1.04
1.09
1.06
0.98
0.91
0.87
0.85
0.82
0.75
0.63
0.44
0.21
-0.03
-0.17
-0.12
0.23
0.89
1.77
2.72
3.51
3.95
3.87
3.22
2.04
0.41
-1.59
-3.90
-6.45
-9.11
-11.66
-13.84
-15.35
-15.99
-15.65
-14.42
-12.46
-10.05
-7.40
-4.71
-2.12
0.26
2.36
4.11
5.45
6.37
6.87
6.94
6.71
6.30
5.84
5.47
5.24
5.16
5.15
5.14
5.05
4.84
4.49
3.99
3.40
2.80
2.29
1.95
1.78
1.71
1.62
1.37
0.96
0.49
0.11
0.01
0.22
0.67
1.16
1.49
1.54
1.30
0.87
0.41
0.04
-0.17
-0.26
-0.29
-0.32
-0.35
-0.32
-0.16
0.15
0.54
0.85
0.94
0.77
0.38
-0.07
-0.44
-0.62
-0.61
-0.45
-0.20
0.10
0.36
0.52
0.50
0.31
0.02
-0.24
-0.36
-0.29
-0.14
-0.05
-0.11
-0.30
-0.50
-0.59
-0.50
-0.27
0.00
0.21
0.30
0.30
0.24
0.16
0.07
-0.05
-0.21
-0.42
-0.63
-0.82
-0.96
-1.04
-1.10
-1.13
-1.14
-1.10
-1.01
-0.88
-0.72
-0.55
-0.41
-0.31
-0.28
-0.31
-0.38
-0.45
-0.47
-0.42
-0.30
-0.14
0.04
0.23
0.46
0.76
1.13
1.48
1.69
1.66
1.36
0.89
0.39
-0.01
-0.22
-0.25
-0.16
0.02
0.26
0.54
0.83
1.07
1.16
1.09
0.87
0.61
0.39
0.28
0.28
0.31
0.34
0.36
0.39
0.48
0.58
0.67
0.70
0.66
0.59
0.52
0.46
0.38
0.25
0.08
-0.08
-0.11
0.07
0.46
0.94
1.36
1.58
1.55
1.30
0.92
0.50
0.13
-0.08
-0.08
0.17
0.66
1.31
1.94
2.28
2.07
1.13
-0.57
-2.92
-5.67
-8.51
-11.15
-13.36
-15.03
-16.09
-16.49
-16.20
-15.20
-13.47
-11.10
-8.21
-4.99
-1.71
1.38
4.03
6.06
7.40
8.08
8.24
8.00
7.57
7.09
6.64
6.24
5.90
5.57
5.22
4.84
4.44
4.09
3.84
3.70
3.64
3.55
3.34
3.01
2.62
2.27
2.00
1.78
1.50
1.08
0.57
0.10
-0.20
-0.24
-0.12
0.01
0.00
-0.19
-0.46
-0.67
-0.68
-0.48
-0.18
0.07
0.16
0.06
-0.14
-0.32
-0.34
-0.13
0.24
0.67
1.01
1.16
1.13
1.01
0.91
0.89
0.93
0.95
0.86
0.66
0.40
0.18
0.05
0.04
0.10
0.17
0.21
0.21
0.21
0.18
0.12
-0.00
-0.22
-0.50
-0.81
-1.07
-1.22
-1.23
-1.11
-0.92
-0.69
-0.46
-0.27
-0.12
-0.05
-0.07
-0.16
-0.28
-0.35
-0.36
-0.29
-0.21
-0.20
-0.31
-0.50
-0.69
-0.77
-0.68
-0.45
-0.20
-0.05
-0.05
-0.18
-0.37
-0.52
-0.55
-0.47
-0.29
-0.05
0.23
0.54
0.84
1.11
1.30
1.38
1.30
1.05
0.65
0.17
-0.27
-0.58
-0.67
-0.54
-0.27
0.05
0.32
0.51
0.62
0.66
0.66
0.57
0.37
0.09
-0.20
-0.37
-0.33
-0.13
0.12
0.27
0.26
0.09
-0.11
-0.25
-0.31
-0.36
-0.48
-0.71
-0.99
-1.23
-1.32
-1.20
-0.93
-0.59
-0.28
-0.03
0.16
0.27
0.22
-0.02
-0.45
-0.99
-1.47
-1.71
-1.63
-1.28
-0.82
-0.42
-0.16
-0.00
0.13
0.31
0.54
0.75
0.89
0.96
1.01
1.12
1.30
1.45
1.46
1.25
0.81
0.23
-0.35
-0.84
-1.20
-1.41
-1.49
-1.42
-1.18
-0.77
-0.25
0.25
0.59
0.69
0.56
0.29
0.05
-0.04
0.08
0.37
0.73
1.08
1.36
1.51
1.53
1.40
1.14
0.78
0.42
0.15
0.01
-0.01
-0.02
-0.09
-0.29
-0.58
-0.91
-1.17
-1.33
-1.41
-1.42
-1.39
-1.30
-1.12
-0.81
-0.39
0.07
0.48
0.75
0.82
0.71
0.47
0.22
0.07
0.08
0.24
0.45
0.58
0.54
0.33
0.06
-0.12
-0.12
0.05
0.26
0.36
0.27
0.02
-0.26
-0.44
-0.44
-0.28
-0.04
0.20
0.41
0.59
0.74
0.85
0.87
0.74
0.44
0.00
-0.48
-0.85
-0.99
-0.79
-0.27
0.43
1.11
1.56
1.69
1.53
1.23
0.99
0.93
1.05
1.26
1.43
1.52
1.52
1.50
1.50
1.55
1.55
1.44
1.19
0.83
0.41
-0.08
-0.66
-1.43
-2.51
-3.98
-5.89
-8.17
-10.66
-13.10
-15.18
-16.57
-17.03
-16.51
-15.09
-12.98
-10.44
-7.68
-4.84
-2.07
0.51
2.80
4.66
6.06
7.00
7.54
7.73
7.64
7.32
6.85
6.29
5.76
5.32
5.03
4.84
4.67
4.46
4.16
3.81
3.40
3.01
2.67
2.42
2.29
2.27
2.33
2.38
2.36
2.22
1.96
1.66
1.40
1.21
1.09
0.98
0.84
0.68
0.52
0.44
0.46
0.54
0.60
0.57
0.46
0.27
0.06
-0.15
-0.34
-0.50
-0.60
-0.59
-0.41
-0.11
0.19
0.35
0.26
-0.04
-0.42
-0.69
-0.71
-0.48
-0.15
0.10
0.20
0.17
0.13
0.19
0.35
0.54
0.65
0.59
0.40
0.17
-0.00
-0.06
0.01
0.15
0.33
0.52
0.68
0.78
0.80
0.72
0.58
0.44
0.33
0.27
0.22
0.10
-0.08
-0.29
-0.44
-0.43
-0.25
0.04
0.30
0.41
0.29
-0.01
-0.39
-0.70
-0.83
-0.76
-0.56
-0.35
-0.23
-0.28
-0.46
-0.71
-0.95
-1.10
-1.15
-1.11
-0.98
-0.79
-0.54
-0.22
0.11
0.41
0.62
0.70
0.63
0.44
0.19
-0.07
-0.26
-0.33
-0.23
0.01
0.30
0.52
0.56
0.35
-0.05
-0.53
-0.91
-1.08
-0.97
-0.60
-0.07
0.49
0.95
1.21
1.23
1.07
0.81
0.58
0.42
0.31
0.15
-0.10
-0.42
-0.69
-0.80
-0.66
-0.33
0.03
0.26
0.29
0.11
-0.18
-0.52
-0.86
-1.14
-1.31
-1.30
-1.08
-0.67
-0.21
0.12
0.20
-0.02
-0.42
-0.84
-1.13
-1.27
-1.26
-1.19
-1.08
-0.92
-0.67
-0.32
0.06
0.39
0.55
0.51
0.31
0.08
-0.07
-0.08
0.05
0.22
0.34
0.32
0.17
-0.06
-0.26
-0.29
-0.13
0.19
0.53
0.75
0.79
0.66
0.50
0.42
0.51
0.74
1.02
1.24
1.36
1.39
1.39
1.41
1.45
1.49
1.48
1.37
1.17
0.93
0.70
0.56
0.50
0.47
0.42
0.28
0.08
-0.07
-0.06
0.17
0.57
0.97
1.19
1.15
0.90
0.60
0.41
0.38
0.46
0.55
0.61
0.63
0.67
0.80
0.98
1.13
1.05
0.64
-0.13
-1.24
-2.69
-4.49
-6.65
-9.12
-11.68
-14.00
-15.66
-16.38
-16.03
-14.72
-12.68
-10.18
-7.48
-4.70
-1.99
0.54
2.78
4.60
5.91
6.68
6.93
6.69
6.15
5.47
4.85
4.43
4.28
4.33
4.50
4.68
4.79
4.80
4.69
4.47
4.11
3.63
3.09
2.56
2.12
1.80
1.61
1.52
1.48
1.48
1.48
1.47
1.43
1.35
1.25
1.16
1.06
0.96
0.79
0.53
0.16
-0.27
-0.66
-0.87
-0.83
-0.55
-0.14
0.28
0.57
0.67
0.59
0.41
0.18
-0.01
-0.14
-0.17
-0.10
0.04
0.23
0.39
0.47
0.42
0.25
0.04
-0.15
-0.27
-0.32
-0.33
-0.34
-0.35
-0.36
-0.30
-0.12
0.18
0.55
0.89
1.06
0.97
0.63
0.17
-0.27
-0.56
-0.65
-0.59
-0.49
-0.41
-0.42
-0.47
-0.52
-0.51
-0.43
-0.28
-0.12
0.02
0.09
0.09
0.01
-0.14
-0.32
-0.50
-0.66
-0.81
-0.93
-1.01
-1.01
-0.92
-0.72
-0.45
-0.14
0.16
0.41
0.62
0.77
0.85
0.85
0.74
0.54
0.29
0.06
-0.07
-0.06
0.10
0.32
0.50
0.51
0.29
-0.08
-0.47
-0.71
-0.67
-0.39
0.01
0.37
0.57
0.61
0.58
0.58
0.68
0.88
1.12
1.31
1.38
1.28
0.98
0.51
-0.05
-0.55
-0.85
-0.86
-0.56
-0.05
0.49
0.87
0.95
0.68
0.11
-0.62
-1.31
-1.80
-2.01
-1.94
-1.69
-1.36
-1.01
-0.67
-0.32
0.03
0.32
0.50
0.53
0.42
0.26
0.12
0.08
0.14
0.28
0.41
0.47
0.40
0.20
-0.08
-0.32
-0.44
-0.39
-0.21
0.01
0.14
0.11
-0.07
-0.31
-0.49
-0.53
-0.42
-0.20
0.05
0.27
0.42
0.49
0.55
0.62
0.76
0.94
1.11
1.16
1.06
0.80
0.48
0.19
-0.03
-0.17
-0.28
-0.40
-0.49
-0.51
-0.43
-0.26
-0.08
0.05
0.09
0.07
0.02
-0.05
-0.16
-0.34
-0.59
-0.87
-1.07
-1.13
-1.06
-0.90
-0.73
-0.62
-0.59
-0.63
-0.69
-0.71
-0.68
-0.60
-0.49
-0.36
-0.24
-0.12
0.00
0.10
0.16
0.18
0.20
0.25
0.32
0.42
0.50
0.54
0.57
0.64
0.78
0.98
1.15
1.19
1.06
0.80
0.48
0.20
-0.04
-0.23
-0.38
-0.47
-0.49
-0.42
-0.34
-0.35
-0.49
-0.73
-0.95
-1.05
-0.94
-0.71
-0.47
-0.33
-0.32
-0.38
-0.38
-0.26
-0.06
0.17
0.34
0.45
0.52
0.61
0.74
0.84
0.82
0.63
0.30
-0.11
-0.49
-0.73
-0.80
-0.72
-0.51
-0.21
0.15
0.58
1.06
1.53
1.92
2.15
2.18
2.04
1.79
1.58
1.50
1.59
1.82
2.07
2.25
2.34
2.36
2.32
2.14
1.67
0.75
-0.71
-2.69
-5.03
-7.50
-9.92
-12.13
-14.04
-15.52
-16.38
-16.40
-15.44
-13.49
-10.77
-7.63
-4.44
-1.50
1.05
3.19
4.93
6.26
7.16
7.58
7.55
7.21
6.74
6.25
5.82
5.41
4.96
4.44
3.86
3.28
2.78
2.43
2.23
2.13
2.10
2.10
2.09
2.06
2.00
1.92
1.84
1.79
1.80
1.86
1.90
1.85
1.66
1.35
1.00
0.72
0.60
0.63
0.76
0.87
0.89
0.79
0.57
0.28
0.01
-0.21
-0.33
-0.37
-0.37
-0.37
-0.40
-0.43
-0.40
-0.26
-0.01
0.28
0.50
0.58
0.52
0.40
0.30
0.26
0.27
0.29
0.29
0.29
0.35
0.50
0.67
0.74
0.63
0.35
0.03
-0.19
-0.19
-0.03
0.13
0.10
-0.21
-0.73
-1.29
-1.67
-1.77
-1.57
-1.16
-0.67
-0.23
0.08
0.21
0.15
-0.05
-0.30
-0.51
-0.59
-0.52
-0.34
-0.13
0.07
0.24
0.35
0.41
0.37
0.22
0.01
-0.17
-0.22
-0.07
0.26
0.69
1.08
1.31
1.30
1.05
0.62
0.07
-0.49
-0.93
-1.16
-1.13
-0.86
-0.44
0.02
0.39
0.57
0.53
0.29
-0.09
-0.48
-0.77
-0.89
-0.85
-0.72
-0.61
-0.58
-0.62
-0.68
-0.71
-0.70
-0.68
-0.71
-0.76
-0.79
-0.71
-0.48
-0.15
0.18
0.42
0.52
0.52
0.49
0.50
0.53
0.51
0.39
0.18
-0.04
-0.12
0.03
0.39
0.79
1.06
1.03
0.73
0.29
-0.10
-0.30
-0.31
-0.20
-0.08
-0.04
-0.07
-0.16
-0.27
-0.38
-0.47
-0.48
-0.36
-0.08
0.31
0.70
0.93
0.95
0.78
0.55
0.37
0.31
0.36
0.48
0.62
0.72
0.76
0.68
0.44
0.05
-0.44
-0.89
-1.17
-1.21
-1.04
-0.80
-0.64
-0.66
-0.86
-1.18
-1.46
-1.60
-1.52
-1.24
-0.81
-0.32
0.15
0.52
0.76
0.89
0.91
0.89
0.85
0.82
0.81
0.77
0.66
0.43
0.11
-0.26
-0.58
-0.77
-0.81
-0.72
-0.54
-0.31
-0.02
0.34
0.76
1.21
1.60
1.80
1.76
1.52
1.18
0.85
0.59
0.41
0.26
0.12
-0.00
-0.05
0.02
0.20
0.43
0.57
0.56
0.35
-0.01
-0.43
-0.82
-1.11
-1.28
-1.32
-1.26
-1.14
-1.02
-0.94
-0.96
-1.06
-1.21
-1.39
-1.56
-1.66
-1.63
-1.43
-1.02
-0.44
0.19
0.75
1.10
1.22
1.14
0.98
0.83
0.76
0.75
0.75
0.74
0.69
0.64
0.63
0.66
0.72
0.74
0.64
0.36
-0.08
-0.59
-1.02
-1.24
-1.17
-0.88
-0.51
-0.22
-0.14
-0.26
-0.45
-0.58
-0.56
-0.39
-0.17
0.01
0.11
0.17
0.28
0.47
0.70
0.86
0.83
0.59
0.22
-0.11
-0.24
-0.11
0.23
0.63
0.93
1.02
0.90
0.66
0.40
0.20
0.10
0.13
0.31
0.67
1.20
1.85
2.50
2.98
3.17
3.05
2.68
2.22
1.85
1.63
1.54
1.50
1.38
1.12
0.69
0.06
-0.78
-1.85
-3.24
-4.98
-7.01
-9.23
-11.42
-13.32
-14.71
-15.40
-15.30
-14.40
-12.74
-10.41
-7.58
-4.50
-1.47
1.17
3.17
4.47
5.15
5.43
5.56
5.65
5.73
5.74
5.59
5.30
4.91
4.52
4.23
4.04
3.87
3.67
3.43
3.17
3.00
2.95
3.00
3.06
3.04
2.84
2.45
1.95
1.45
1.11
0.95
1.00
1.16
1.34
1.46
1.48
1.39
1.23
1.09
1.01
1.04
1.13
1.23
1.23
1.09
0.83
0.55
0.38
0.37
0.48
0.57
0.54
0.33
-0.02
-0.36
-0.61
-0.75
-0.81
-0.87
-0.97
-1.11
-1.19
-1.20
-1.07
-0.84
-0.55
-0.26
-0.03
0.08
0.05
-0.13
-0.43
-0.76
-1.08
-1.31
-1.39
-1.37
-1.30
-1.24
-1.22
-1.27
-1.35
-1.40
-1.33
-1.08
-0.63
-0.07
0.48
0.90
1.11
1.14
1.08
1.04
1.11
1.25
1.40
1.47
1.43
1.30
1.14
0.99
0.84
0.69
0.53
0.39
0.28
0.21
0.15
0.07
-0.05
-0.21
-0.40
-0.58
-0.76
-0.91
-1.00
-0.99
-0.87
-0.66
-0.41
-0.25
-0.22
-0.36
-0.62
-0.91
-1.09
-1.09
-0.88
-0.55
-0.20
0.09
0.26
0.36
0.44
0.56
0.72
0.87
0.96
0.94
0.85
0.70
0.55
0.43
0.35
0.30
0.30
0.33
0.36
0.38
0.33
0.17
-0.08
-0.43
-0.83
-1.21
-1.49
-1.61
-1.48
-1.10
-0.48
0.30
1.11
1.83
2.30
2.41
2.12
1.52
0.75
0.03
-0.46
-0.65
-0.57
-0.37
-0.18
-0.14
-0.24
-0.47
-0.69
-0.85
-0.91
-0.87
-0.77
-0.66
-0.55
-0.47
-0.41
-0.38
-0.39
-0.45
-0.56
-0.69
-0.77
-0.76
-0.61
-0.37
-0.09
0.12
0.21
0.17
0.07
-0.03
-0.05
0.05
0.27
0.56
0.88
1.17
1.38
1.43
1.27
0.93
0.44
-0.06
-0.45
-0.65
-0.65
-0.47
-0.24
-0.01
0.17
0.34
0.53
0.75
0.93
1.00
0.91
0.67
0.39
0.17
0.08
0.12
0.23
0.31
0.33
0.28
0.17
0.03
-0.18
-0.45
-0.71
-0.87
-0.82
-0.48
0.06
0.65
1.08
1.23
1.07
0.68
0.22
-0.17
-0.41
-0.49
-0.50
-0.49
-0.52
-0.58
-0.66
-0.73
-0.81
-0.94
-1.15
-1.41
-1.67
-1.82
-1.79
-1.57
-1.20
-0.75
-0.32
0.04
0.32
0.48
0.50
0.40
0.21
-0.01
-0.18
-0.28
-0.33
-0.37
-0.38
-0.34
-0.16
0.23
0.80
1.42
1.92
2.16
2.11
1.87
1.58
1.40
1.36
1.42
1.52
1.59
1.61
1.54
1.37
1.02
0.44
-0.36
-1.24
-1.99
-2.40
-2.33
-1.80
-0.97
-0.10
0.57
0.92
0.93
0.74
0.49
0.31
0.31
0.47
0.78
1.15
1.50
1.82
2.09
2.28
2.32
2.11
1.50
0.43
-1.09
-2.97
-5.01
-7.03
-8.89
-10.52
-11.85
-12.78
-13.15
-12.78
-11.58
-9.63
-7.16
-4.49
-1.96
0.24
2.01
3.37
4.39
5.12
5.62
5.88
5.95
5.85
5.59
5.17
4.63
4.02
3.44
2.98
2.67
2.52
2.50
2.55
2.65
2.75
2.85
2.88
2.81
2.58
2.22
1.74
1.21
0.72
0.33
0.11
0.03
0.05
0.11
0.12
0.05
-0.06
-0.17
-0.24
-0.26
-0.30
-0.42
-0.63
-0.88
-1.04
-1.05
-0.86
-0.53
-0.13
0.28
0.67
1.05
1.41
1.71
1.88
1.89
1.75
1.53
1.27
1.02
0.76
0.47
0.14
-0.19
-0.46
-0.61
-0.63
-0.58
-0.54
-0.61
-0.79
-1.02
-1.20
-1.22
-1.05
-0.72
-0.36
-0.08
0.06
0.05
-0.04
-0.16
-0.25
-0.33
-0.42
-0.55
-0.70
-0.81
-0.83
-0.73
-0.51
-0.19
0.15
0.49
0.81
1.13
1.41
1.63
1.71
1.56
1.20
0.68
0.15
-0.23
-0.37
-0.28
-0.08
0.10
0.16
0.08
-0.08
-0.24
-0.33
-0.33
-0.24
-0.08
0.14
0.38
0.59
0.68
0.56
0.21
-0.28
-0.77
-1.10
-1.14
-0.87
-0.37
0.21
0.68
0.86
0.65
0.07
-0.75
-1.58
-2.20
-2.44
-2.27
-1.79
-1.18
-0.62
-0.19
0.09
0.29
0.47
0.65
0.82
0.95
1.00
1.00
0.96
0.96
1.05
1.23
1.46
1.67
1.82
1.86
1.80
1.66
1.46
1.21
0.88
0.46
-0.04
-0.55
-1.00
-1.30
-1.44
-1.45
-1.39
-1.28
-1.18
-1.07
-0.99
-0.96
-1.03
-1.15
-1.26
-1.22
-0.95
-0.46
0.14
0.64
0.90
0.89
0.70
0.47
0.36
0.38
0.49
0.58
0.58
0.46
0.25
0.00
-0.21
-0.34
-0.38
-0.30
-0.13
0.07
0.22
0.27
0.18
-0.00
-0.16
-0.19
-0.06
0.17
0.40
0.49
0.36
0.04
-0.38
-0.78
-1.04
-1.10
-0.96
-0.65
-0.24
0.17
0.47
0.61
0.60
0.46
0.30
0.18
0.14
0.16
0.18
0.13
0.01
-0.15
-0.29
-0.35
-0.30
-0.18
-0.05
0.03
-0.01
-0.21
-0.51
-0.84
-1.07
-1.13
-0.99
-0.72
-0.41
-0.12
0.11
0.30
0.45
0.54
0.48
0.23
-0.17
-0.63
-0.99
-1.14
-1.06
-0.80
-0.41
0.02
0.43
0.77
0.93
0.85
0.51
0.02
-0.46
-0.73
-0.69
-0.39
0.02
0.32
0.40
0.25
-0.02
-0.24
-0.32
-0.23
-0.03
0.19
0.35
0.41
0.40
0.35
0.30
0.26
0.25
0.26
0.30
0.31
0.23
0.02
-0.32
-0.74
-1.11
-1.32
-1.29
-1.06
-0.69
-0.31
-0.01
0.18
0.26
0.23
0.11
-0.09
-0.32
-0.51
-0.61
-0.59
-0.49
-0.35
-0.20
-0.05
0.13
0.34
0.54
0.66
0.65
0.50
0.33
0.27
0.40
0.69
1.00
1.14
1.00
0.60
0.08
-0.36
-0.58
-0.55
-0.33
-0.03
0.24
0.41
0.46
0.39
0.17
-0.17
-0.57
-0.93
-1.15
-1.14
-0.88
-0.43
0.12
0.66
1.08
1.34
1.42
1.36
1.23
1.08
0.94
0.81
0.64
0.43
0.18
-0.09
-0.33
-0.57
-0.87
-1.26
-1.70
-2.07
-2.24
-2.10
-1.68
-1.09
-0.52
-0.09
0.14
0.21
0.18
0.13
0.10
0.11
0.20
0.38
0.63
0.91
1.16
1.32
1.39
1.38
1.32
1.25
1.14
0.98
0.78
0.57
0.40
0.34
0.38
0.52
0.70
0.87
1.05
1.23
1.42
1.58
1.65
1.60
1.41
1.14
0.87
0.71
0.75
1.01
1.42
1.91
2.34
2.57
2.45
1.84
0.66
-1.07
-3.31
-5.91
-8.65
-11.31
-13.62
-15.40
-16.52
-16.91
-16.57
-15.48
-13.69
-11.28
-8.43
-5.40
-2.48
0.06
2.08
3.59
4.66
5.42
5.96
6.26
6.38
6.37
6.27
6.12
5.94
5.70
5.38
4.96
4.48
4.02
3.64
3.37
3.18
3.01
2.81
2.58
2.36
2.22
2.23
2.34
2.47
2.51
2.38
2.07
1.64
1.21
0.90
0.77
0.82
0.99
1.20
1.38
1.46
1.38
1.14
0.79
0.39
0.00
-0.32
-0.56
-0.69
-0.72
-0.64
-0.49
-0.35
-0.29
-0.36
-0.58
-0.90
-1.22
-1.45
-1.50
-1.36
-1.04
-0.58
-0.05
0.46
0.88
1.12
1.15
0.98
0.65
0.23
-0.20
-0.56
-0.80
-0.85
-0.69
-0.32
0.19
0.72
1.12
1.25
1.10
0.73
0.32
0.04
-0.02
0.16
0.48
0.80
1.06
1.19
1.22
1.15
0.97
0.67
0.32
-0.02
-0.20
-0.18
0.02
0.27
0.41
0.31
-0.01
-0.43
-0.79
-0.98
-0.97
-0.82
-0.63
-0.46
-0.33
-0.22
-0.15
-0.14
-0.25
-0.48
-0.78
-1.03
-1.17
-1.17
-1.12
-1.14
-1.30
-1.59
-1.88
-2.02
-1.90
-1.52
-0.96
-0.33
0.28
0.83
1.26
1.54
1.61
1.44
1.10
0.73
0.51
0.57
0.89
1.34
1.72
1.86
1.71
1.33
0.86
0.43
0.11
-0.11
-0.27
-0.39
-0.49
-0.55
-0.54
-0.48
-0.39
-0.31
-0.26
-0.25
-0.25
-0.24
-0.19
-0.10
0.00
0.09
0.12
0.08
-0.06
-0.26
-0.46
-0.62
-0.68
-0.63
-0.49
-0.33
-0.21
-0.20
-0.31
-0.51
-0.76
-0.97
-1.08
-1.04
-0.89
-0.69
-0.50
-0.33
-0.19
-0.04
0.11
0.23
0.27
0.25
0.20
0.22
0.37
0.63
0.90
1.06
1.03
0.80
0.47
0.15
-0.08
-0.22
-0.33
-0.42
-0.49
-0.45
-0.23
0.19
0.70
1.14
1.36
1.29
1.00
0.61
0.27
0.04
-0.07
-0.07
0.01
0.19
0.46
0.80
1.08
1.25
1.24
1.08
0.86
0.62
0.40
0.19
-0.00
-0.19
-0.34
-0.47
-0.61
-0.78
-1.01
-1.23
-1.38
-1.38
-1.20
-0.88
-0.52
-0.22
-0.03
-0.01
-0.15
-0.40
-0.67
-0.89
-0.97
-0.87
-0.63
-0.28
0.10
0.48
0.85
1.20
1.46
1.58
1.50
1.21
0.80
0.36
0.02
-0.18
-0.26
-0.29
-0.32
-0.37
-0.41
-0.39
-0.26
-0.02
0.29
0.59
0.78
0.77
0.54
0.16
-0.27
-0.62
-0.81
-0.82
-0.72
-0.58
-0.45
-0.34
-0.24
-0.15
-0.09
-0.08
-0.11
-0.17
-0.24
-0.32
-0.42
-0.59
-0.82
-1.09
-1.31
-1.43
-1.40
-1.22
-0.92
-0.55
-0.16
0.19
0.42
0.49
0.37
0.10
-0.22
-0.49
-0.62
-0.58
-0.37
-0.04
0.32
0.63
0.82
0.87
0.81
0.69
0.57
0.54
0.63
0.82
1.03
1.17
1.17
1.02
0.77
0.52
0.33
0.23
0.18
0.12
0.00
-0.17
-0.37
-0.51
-0.58
-0.55
-0.47
-0.39
-0.34
-0.32
-0.31
-0.28
-0.21
-0.12
-0.07
-0.11
-0.24
-0.38
-0.45
-0.37
-0.16
0.09
0.27
0.33
0.29
0.24
0.30
0.50
0.79
1.07
1.25
1.33
1.33
1.32
1.32
1.29
1.20
1.07
0.97
1.00
1.24
1.66
2.13
2.47
2.52
2.25
1.80
1.30
0.94
0.84
1.03
1.39
1.71
1.76
1.31
0.23
-1.50
-3.77
-6.38
-9.10
-11.66
-13.84
-15.44
-16.29
-16.27
-15.33
-13.55
-11.07
-8.15
-5.09
-2.21
0.25
2.13
3.44
4.26
4.74
5.04
5.20
5.33
5.47
5.65
5.89
6.13
6.26
6.18
5.84
5.26
4.57
3.95
3.51
3.29
3.23
3.20
3.10
2.88
2.52
2.06
1.55
1.05
0.62
0.31
0.16
0.15
0.25
0.38
0.50
0.58
0.58
0.52
0.41
0.29
0.18
0.12
0.14
0.26
0.42
0.56
0.59
0.51
0.38
0.31
0.38
0.58
0.80
0.88
0.75
0.39
-0.09
-0.55
-0.90
-1.10
-1.17
-1.13
-1.02
-0.89
-0.80
-0.82
-0.96
-1.20
-1.42
-1.49
-1.35
-1.01
-0.59
-0.19
0.11
0.32
0.50
0.67
0.83
0.94
0.95
0.88
0.79
0.73
0.73
0.77
0.78
0.67
0.43
0.12
-0.16
-0.27
-0.16
0.14
0.50
0.77
0.83
0.65
0.32
-0.02
-0.25
-0.33
-0.29
-0.19
-0.05
0.14
0.37
0.63
0.83
0.92
0.88
0.76
0.63
0.54
0.45
0.29
-0.04
-0.52
-1.05
-1.50
-1.77
-1.83
-1.72
-1.50
-1.16
-0.70
-0.12
0.51
1.06
1.37
1.37
1.02
0.46
-0.18
-0.72
-1.07
-1.17
-1.05
-0.74
-0.30
0.19
0.65
1.00
1.19
1.26
1.27
1.29
1.33
1.31
1.13
0.73
0.17
-0.41
-0.80
-0.89
-0.65
-0.20
0.27
0.57
0.63
0.48
0.21
-0.08
-0.30
-0.40
-0.35
-0.20
0.01
0.23
0.37
0.42
0.36
0.23
0.09
-0.02
-0.07
-0.09
-0.12
-0.19
-0.29
-0.38
-0.40
-0.33
-0.18
-0.03
0.03
-0.04
-0.24
-0.52
-0.78
-0.97
-1.09
-1.14
-1.16
-1.15
-1.07
-0.91
-0.67
-0.39
-0.13
0.07
0.20
0.29
0.38
0.49
0.64
0.81
0.98
1.10
1.15
1.12
1.03
0.91
0.81
0.73
0.68
0.61
0.51
0.37
0.19
0.02
-0.15
-0.29
-0.39
-0.40
-0.31
-0.12
0.10
0.27
0.32
0.21
0.00
-0.25
-0.46
-0.58
-0.63
-0.65
-0.68
-0.73
-0.82
-0.92
-1.00
-1.05
-1.01
-0.89
-0.71
-0.53
-0.41
-0.39
-0.51
-0.73
-1.00
-1.24
-1.35
-1.29
-1.04
-0.63
-0.16
0.24
0.48
0.50
0.35
0.15
0.00
-0.01
0.12
0.32
0.50
0.57
0.48
0.28
0.03
-0.19
-0.32
-0.35
-0.30
-0.20
-0.06
0.15
0.43
0.78
1.15
1.43
1.54
1.43
1.12
0.66
0.16
-0.27
-0.54
-0.61
-0.45
-0.16
0.19
0.50
0.73
0.85
0.88
0.85
0.75
0.61
0.47
0.41
0.49
0.73
1.05
1.29
1.29
0.95
0.32
-0.44
-1.09
-1.49
-1.60
-1.54
-1.45
-1.45
-1.54
-1.65
-1.67
-1.52
-1.16
-0.66
-0.10
0.41
0.80
1.02
1.06
0.96
0.80
0.69
0.67
0.78
0.96
1.12
1.15
0.99
0.68
0.30
-0.02
-0.20
-0.20
-0.09
0.03
0.08
0.02
-0.09
-0.14
-0.05
0.16
0.39
0.55
0.55
0.45
0.35
0.34
0.43
0.52
0.49
0.25
-0.17
-0.60
-0.89
-0.96
-0.84
-0.64
-0.51
-0.50
-0.57
-0.66
-0.71
-0.69
-0.68
-0.72
-0.85
-1.06
-1.23
-1.26
-1.08
-0.70
-0.23
0.19
0.44
0.47
0.33
0.11
-0.08
-0.23
-0.32
-0.40
-0.44
-0.41
-0.24
0.09
0.53
0.97
1.27
1.35
1.25
1.05
0.87
0.77
0.74
0.72
0.65
0.56
0.48
0.46
0.51
0.59
0.63
0.58
0.42
0.21
-0.02
-0.22
-0.39
-0.50
-0.52
-0.44
-0.26
-0.05
0.11
0.18
0.11
-0.06
-0.26
-0.43
-0.54
-0.59
-0.63
-0.71
-0.81
-0.93
-0.98
-0.92
-0.75
-0.54
-0.41
-0.48
-0.75
-1.13
-1.47
-1.58
-1.39
-0.95
-0.40
0.07
0.37
0.47
0.40
0.24
0.07
-0.07
-0.12
-0.06
0.10
0.36
0.65
0.92
1.14
1.28
1.34
1.34
1.27
1.16
1.04
0.94
0.88
0.84
0.80
0.73
0.63
0.46
0.24
-0.02
-0.27
-0.44
-0.48
-0.37
-0.18
-0.02
-0.01
-0.18
-0.46
-0.65
-0.59
-0.19
0.43
1.07
1.49
1.58
1.35
0.95
0.50
0.11
-0.21
-0.47
-0.69
-0.90
-1.12
-1.34
-1.56
-1.77
-1.92
-1.97
-1.91
-1.79
-1.66
-1.57
-1.51
-1.41
-1.19
-0.82
-0.31
0.23
0.64
0.78
0.56
-0.01
-0.79
-1.49
-1.78
-1.46
-0.60
0.41
1.01
0.77
-0.43
-2.27
-4.02
-5.01
-4.91
-3.91
-2.69
-1.97
-2.23
-3.54
-5.67
-8.29
-11.17
-14.14
-16.90
-19.01
-19.98
-19.57
-18.37
-17.40
-17.44
-18.32
-18.55
-15.89
-8.49
4.00
20.13
36.87
51.19
61.36
67.47
70.88
73.01
74.49
75.12
74.34
71.39
66.15
59.21
51.57
43.95
36.31
27.82
17.55
5.09
-9.78
-26.68
-44.69
-62.64
-79.71
-95.56
-110.16
-123.14
-129.93
-126.53
-112.16
-90.42
-66.76
-45.17
-27.33
-13.49
-3.65
2.34
4.84
5.48
7.58
15.25
31.41
56.34
87.08
118.36
144.22
159.22
159.96
146.07
120.37
87.95
54.57
25.23
3.14
-10.62
-16.11
-14.60
-8.14
1.19
11.42
20.55
26.53
27.55
22.59
11.62
-4.45
-23.73
-43.73
-61.86
-76.00
-84.74
-87.28
-83.29
-72.91
-56.94
-36.84
-14.75
6.85
25.42
38.89
45.94
46.35
40.88
30.85
17.89
3.61
-10.26
-22.05
-30.41
-34.46
-33.70
-28.11
-18.22
-5.13
9.34
23.39
35.20
42.97
45.13
41.06
31.24
16.85
-0.82
-21.13
-43.42
-67.38
-93.17
-121.13
-150.84
-180.46
-206.69
-225.35
-232.68
-225.21
-201.14
-161.53
-110.14
-51.99
7.92
65.22
118.14
159.25
181.73
185.13
175.66
161.40
147.74
135.38
121.03
100.43
71.35
35.83
0.34
-27.26
-41.65
-41.96
-31.78
-17.47
-5.79
-2.64
-9.75
-28.21
-57.52
-95.18
-135.17
-168.12
-183.89
-176.20
-146.92
-105.95
-67.82
-44.95
-41.73
-52.42
-64.73
-66.37
-50.68
-18.63
23.82
69.49
112.96
150.74
179.99
197.48
200.14
187.23
161.71
129.98
99.23
74.45
56.92
44.98
36.46
30.25
27.23
28.99
36.15
47.53
60.66
73.00
83.01
90.73
97.32
104.20
112.20
121.31
130.69
139.09
145.26
148.03
146.51
140.11
128.78
113.12
94.51
74.94
56.68
41.72
31.36
25.85
24.53
26.27
30.06
35.27
41.57
48.57
55.39
60.60
62.53
59.78
51.88
39.48
24.24
8.32
-6.07
-17.13
-23.90
-26.59
-26.71
-26.67
-28.82
-34.45
-43.23
-53.40
-62.80
-69.96
-74.91
-79.09
-84.73
-93.98
-107.91
-125.79
-145.27
-163.32
-177.60
-187.64
-195.49
-204.97
-219.04
-237.27
-254.84
-264.27
-259.18
-237.90
-205.03
-169.70
-141.16
-124.32
-117.19
-112.00
-99.13
-72.09
-30.75
18.50
65.65
101.65
122.27
129.31
129.00
128.54
132.63
141.45
151.09
156.01
152.14
138.61
117.86
94.29
72.34
54.42
40.17
26.69
9.79
-14.19
-46.74
-86.33
-128.61
-167.58
-197.23
-212.80
-211.59
-192.99
-158.34
-111.04
-56.73
-3.12
41.25
69.21
77.59
68.85
50.35
31.48
19.92
18.76
26.11
36.91
46.02
50.40
49.59
44.93
38.07
30.03
21.09
11.37
1.32
-8.09
-15.40
-19.07
-17.93
-11.89
-2.57
6.81
12.46
11.63
3.92
-8.31
-21.14
-30.65
-34.67
-33.75
-30.66
-28.70
-29.95
-34.44
-40.33
-45.38
-47.39
-45.11
-38.86
-30.52
-22.75
-17.67
-15.86
-16.08
-16.88
-16.09
-12.08
-4.85
3.83
11.40
16.10
17.35
14.97
6.48
-10.48
-37.18
-73.18
-115.69
-159.57
-198.27
-226.29
-241.29
-246.36
-244.99
-238.51
-225.97
-205.15
-174.06
-131.65
-78.89
-6.83
79.38
164.63
233.49
278.92
302.63
309.99
306.41
295.45
279.05
256.69
230.04
203.32
180.34
163.12
147.75
128.07
98.13
55.26
0.47
-59.34
-110.42
-142.80
-154.31
-149.16
-132.34
-105.93
-69.25
-23.59
25.68
68.82
94.68
97.32
79.79
53.30
30.92
21.02
23.37
32.07
40.75
46.13
49.34
53.35
59.70
66.64
70.00
65.92
53.52
35.82
17.80
4.29
-2.35
-3.16
-2.05
-3.86
-12.06
-26.86
-44.83
-60.60
-69.42
-69.17
-61.53
-50.99
-42.59
-39.83
-43.69
-52.70
-63.76
-72.77
-75.03
-66.24
-44.14
-10.11
30.20
68.12
95.15
106.95
104.65
94.32
84.54
82.19
89.78
104.45
119.30
126.11
117.66
92.18
53.30
9.73
-27.64
-49.39
-51.54
-36.46
-11.35
15.26
36.85
50.03
53.63
47.00
29.35
0.63
-36.63
-76.40
-110.39
-131.06
-134.93
-123.09
-102.38
-80.55
-63.37
-53.17
-48.55
-46.33
-42.93
-36.44
-26.41
-14.12
-1.64
8.45
13.51
12.14
5.08
-4.48
-11.68
-11.97
-3.39
12.55
31.40
47.97
59.00
63.96
64.06
60.20
52.13
38.93
20.91
1.45
-14.72
-23.56
-24.08
-19.09
-13.14
-9.20
-6.71
-2.26
7.82
23.56
41.16
55.08
61.45
59.95
53.35
43.91
31.87
14.97
-9.48
-41.40
-76.20
-105.98
-122.40
-122.21
-107.43
-84.12
-59.15
-37.79
-22.37
-13.36
-10.17
-12.30
-18.56
-25.75
-29.01
-23.69
-7.90
15.75
40.79
59.68
67.26
62.92
50.76
37.05
27.04
22.50
21.81
21.87
20.06
16.05
11.64
9.66
12.03
19.21
30.04
42.66
55.30
66.07
72.35
70.60
57.71
33.37
2.08
-27.17
-44.27
-42.91
-24.41
2.63
26.53
38.58
37.04
27.16
17.00
12.61
14.89
19.73
21.28
15.56
2.49
-14.66
-30.98
-42.13
-45.03
-38.15
-22.44
-0.58
23.44
45.53
61.95
69.79
67.38
54.93
34.84
10.53
-14.22
-36.54
-55.27
-72.39
-90.33
-113.37
-145.22
-180.94
-211.40
-227.62
-226.67
-211.92
-189.79
-165.76
-142.26
-120.42
-101.31
-87.47
-81.34
-84.07
-90.38
-92.11
-81.21
-52.34
-6.63
49.32
105.59
152.99
186.44
207.25
222.33
231.16
238.27
247.86
262.14
279.55
293.73
294.90
273.74
224.75
148.98
56.30
-37.92
-116.35
-164.43
-175.49
-151.47
-100.24
-33.23
36.92
100.03
148.92
180.74
196.75
198.79
187.88
164.86
130.18
83.95
27.53
-36.25
-104.77
-163.56
-197.76
-205.06
-194.39
-177.09
-160.31
-145.29
-129.72
-110.84
-87.28
-61.80
-40.82
-27.18
-21.55
-22.95
-29.84
-41.02
-55.10
-69.64
-79.28
-78.84
-64.25
-35.40
2.60
41.27
72.01
90.17
96.25
93.94
87.24
79.55
72.81
67.24
62.32
56.75
49.45
37.59
18.48
-9.20
-43.33
-78.71
-109.42
-127.63
-130.42
-119.14
-98.68
-75.29
-54.63
-40.67
-32.77
-29.55
-27.43
-20.51
-4.49
19.41
44.57
62.03
64.46
49.19
17.09
-27.40
-76.70
-125.12
-170.90
-213.73
-251.20
-278.75
-282.77
-256.18
-198.95
-114.84
-12.94
93.93
194.22
281.71
355.36
417.06
467.55
482.12
449.00
378.86
296.07
221.25
164.03
124.65
97.57
73.56
47.60
17.60
-14.33
-43.99
-66.52
-77.43
-74.82
-60.65
-40.44
-19.49
-1.31
9.56
8.25
-8.51
-40.47
-84.22
-134.92
-188.00
-239.98
-276.72
-287.88
-273.53
-243.03
-207.15
-172.84
-143.58
-120.42
-106.32
-96.70
-90.02
-87.54
-91.96
-106.01
-131.67
-170.11
-217.03
-265.20
-303.73
-323.73
-320.27
-294.06
-251.03
-199.91
-149.79
-106.48
-71.06
-39.92
-9.58
21.92
54.42
86.33
117.03
145.52
171.33
195.13
219.31
245.75
275.40
308.35
343.71
381.48
418.36
448.92
468.35
475.11
470.42
457.86
441.91
425.90
413.19
401.13
382.57
349.88
299.43
232.54
155.67
79.20
-2.20
-75.04
-121.54
-136.59
-132.13
-125.51
-129.04
-145.76
-170.82
-196.53
-211.32
-208.71
-188.17
-152.48
-106.41
-57.05
-12.20
22.06
40.90
46.58
42.74
31.98
10.78
-21.48
-63.81
-112.99
-164.27
-216.24
-265.87
-310.68
-348.52
-376.38
-388.58
-378.94
-343.45
-267.88
-162.28
-54.78
26.80
72.03
87.34
87.09
83.96
85.09
92.77
98.62
95.80
82.13
60.16
35.27
14.28
2.44
2.42
14.26
32.24
51.21
69.04
86.54
105.12
124.61
141.29
149.83
145.34
122.81
82.51
29.53
-29.06
-85.94
-130.19
-159.14
-174.02
-170.09
-146.17
-104.02
-49.46
8.60
60.99
101.32
126.57
137.31
136.01
122.84
97.73
60.85
13.82
-39.82
-94.00
-138.50
-164.54
-169.83
-160.56
-144.32
-126.71
-110.50
-96.14
-82.95
-70.43
-59.79
-49.18
-38.49
-26.23
-10.57
9.55
33.69
60.53
89.03
118.84
151.44
180.17
198.14
197.96
173.40
122.32
49.09
-35.58
-118.45
-177.33
-196.34
-175.04
-126.71
-68.81
-15.48
24.39
51.31
67.14
75.86
81.50
89.54
106.21
133.39
166.31
194.04
202.34
182.58
138.39
81.75
27.87
-10.71
-28.25
-27.49
-15.18
1.46
16.07
24.69
24.26
12.43
-12.61
-51.66
-99.62
-144.98
-176.00
-186.29
-176.29
-152.06
-122.40
-95.47
-76.19
-65.10
-59.51
-55.73
-50.52
-42.04
-31.53
-20.89
-13.22
-11.29
-16.52
-28.77
-46.12
-64.49
-78.03
-77.42
-59.04
-25.86
14.20
51.52
78.42
91.78
93.59
88.82
82.49
76.90
71.73
65.89
58.96
51.57
44.94
40.01
36.83
34.83
33.59
32.49
32.45
34.80
39.99
46.89
52.97
55.29
51.73
41.66
26.26
8.23
-9.46
-24.33
-34.70
-39.73
-39.44
-34.69
-27.32
-19.66
-13.64
-10.27
-9.23
-9.27
-8.77
-6.92
-4.23
-2.31
-2.63
-5.34
-8.86
-10.40
-7.51
0.78
13.16
26.51
37.32
43.21
43.55
39.17
31.76
22.74
13.29
4.09
-4.57
-12.36
-18.72
-23.39
-26.96
-30.83
-37.50
-48.44
-63.18
-78.81
-90.43
-92.64
-82.08
-58.82
-25.84
11.30
47.75
80.54
107.62
125.54
132.97
131.74
124.83
117.00
106.30
90.37
68.00
39.09
4.44
-33.80
-74.10
-115.90
-152.16
-175.68
-182.03
-172.50
-152.14
-126.41
-99.30
-73.69
-51.57
-33.89
-21.91
-15.81
-14.55
-16.06
-17.79
-17.63
-15.02
-10.73
-6.34
-4.23
-5.72
-10.20
-15.36
-18.48
-17.43
-11.83
-2.99
6.84
14.74
18.31
16.23
9.37
0.07
-7.87
-10.08
-3.06
14.10
38.87
64.92
85.53
96.27
96.80
90.38
82.13
76.69
76.16
79.19
81.56
78.08
65.11
42.75
15.53
-8.90
-23.12
-23.39
-11.61
6.25
23.40
35.27
40.72
40.37
34.61
22.56
3.09
-23.16
-52.34
-77.52
-92.56
-94.60
-85.18
-68.87
-51.18
-36.41
-26.52
-21.49
-20.04
-20.36
-20.44
-18.70
-14.22
-7.49
0.34
7.30
11.15
9.90
2.13
-12.12
-30.64
-48.43
-59.38
-57.98
-42.00
-14.23
18.17
46.49
64.01
68.55
62.79
52.00
41.41
34.29
31.49
32.32
34.87
36.81
35.27
27.34
11.53
-10.78
-35.07
-55.43
-66.92
-67.87
-60.04
-47.30
-33.65
-22.01
-14.06
-10.36
-10.88
-14.30
-17.63
-16.67
-7.91
9.51
32.25
54.55
70.40
76.06
71.58
59.87
45.15
31.10
20.12
13.27
11.50
15.80
26.50
42.05
58.33
69.41
69.52
56.28
32.10
3.51
-21.51
-37.03
-41.48
-37.64
-30.53
-24.58
-21.42
-20.21
-19.00
-16.45
-12.46
-8.06
-4.25
-1.28
1.43
4.98
10.23
16.93
23.90
29.64
32.49
31.50
26.60
18.39
8.05
-3.33
-15.05
-26.77
-38.25
-49.21
-59.01
-66.81
-71.90
-73.69
-72.24
-68.11
-62.29
-55.73
-48.99
-42.15
-34.37
-26.09
-17.38
-8.68
-0.49
6.67
12.70
17.84
22.74
27.92
33.25
38.19
41.49
41.91
38.55
31.53
21.84
11.12
0.73
-8.53
-16.61
-24.16
-31.57
-39.75
-49.09
-59.85
-71.73
-83.43
-92.13
-93.95
-85.49
-65.69
-37.23
-5.78
22.00
41.13
50.18
51.29
48.38
44.79
41.91
39.19
35.71
31.27
26.87
24.06
23.83
25.85
28.63
30.32
29.45
25.96
21.00
16.46
14.01
14.37
17.02
20.40
22.59
22.09
18.61
13.03
7.02
2.31
-0.13
-0.40
0.46
1.10
0.77
-0.34
-1.06
0.21
4.72
12.97
24.84
39.83
57.05
74.46
89.05
96.56
93.00
76.64
49.47
17.25
-12.71
-34.27
-44.82
-45.60
-40.29
-32.87
-25.87
-20.08
-15.06
-10.33
-5.81
-1.79
1.36
3.47
4.02
2.39
-2.13
-9.95
-20.91
-34.27
-48.96
-64.04
-78.20
-89.64
-96.26
-96.79
-91.97
-85.12
-80.93
-82.27
-88.14
-93.37
-90.86
-75.23
-47.42
-13.76
16.67
36.60
43.83
41.20
34.22
27.62
23.22
19.96
16.08
10.93
5.50
2.08
2.37
6.59
13.31
20.30
25.28
27.24
26.55
24.76
23.77
24.87
28.32
33.23
38.07
41.39
42.52
41.77
40.32
39.76
41.15
44.66
49.47
54.16
57.16
57.40
54.87
50.57
46.37
44.00
44.67
48.45
54.39
61.00
66.76
70.84
73.35
75.50
78.31
82.68
89.10
98.05
109.61
121.94
131.54
133.66
124.51
101.74
66.96
25.28
-15.48
-47.92
-68.71
-78.38
-80.13
-76.35
-69.86
-61.60
-52.41
-42.68
-33.64
-28.79
-31.77
-41.33
-54.26
-69.23
-85.14
-103.68
-128.20
-154.14
-178.28
-196.99
-220.94
-245.56
-265.86
-268.40
-250.54
-216.13
-172.13
-126.05
-82.83
-45.12
-7.31
25.45
45.33
47.83
37.00
22.40
12.18
9.88
14.13
23.01
32.93
43.08
53.43
63.55
71.21
73.53
67.41
52.14
31.88
12.55
2.18
8.01
30.24
62.02
92.15
110.35
111.66
98.54
77.46
56.66
42.43
35.92
36.43
42.81
53.76
66.98
78.85
82.47
73.24
50.89
19.74
-12.38
-37.48
-50.98
-53.31
-48.46
-41.40
-35.28
-31.54
-29.98
-30.75
-34.22
-40.81
-50.72
-63.14
-76.83
-91.24
-106.95
-125.06
-145.43
-164.36
-175.61
-174.07
-156.53
-123.30
-78.76
-29.42
19.05
61.53
95.12
118.51
128.16
122.12
101.30
68.55
28.65
-13.26
-54.06
-91.56
-126.33
-163.66
-204.41
-242.35
-268.35
-274.20
-256.29
-217.66
-163.68
-102.12
-45.09
1.47
39.06
70.74
98.69
123.03
124.28
91.32
54.56
28.10
7.79
-5.45
-11.94
-13.39
-12.05
-9.25
-1.57
15.32
39.61
70.07
106.67
147.00
187.39
224.70
257.41
288.23
321.02
355.56
392.92
435.67
483.91
534.39
580.50
613.57
626.89
617.07
583.27
531.06
470.68
411.82
360.73
319.45
286.99
262.11
244.03
231.18
222.37
216.17
209.83
200.18
184.91
163.54
137.71
110.19
83.17
57.84
34.19
10.89
-13.79
-40.96
-70.49
-100.91
-130.00
-155.72
-177.08
-194.57
-209.61
-224.00
-238.98
-254.77
-270.81
-286.49
-301.77
-317.18
-333.27
-349.78
-365.38
-378.57
-388.75
-396.92
-404.78
-412.98
-419.48
-419.62
-408.28
-383.00
-346.09
-303.81
-263.08
-227.71
-196.73
-165.86
-131.31
-92.96
-54.57
-21.07
4.91
24.50
41.47
58.99
76.87
91.41
97.97
94.19
81.61
64.58
47.57
33.14
21.71
12.91
7.00
5.04
7.86
14.55
21.89
25.28
20.47
5.19
-20.10
-52.59
-87.86
-120.54
-144.76
-155.07
-148.36
-125.73
-92.83
-57.89
-28.09
-6.41
9.00
22.93
39.66
60.16
81.92
101.04
115.21
124.66
131.70
138.51
145.11
149.12
147.75
140.19
128.80
118.01
111.63
111.07
114.55
117.54
114.57
101.49
76.87
42.31
1.49
-41.99
-85.17
-125.99
-162.98
-194.85
-220.03
-237.27
-246.94
-252.15
-260.08
-276.79
-303.51
-335.65
-364.91
-382.60
-383.55
-368.79
-345.57
-327.52
-323.54
-332.58
-345.87
-353.84
-351.17
-338.49
-321.19
-306.39
-305.43
-321.74
-348.51
-373.65
-387.81
-386.66
-369.41
-336.83
-290.78
-242.91
-202.50
-172.65
-152.16
-139.64
-132.83
-126.76
-114.34
-40.76
104.15
278.66
424.98
513.88
548.29
546.01
525.32
499.32
474.47
443.82
404.22
361.09
323.27
294.72
272.78
250.93
223.38
188.87
146.88
103.71
69.13
49.64
43.85
44.69
44.51
43.07
43.14
45.12
50.55
61.87
80.52
105.58
135.25
162.22
182.16
193.13
193.62
184.07
167.11
147.48
131.32
125.07
133.44
157.90
193.42
229.05
252.05
252.98
229.51
186.58
132.98
77.86
28.88
-9.15
-32.65
-39.03
-26.73
-3.65
18.58
27.74
18.48
-6.11
-38.64
-70.80
-93.57
-106.34
-109.01
-101.11
-82.59
-53.64
-14.40
30.58
77.16
112.97
128.34
121.63
99.32
70.64
42.89
19.64
1.15
-13.44
-25.56
-35.52
-42.63
-46.12
-46.20
-43.70
-39.94
-36.48
-34.28
-33.91
-34.58
-34.79
-33.33
-30.09
-25.75
-21.43
-18.17
-16.43
-16.24
-16.58
-16.14
-14.04
-10.66
-7.28
-5.52
-6.56
-10.63
-16.97
-23.86
-29.45
-32.34
-32.49
-30.67
-28.26
-25.94
-23.58
-20.35
-15.31
-8.24
0.47
9.70
18.54
26.50
33.27
37.79
37.69
29.89
11.38
-15.67
-45.54
-70.84
-86.19
-91.00
-88.58
-83.72
-79.72
-76.28
-69.19
-54.35
-30.68
-2.14
24.35
42.27
48.65
44.64
34.31
23.55
16.53
15.49
20.54
31.49
48.34
70.97
97.03
121.80
140.70
149.87
148.61
139.03
126.41
117.53
118.94
134.28
156.90
179.47
191.70
191.42
174.39
139.10
85.16
20.55
-43.38
-97.06
-135.63
-161.68
-182.46
-201.21
-218.26
-229.61
-229.04
-213.96
-187.67
-156.75
-127.98
-104.52
-86.03
-70.24
-54.87
-39.18
-24.85
-14.64
-9.79
-9.68
-11.76
-13.16
-11.99
-7.74
-1.23
5.41
9.82
10.93
9.09
6.03
3.70
3.32
5.14
8.44
11.69
13.34
12.73
10.27
7.25
5.16
4.81
6.19
8.44
10.20
10.26
8.23
4.77
1.28
-0.73
-0.48
1.72
4.53
6.24
5.47
1.98
-3.12
-7.70
-9.37
-6.90
-0.45
8.50
17.76
25.23
29.60
30.13
26.59
19.75
11.71
5.69
5.13
11.47
22.37
31.62
31.67
17.63
-9.50
-42.63
-72.03
-89.77
-93.52
-86.73
-75.71
-65.92
-59.71
-56.49
-54.24
-51.19
-45.99
-37.39
-23.71
-4.01
20.73
47.08
69.63
83.70
87.46
82.33
71.57
58.51
45.57
33.80
23.69
15.83
11.17
10.20
12.40
16.04
18.97
19.60
17.34
13.02
8.32
5.02
4.12
5.51
8.13
10.53
11.55
10.76
8.58
6.06
4.33
4.13
5.55
7.86
10.06
11.31
11.24
10.03
8.30
6.75
5.78
5.24
4.57
3.18
0.63
-2.87
-6.44
-8.79
-8.73
-5.68
-0.10
6.89
13.66
18.84
21.78
22.71
22.67
22.98
24.63
27.56
30.77
32.73
31.84
27.13
18.24
5.64
-10.21
-27.79
-45.54
-61.41
-73.01
-78.59
-77.74
-72.04
-64.07
-55.88
-47.32
-36.28
-19.87
3.71
32.74
62.32
86.44
101.15
106.02
104.00
98.92
92.86
84.96
72.26
52.63
27.09
0.19
-22.05
-35.04
-38.52
-36.27
-33.51
-34.29
-39.13
-45.50
-49.75
-49.43
-44.53
-37.25
-30.32
-25.52
-23.15
-21.99
-20.37
-17.16
-12.06
-5.55
1.28
7.42
12.40
16.02
18.38
19.57
19.55
18.26
15.47
11.19
5.88
0.35
-4.37
-7.32
-7.87
-5.96
-2.04
2.91
7.64
10.86
11.54
9.19
4.11
-2.84
-10.31
-16.88
-21.49
-23.67
-23.90
-23.33
-23.18
-24.11
-26.17
-28.81
-31.16
-32.72
-33.48
-34.10
-35.57
-38.30
-42.18
-47.20
-53.60
-61.43
-70.10
-77.35
-79.41
-72.40
-53.79
-24.03
12.55
48.97
78.27
95.74
100.23
93.32
77.57
56.13
31.70
6.43
-17.91
-39.34
-56.11
-67.08
-72.73
-75.71
-78.59
-82.74
-87.55
-90.69
-85.39
-66.63
-32.21
16.58
67.30
103.83
116.87
108.32
87.49
65.13
48.15
38.52
34.37
32.40
31.16
31.42
34.38
39.96
46.65
51.86
53.11
49.15
40.05
28.04
16.42
7.85
3.33
2.25
2.89
3.38
2.55
-0.11
-3.78
-6.92
-8.37
-7.86
-5.97
-3.75
-2.20
-1.82
-2.73
-4.38
-5.94
-6.78
-6.70
-5.95
-5.00
-4.26
-4.00
-4.40
-5.47
-7.14
-9.41
-12.28
-15.76
-19.68
-23.77
-27.60
-30.77
-32.99
-33.92
-33.52
-31.65
-28.15
-22.89
-15.93
-7.58
1.53
10.51
18.47
24.74
29.11
31.88
33.71
35.32
37.18
39.39
41.59
43.29
44.06
43.82
42.92
41.91
41.41
42.00
44.12
47.94
53.06
58.13
60.96
59.04
50.58
35.49
15.82
-4.78
-22.50
-34.73
-40.89
-42.26
-40.94
-38.74
-36.61
-34.66
-32.73
-30.88
-29.46
-28.83
-28.97
-29.39
-29.38
-28.31
-25.99
-22.80
-19.41
-16.51
-14.56
-13.65
-13.55
-13.82
-13.96
-13.63
-12.66
-11.11
-9.16
-7.03
-4.87
-2.80
-0.87
0.88
2.40
3.69
4.92
6.46
8.85
12.55
17.67
23.84
30.20
35.63
39.08
39.80
37.53
32.48
25.22
16.60
7.53
-1.05
-8.36
-13.79
-17.06
-18.17
-17.47
-15.51
-12.93
-10.36
-8.20
-6.61
-5.53
-4.73
-4.03
-3.36
-2.83
-2.60
-2.76
-3.24
-3.78
-4.09
-3.99
-3.49
-2.82
-2.27
-2.05
-2.20
-2.64
-3.23
-3.89
-4.58
-5.25
-5.79
-6.06
-5.98
-5.57
-4.97
-4.39
-3.89
-3.44
-2.86
-2.00
-0.91
0.24
1.16
1.71
1.87
1.78
1.66
1.66
1.82
2.01
2.17
2.35
2.76
3.66
5.17
7.16
9.24
10.88
11.66
11.48
10.64
9.63
8.85
8.50
8.57
8.94
9.28
9.16
8.26
6.57
4.42
2.39
1.10
1.11
2.77
5.57
8.44
10.32
10.89
10.72
11.02
13.13
18.16
26.82
38.37
50.98
62.47
71.24
76.71
78.94
78.32
75.48
71.18
64.97
55.43
40.54
18.57
-11.66
-50.98
-99.62
-156.60
-212.03
-252.68
-267.68
-255.21
-222.67
-180.92
-139.00
-102.09
-71.65
-46.50
-25.49
-8.25
4.64
12.78
16.63
17.35
16.58
15.84
16.16
16.83
16.43
14.79
14.35
19.26
32.44
52.89
75.36
92.79
99.40
93.69
78.87
60.83
44.74
32.58
23.25
14.61
5.91
-1.86
-6.84
-8.04
-6.22
-3.58
-2.50
-4.32
-9.05
-15.30
-21.05
-24.51
-24.63
-21.52
-16.38
-10.92
-6.76
-4.76
-4.64
-5.20
-4.87
-2.66
1.74
7.23
11.95
13.93
11.68
4.53
-7.46
-23.49
-41.74
-58.75
-70.42
-72.71
-63.59
-44.35
-19.58
4.44
22.39
32.06
34.80
34.00
32.71
31.89
30.22
25.69
17.42
6.58
-4.46
-12.80
-16.84
-16.38
-12.03
-4.45
5.82
17.49
27.87
33.47
32.64
26.87
21.16
22.00
33.29
54.58
80.50
103.22
116.46
118.19
110.66
98.42
85.45
73.47
62.31
51.62
41.98
34.69
30.10
26.13
18.98
4.82
-17.82
-46.49
-74.95
-95.69
-103.02
-95.44
-76.14
-51.55
-29.00
-14.19
-9.31
-12.37
-18.08
-19.95
-12.99
3.40
25.75
48.21
65.15
72.73
69.88
56.12
32.06
-0.53
-38.18
-75.25
-104.88
-119.63
-117.90
-103.08
-81.41
-58.60
-37.80
-19.27
-1.62
15.98
32.39
45.06
50.89
47.78
36.02
18.36
-0.20
-13.66
-16.62
-6.27
15.76
43.14
66.73
77.85
71.07
46.34
9.16
-31.70
-67.33
-89.08
-94.67
-86.92
-70.53
-49.74
-27.46
-5.55
14.14
29.14
35.97
32.74
20.23
2.22
-16.32
-31.30
-40.21
-42.64
-40.19
-35.79
-32.97
-34.45
-41.31
-52.43
-64.36
-70.70
-64.58
-42.89
-8.93
28.08
57.09
70.11
63.33
37.95
1.15
-37.66
-71.41
-97.21
-114.21
-120.57
-112.47
-80.44
-26.70
33.64
82.42
109.22
113.50
101.97
83.82
66.69
54.12
45.12
37.83
31.64
27.06
24.47
23.71
24.10
24.80
24.76
22.70
18.59
13.83
10.13
8.36
8.45
9.64
10.99
11.56
10.39
7.50
3.99
1.21
-0.08
0.17
1.39
2.79
3.57
3.04
1.11
-1.63
-4.41
-6.80
-8.76
-10.66
-13.00
-16.16
-20.26
-24.86
-29.03
-31.49
-31.52
-28.79
-23.56
-16.57
-8.81
-1.14
5.92
12.35
18.45
24.61
31.01
37.43
43.27
47.83
50.65
51.77
51.71
51.27
51.18
52.03
54.20
57.82
62.48
66.91
69.00
66.24
56.75
40.36
19.17
-3.09
-22.36
-35.91
-43.12
-45.29
-44.60
-42.79
-40.56
-37.69
-33.79
-29.03
-24.28
-20.70
-19.03
-19.15
-20.12
-20.63
-19.62
-16.85
-12.73
-8.32
-4.77
-2.74
-2.12
-2.10
-1.64
0.03
3.02
6.79
10.37
12.84
13.77
13.32
12.20
11.34
11.52
13.04
15.56
18.25
20.06
20.21
18.54
15.59
12.53
10.66
10.85
13.09
16.40
19.08
19.20
15.43
7.47
-3.82
-16.54
-28.30
-36.97
-41.46
-42.14
-41.11
-41.91
-48.50
-63.58
-86.85
-113.95
-137.17
-147.98
-140.34
-113.32
-71.75
-24.38
19.09
50.95
67.08
67.25
54.31
33.29
10.28
-8.79
-19.58
-20.52
-13.13
-1.24
10.86
20.30
26.29
29.74
32.14
34.60
37.51
40.85
44.63
49.06
54.38
60.61
67.50
74.50
80.88
85.84
88.70
89.03
86.89
82.55
76.41
68.85
60.32
51.53
43.65
38.19
36.36
38.26
42.23
44.87
42.14
30.72
9.15
-21.70
-59.04
-99.53
-140.43
-180.43
-218.71
-253.42
-280.43
-293.63
-287.19
-258.10
-207.89
-142.29
-69.98
0.68
63.71
116.18
156.84
184.30
197.12
194.95
180.63
158.53
133.64
109.50
87.33
66.00
43.28
18.22
-7.46
-28.69
-41.75
-45.32
-41.55
-34.71
-30.16
-32.80
-45.24
-67.33
-94.75
-123.46
-149.62
-171.24
-188.02
-193.60
-184.21
-162.64
-148.19
-144.84
-148.42
-145.97
-127.51
-87.16
-26.16
49.03
128.48
201.73
258.11
285.71
281.06
251.47
218.41
188.40
161.47
136.24
109.86
84.22
61.01
41.64
25.84
12.33
-1.73
-17.03
-32.41
-45.79
-53.90
-55.05
-48.81
-36.81
-22.04
-9.01
-0.34
3.15
2.06
-1.39
-4.96
-6.61
-5.50
-2.02
1.93
5.19
7.33
8.40
8.99
9.58
10.64
12.32
14.49
16.48
18.09
19.35
20.33
21.24
22.32
24.05
26.71
30.32
34.04
36.93
38.33
38.10
36.69
34.87
33.66
33.49
34.49
35.65
35.76
33.86
29.71
23.69
16.56
9.81
4.32
0.99
-0.88
-2.64
-5.86
-11.53
-19.95
-31.02
-43.53
-57.17
-71.30
-86.65
-103.74
-122.55
-142.33
-162.39
-183.37
-206.21
-233.91
-257.41
-267.34
-257.48
-228.62
-186.20
-135.91
-88.79
-43.03
2.33
46.65
86.59
118.63
139.63
147.79
144.07
131.62
115.93
100.82
89.09
80.66
73.91
66.77
58.29
48.99
40.14
33.92
30.74
30.27
30.87
30.65
28.33
23.93
18.46
12.98
8.47
4.36
-0.40
-7.01
-15.95
-26.63
-37.31
-45.91
-50.79
-51.06
-47.34
-41.23
-34.94
-30.76
-30.28
-33.71
-40.11
-47.77
-54.44
-58.16
-57.64
-52.53
-43.59
-32.15
-19.10
-5.62
7.06
18.37
28.76
39.74
53.79
72.75
97.08
125.28
152.13
170.05
172.94
159.68
135.47
110.46
94.73
94.36
109.75
133.87
155.19
163.30
152.90
124.51
82.67
31.77
-30.65
-98.48
-159.18
-200.41
-215.17
-202.98
-171.30
-126.25
-76.25
-30.73
4.55
27.86
37.78
36.93
30.83
25.25
24.52
29.25
37.41
48.07
60.60
73.22
83.56
88.85
86.88
77.50
62.69
46.77
34.08
31.34
40.53
56.99
72.69
81.57
81.37
75.20
60.21
33.07
-8.28
-64.27
-132.40
-208.09
-282.67
-340.35
-366.81
-358.92
-324.69
-277.98
-230.74
-187.63
-146.39
-101.68
-52.46
2.96
60.43
114.27
160.83
199.46
231.72
259.42
283.31
294.29
285.86
253.89
201.16
137.77
77.48
32.23
7.85
2.96
10.57
22.78
32.31
35.62
32.75
25.34
14.71
1.20
-15.34
-34.75
-54.96
-73.42
-87.03
-93.06
-90.31
-79.78
-64.45
-48.20
-34.56
-24.86
-18.69
-14.19
-9.36
-3.69
1.00
0.83
-8.48
-29.35
-60.32
-96.17
-129.40
-152.88
-162.23
-156.84
-139.45
-114.44
-86.24
-57.87
-30.77
-5.62
16.72
34.84
47.26
53.12
52.90
48.15
41.77
37.09
36.36
39.39
44.01
47.40
47.60
44.37
38.28
31.45
26.78
26.14
28.86
32.20
33.12
29.59
21.60
9.87
-2.09
-8.81
-5.97
6.37
23.33
37.34
41.00
29.40
-0.50
-46.53
-101.34
-155.35
-199.84
-227.90
-234.46
-216.89
-164.76
-84.19
2.30
71.18
112.87
130.98
134.29
130.52
124.07
116.56
106.54
94.37
83.49
77.94
79.08
84.93
91.40
93.82
88.50
72.38
46.26
15.16
-14.18
-36.70
-50.37
-56.48
-57.28
-55.06
-52.39
-50.08
-47.05
-41.81
-34.02
-24.74
-15.54
-7.57
-1.31
2.86
5.30
6.82
7.92
8.48
7.90
5.84
2.70
-0.52
-2.80
-3.18
-1.11
3.26
9.10
14.84
18.84
19.96
17.85
13.10
6.99
1.15
-3.09
-5.04
-4.83
-3.21
-1.12
0.66
1.82
2.46
2.95
3.68
4.88
6.56
8.59
10.83
13.10
15.26
17.21
18.98
20.65
22.35
24.14
26.02
27.91
29.63
30.99
31.80
31.94
31.40
30.23
28.56
26.46
23.98
20.97
17.11
11.91
4.89
-4.22
-15.21
-27.30
-39.24
-49.75
-57.89
-63.31
-66.13
-66.64
-65.05
-61.37
-55.65
-48.15
-39.46
-30.32
-21.38
-13.01
-5.32
1.66
7.79
12.88
16.79
19.63
21.74
23.54
25.37
27.33
29.30
30.98
32.02
32.08
30.88
28.43
25.13
21.68
18.83
16.97
15.82
14.36
11.24
5.25
-4.14
-16.64
-31.25
-46.60
-61.24
-73.90
-83.45
-88.93
-89.54
-84.83
-75.00
-61.10
-44.95
-28.70
-14.29
-2.99
4.89
9.78
12.57
14.15
15.21
16.12
17.04
17.92
18.64
19.08
19.13
18.80
18.21
17.52
16.74
15.74
14.15
11.70
8.35
4.46
0.69
-2.29
-4.02
-4.42
-3.75
-2.40
-0.72
1.09
2.95
4.82
6.56
7.97
8.85
9.10
8.70
7.72
6.35
4.78
3.31
2.11
1.23
0.42
-0.76
-2.79
-5.76
-9.25
-12.39
-14.20
-14.09
-12.17
-9.19
-6.14
-3.77
-2.27
-1.31
-0.39
0.83
2.36
3.94
5.23
6.00
6.25
6.13
5.79
5.38
4.99
4.72
4.68
4.97
5.61
6.49
7.38
7.97
7.99
7.27
5.90
4.11
2.29
0.84
0.00
-0.23
-0.09
0.03
-0.20
-0.89
-1.83
-2.57
-2.66
-1.91
-0.54
0.83
1.42
0.61
-1.78
-5.37
-9.43
-13.05
-15.55
-16.61
-16.49
-15.96
-16.14
-18.18
-22.81
-29.84
-37.95
-44.72
-47.33
-43.38
-31.90
-13.77
8.32
30.71
49.81
63.15
69.90
70.74
67.22
61.11
53.85
46.35
39.10
32.37
26.38
21.27
17.00
13.23
9.49
5.42
1.06
-3.12
-6.36
-8.03
-8.02
-6.87
-5.82
-6.11
-8.40
-12.39
-16.93
-20.50
-21.75
-19.88
-14.65
-6.75
3.03
14.21
26.68
40.19
54.01
66.95
77.68
85.27
88.34
86.38
80.09
71.16
61.57
52.84
45.95
41.56
40.10
39.82
38.32
33.43
23.75
9.13
-9.63
-30.63
-51.13
-68.62
-84.18
-100.50
-120.07
-143.79
-170.47
-198.28
-225.84
-253.10
-267.55
-261.27
-234.33
-194.76
-152.16
-111.89
-76.67
-48.36
-27.33
-10.71
5.63
27.43
59.58
102.55
152.51
200.75
237.60
256.71
257.07
240.93
213.12
180.79
145.94
111.99
80.79
53.38
30.67
13.80
2.94
-2.41
-3.69
-4.80
-6.96
-12.02
-20.60
-31.64
-41.76
-46.41
-41.83
-27.62
-9.24
8.29
20.21
19.97
1.50
-36.66
-89.17
-144.97
-181.95
-199.99
-191.24
-157.62
-109.76
-65.49
-41.59
-46.50
-78.06
-126.05
-177.65
-217.09
-234.05
-211.21
-147.22
-61.50
18.97
77.93
113.85
131.84
139.68
141.17
137.05
125.38
106.46
85.42
69.42
63.14
65.71
73.73
81.76
85.10
80.34
67.92
52.53
40.29
35.20
37.11
43.49
50.33
54.14
52.27
44.68
34.27
25.01
19.63
18.31
19.44
20.48
19.40
14.94
7.62
-0.01
-5.31
-6.19
-1.92
7.03
19.26
32.63
44.19
50.71
49.70
40.20
23.58
3.32
-16.02
-30.43
-37.94
-39.11
-36.32
-32.31
-28.95
-26.60
-24.61
-22.26
-19.38
-16.52
-14.43
-13.49
-13.46
-13.66
-13.28
-11.88
-9.55
-6.84
-4.51
-3.12
-2.86
-3.40
-4.13
-4.39
-3.96
-2.87
-1.44
-0.07
0.92
1.47
1.80
2.22
2.96
4.01
5.13
6.01
6.46
6.52
6.43
6.53
7.05
7.94
8.93
9.74
10.26
10.63
11.15
12.08
13.58
15.63
17.77
19.36
19.97
19.72
19.23
19.30
20.62
23.50
27.89
32.82
36.90
39.11
39.45
38.97
39.14
41.16
45.55
52.16
59.28
64.52
65.88
62.96
57.03
50.06
43.93
39.99
38.78
38.58
35.84
26.19
6.15
-26.01
-70.11
-124.12
-184.44
-238.78
-273.10
-278.53
-257.41
-220.72
-180.01
-142.07
-108.66
-78.66
-50.49
-24.82
-4.22
8.50
12.44
9.35
2.89
-2.79
-4.14
0.71
10.38
21.13
28.40
29.09
22.87
12.10
0.84
-6.66
-6.95
1.31
17.64
40.19
66.13
91.51
111.38
121.08
118.34
104.89
85.98
67.85
54.64
46.63
40.68
32.41
19.59
3.11
-12.73
-21.92
-19.28
-3.10
23.81
54.52
79.81
91.73
86.53
66.84
40.55
17.26
4.29
2.73
8.59
15.63
21.15
25.39
30.50
38.13
47.64
55.66
58.49
54.31
44.49
33.03
24.43
22.05
26.67
36.59
47.80
56.59
61.01
61.47
60.31
60.35
63.67
70.75
80.37
89.31
94.71
95.07
90.63
83.09
74.15
64.38
51.90
39.19
24.41
5.38
-18.88
-47.37
-77.29
-105.47
-129.34
-147.90
-161.82
-173.95
-187.14
-203.52
-224.09
-248.85
-276.94
-305.63
-330.03
-343.76
-341.60
-320.22
-279.72
-223.86
-159.18
-93.69
-33.27
19.77
65.43
102.90
129.34
139.94
129.99
97.81
45.57
-16.38
-70.42
-98.46
-91.02
-51.44
6.35
64.58
109.78
134.48
141.70
140.62
138.03
132.03
114.71
80.03
29.76
-27.11
-84.57
-139.24
-190.34
-239.01
-286.40
-329.14
-358.09
-362.59
-309.58
-197.27
-60.47
56.46
131.65
168.09
179.91
180.48
177.73
174.21
165.18
148.26
127.32
109.26
98.41
94.99
96.59
99.90
102.15
98.34
86.94
71.49
57.76
49.34
46.53
47.44
49.60
50.89
48.01
40.01
29.29
19.63
13.37
10.65
10.12
10.04
8.90
4.84
-2.61
-12.10
-21.45
-29.11
-34.55
-37.95
-39.53
-39.70
-38.97
-37.51
-35.00
-31.11
-25.87
-19.85
-13.84
-8.50
-4.33
-1.55
-0.11
0.28
0.01
-0.62
-1.45
-2.56
-3.91
-5.67
-7.93
-10.63
-13.44
-15.98
-17.92
-19.25
-20.34
-21.31
-22.49
-24.04
-25.75
-27.08
-27.35
-26.08
-23.29
-19.57
-15.16
-10.45
-5.54
0.04
7.23
17.32
31.84
52.80
77.73
105.88
136.01
165.87
192.01
210.48
217.96
213.10
196.99
172.62
144.32
115.47
88.00
62.67
39.97
20.73
6.21
-2.64
-5.94
-4.58
-0.42
4.72
9.74
14.33
18.46
21.78
23.21
21.23
15.01
4.73
-8.00
-20.75
-31.48
-39.49
-45.72
-52.25
-61.22
-73.63
-89.12
-106.04
-121.79
-133.48
-138.10
-132.93
-116.53
-89.94
-57.14
-24.19
3.33
22.64
34.74
43.77
54.77
70.97
92.14
114.88
134.53
147.45
152.01
147.93
135.44
114.79
86.12
49.68
6.14
-43.31
-95.53
-143.25
-178.47
-196.51
-198.14
-188.16
-172.63
-156.50
-142.64
-130.99
-119.90
-107.95
-95.01
-82.29
-71.47
-63.92
-60.06
-59.65
-61.52
-63.74
-63.88
-58.81
-45.02
-20.25
14.34
55.22
96.09
130.43
154.16
166.76
170.71
169.45
165.13
157.71
145.84
128.35
105.86
80.79
56.27
35.06
18.64
7.63
1.94
1.18
4.53
10.76
18.17
24.77
28.18
26.59
19.54
8.06
-5.64
-19.14
-30.35
-38.19
-42.95
-46.15
-49.68
-54.82
-61.63
-68.84
-74.35
-75.96
-72.26
-63.19
-50.08
-35.08
-20.45
-7.95
1.47
7.38
9.55
7.71
1.61
-8.62
-22.16
-37.50
-52.86
-66.74
-78.24
-86.94
-92.56
-94.69
-92.79
-86.50
-75.94
-61.84
-45.35
-27.78
-10.36
5.83
19.80
30.75
38.18
42.15
43.32
42.92
42.42
43.29
46.66
52.96
61.81
71.87
81.08
87.16
88.41
84.37
76.03
65.41
54.58
44.86
36.49
28.94
21.65
14.61
8.41
3.77
0.95
-0.59
-1.97
-4.27
-7.93
-12.57
-17.18
-20.58
-22.05
-21.56
-19.68
-17.22
-14.80
-12.64
-10.52
-8.05
-5.03
-1.68
1.31
3.17
3.39
2.01
-0.39
-2.97
-4.93
-5.81
-5.53
-4.40
-2.88
-1.45
-0.38
0.31
0.80
1.40
2.25
3.30
4.17
4.45
3.90
2.64
0.98
-0.63
-1.66
-1.77
-0.76
1.12
3.36
5.42
6.86
7.42
7.11
6.42
5.83
5.90
6.44
7.00
7.11
6.56
5.25
3.19
1.05
-0.51
-0.58
0.81
3.12
5.60
7.53
8.29
7.39
5.53
3.10
0.54
-3.54
-11.10
-23.74
-41.94
-65.31
-93.09
-123.35
-155.31
-180.62
-191.78
-185.60
-165.04
-136.24
-105.23
-82.07
-66.30
-56.25
-48.78
-40.57
-27.67
-4.88
30.65
77.53
125.89
163.11
180.38
178.37
163.94
145.35
128.23
114.19
102.00
89.66
77.65
67.74
62.21
61.42
63.89
67.31
69.59
69.85
68.05
65.23
61.62
56.45
48.00
34.99
17.90
-1.06
-19.15
-34.59
-46.68
-56.04
-63.63
-69.99
-74.84
-78.03
-78.96
-77.77
-75.01
-70.68
-64.01
-54.03
-40.61
-25.14
-10.52
0.04
4.36
2.36
-3.81
-10.95
-16.50
-19.61
-20.97
-21.81
-22.39
-21.61
-17.54
-8.83
4.03
18.43
30.73
37.88
38.69
34.29
27.09
19.51
12.96
7.58
2.81
-1.77
-5.80
-8.57
-9.42
-8.25
-5.65
-2.55
0.17
2.00
2.92
3.24
3.34
3.50
3.87
4.36
4.83
5.09
4.97
4.39
3.46
2.39
1.48
1.00
1.09
1.68
2.60
3.66
4.75
5.86
7.01
8.16
9.21
9.98
10.34
10.24
9.70
8.83
7.74
6.47
5.04
3.41
1.58
-0.48
-2.71
-5.04
-7.38
-9.58
-11.53
-13.16
-14.39
-15.21
-15.59
-15.57
-15.21
-14.58
-13.79
-12.92
-12.02
-11.03
-9.82
-8.19
-6.00
-3.19
0.05
3.35
6.19
8.14
9.02
9.01
8.53
8.05
7.89
8.01
8.17
8.03
7.48
6.64
5.85
5.48
5.76
6.60
7.67
8.58
9.03
8.98
8.55
8.00
7.56
7.28
7.13
6.96
6.70
6.35
6.03
5.88
6.03
6.51
7.25
8.05
8.72
9.11
9.15
8.92
8.62
8.48
8.74
9.51
10.69
12.02
13.17
13.86
14.04
13.83
13.41
13.01
12.69
12.41
12.02
11.36
10.28
8.62
6.18
2.70
-1.97
-7.63
-13.71
-19.32
-23.61
-26.09
-26.81
-26.18
-24.70
-22.63
-19.90
-16.29
-11.75
-6.59
-1.39
3.22
6.84
9.51
11.50
13.12
14.61
16.11
17.64
19.25
20.98
22.77
24.46
25.71
25.98
24.69
21.35
15.90
8.88
1.50
-4.79
-8.78
-10.09
-9.38
-8.05
-7.60
-8.97
-12.16
-16.35
-20.41
-23.45
-25.08
-25.43
-24.85
-23.65
-21.98
-19.85
-17.26
-14.35
-11.36
-8.58
-6.25
-4.44
-3.05
-1.90
-0.75
0.54
1.99
3.49
4.84
5.81
6.26
6.18
5.63
4.75
3.59
2.14
0.28
-2.09
-4.95
-8.10
-11.16
-13.70
-15.43
-16.28
-16.44
-16.29
-16.17
-16.29
-16.63
-16.96
-16.99
-16.50
-15.44
-13.95
-12.31
-10.75
-9.49
-8.58
-7.93
-7.39
-6.78
-5.96
-4.88
-3.57
-2.25
-1.45
-1.88
-4.10
-8.23
-13.65
-19.04
-22.77
-23.46
-20.40
-13.90
-4.99
5.06
15.13
24.26
31.69
36.86
39.52
40.00
38.64
36.08
33.17
30.67
29.00
28.14
27.85
28.14
29.30
30.77
31.78
31.81
30.73
28.83
26.49
24.16
22.56
22.58
23.45
23.96
23.27
21.28
18.33
14.44
9.22
2.09
-7.35
-21.30
-41.61
-68.54
-100.58
-135.34
-171.23
-208.13
-247.06
-275.89
-284.36
-268.61
-234.26
-191.61
-148.80
-110.07
-76.91
-49.24
-25.99
-7.73
4.99
12.44
15.57
15.67
13.34
9.20
5.29
5.64
13.70
31.01
57.79
90.80
124.78
153.72
173.51
183.27
184.79
179.68
168.65
152.03
130.91
108.80
90.20
79.08
76.92
82.05
89.96
96.01
97.90
92.89
82.67
70.28
58.18
47.28
37.21
27.14
16.78
6.77
-1.71
-7.22
-9.70
-10.46
-11.52
-14.73
-20.86
-29.48
-39.21
-48.60
-56.27
-61.57
-64.29
-64.22
-61.14
-55.01
-46.45
-36.84
-27.99
-21.18
-16.81
-14.16
-11.77
-8.19
-2.70
4.34
11.73
17.80
21.22
21.27
18.05
12.36
5.44
-1.40
-7.09
-10.97
-12.84
-12.86
-11.50
-9.39
-7.13
-5.23
-3.99
-3.43
-3.36
-3.42
-3.33
-2.96
-2.36
-1.68
-1.05
-0.50
0.02
0.64
1.40
2.34
3.36
4.29
4.78
4.37
2.64
-0.67
-5.38
-10.82
-16.03
-20.10
-22.49
-23.17
-22.61
-21.39
-20.03
-18.76
-17.46
-15.82
-13.52
-10.42
-6.60
-2.42
1.63
5.03
7.47
8.91
9.61
9.99
10.45
11.14
11.92
12.36
11.98
10.49
7.85
4.38
0.61
-2.90
-5.76
-7.82
-9.17
-9.96
-10.24
-10.00
-9.19
-7.92
-6.54
-5.56
-5.53
-6.70
-8.89
-11.49
-13.79
-15.21
-15.54
-14.96
-13.83
-12.49
-11.07
-9.54
-7.77
-5.80
-3.75
-1.82
-0.20
1.06
2.05
2.86
3.55
4.10
4.44
4.59
4.70
5.00
5.71
6.93
8.59
10.46
12.30
13.90
15.19
16.18
16.92
17.39
17.54
17.30
16.75
16.07
15.52
15.32
15.53
15.94
16.23
16.07
15.25
13.85
12.13
10.40
8.86
7.58
6.40
5.09
3.42
1.25
-1.47
-4.73
-8.50
-12.67
-17.04
-21.20
-24.65
-26.87
-27.56
-26.72
-24.64
-21.69
-18.27
-14.64
-10.91
-7.17
-3.56
-0.32
2.33
4.27
5.54
6.31
6.77
7.04
7.14
7.07
6.84
6.55
6.39
6.53
7.06
7.91
8.92
9.84
10.47
10.63
10.22
9.23
7.77
6.06
4.35
2.89
1.75
0.85
0.04
-0.81
-1.63
-2.21
-2.28
-1.73
-0.71
0.36
1.05
1.10
0.60
-0.05
-0.31
0.25
1.74
3.92
6.35
8.55
10.20
11.22
11.79
12.19
12.57
12.97
13.26
13.24
12.67
11.49
9.90
8.39
7.60
8.01
9.70
12.39
15.47
18.23
20.11
21.01
21.27
21.54
22.35
24.01
26.55
29.68
32.81
35.22
36.64
37.29
38.09
39.70
42.61
47.09
52.90
59.04
63.86
66.21
65.50
62.07
55.85
47.33
38.04
30.03
24.37
20.05
14.40
3.08
-17.39
-49.45
-91.18
-135.25
-171.32
-190.81
-190.31
-170.84
-138.13
-99.59
-65.30
-44.30
-41.84
-58.85
-93.05
-140.05
-192.45
-243.88
-273.99
-269.21
-232.61
-180.96
-129.79
-86.08
-57.27
-38.34
-25.63
-15.64
-6.29
6.21
29.32
68.30
122.18
178.04
219.64
236.23
228.69
203.88
170.75
136.93
107.04
82.94
64.64
53.21
48.98
52.09
57.50
59.34
53.70
40.39
23.52
9.21
4.05
11.43
30.51
56.06
81.91
103.90
117.80
122.76
119.76
111.25
99.55
86.42
72.63
58.73
45.04
31.62
18.56
5.52
-7.66
-21.18
-35.13
-49.73
-64.87
-80.22
-95.12
-108.27
-118.29
-123.97
-124.70
-120.51
-112.14
-100.44
-86.33
-70.65
-54.13
-37.78
-22.87
-10.75
-2.33
2.15
3.13
1.39
-2.37
-7.65
-14.15
-21.46
-28.82
-35.08
-39.01
-39.74
-37.15
-31.92
-25.15
-18.01
-11.32
-5.43
-0.25
4.38
8.58
12.26
15.15
17.04
17.85
17.75
17.07
16.25
15.69
15.72
16.58
18.35
20.94
24.02
27.06
29.39
30.52
30.25
28.63
26.00
22.92
19.91
17.31
15.14
13.19
11.22
9.14
6.98
4.90
3.16
1.94
1.09
0.30
-0.78
-2.19
-3.54
-4.50
-4.74
-4.00
-2.22
0.22
2.63
4.41
5.37
6.09
6.77
7.69
9.24
11.79
14.88
17.43
18.38
17.43
15.90
14.48
14.01
15.59
20.11
26.90
34.02
39.14
40.85
40.17
37.25
32.89
28.78
26.36
24.85
21.30
11.75
-6.64
-33.36
-68.65
-111.71
-159.99
-200.36
-217.46
-202.69
-160.62
-114.63
-71.65
-36.01
-11.53
1.39
1.83
-8.52
-24.17
-36.86
-38.31
-22.48
7.53
42.36
71.23
86.49
85.90
72.33
51.47
29.73
13.84
6.90
10.52
25.68
52.29
87.46
124.53
153.46
164.37
152.68
119.91
73.89
25.96
-13.45
-39.51
-51.79
-55.25
-60.24
-75.74
-103.23
-135.62
-161.85
-172.25
-162.19
-132.73
-90.19
-43.70
-1.60
30.67
51.40
62.35
68.59
74.03
80.28
86.48
90.14
88.86
81.52
68.19
49.48
26.85
2.33
-21.34
-41.39
-55.15
-60.19
-54.96
-38.45
-14.14
10.95
27.91
28.68
8.33
-33.67
-93.30
-163.24
-234.76
-299.37
-349.13
-377.39
-379.49
-354.30
-305.63
-242.18
-175.45
-116.33
-71.76
-42.16
-22.39
-4.77
17.30
46.86
83.19
123.34
163.82
201.55
233.85
257.80
270.13
268.41
252.58
225.91
194.53
165.50
144.31
133.41
131.93
136.58
143.31
148.65
150.64
148.98
144.67
139.50
135.40
133.69
134.70
137.61
140.46
140.69
135.93
124.69
106.99
84.49
59.97
36.49
16.55
1.06
-11.16
-23.08
-38.07
-57.73
-80.09
-98.97
-105.78
-93.01
-58.30
-6.71
50.04
97.39
123.21
122.17
97.38
58.56
18.12
-13.07
-28.37
-26.23
-9.31
17.33
47.92
77.09
100.24
113.24
112.42
95.28
61.73
15.31
-36.65
-84.79
-120.91
-141.18
-147.75
-147.60
-149.39
-159.32
-178.20
-201.32
-220.70
-228.72
-221.30
-199.32
-167.88
-134.11
-104.52
-83.07
-70.55
-65.09
-63.34
-61.92
-58.37
-51.47
-41.17
-28.21
-13.87
0.12
11.85
19.60
22.35
20.24
14.80
8.55
4.15
3.50
7.04
13.77
21.70
28.68
33.23
34.97
34.53
33.04
31.53
30.30
28.83
26.01
20.90
13.37
4.52
-3.58
-8.67
-9.27
-5.32
1.70
9.34
15.12
17.47
16.09
11.80
5.94
-0.07
-5.13
-8.35
-8.95
-6.44
-0.83
6.87
14.64
19.77
19.67
12.81
-0.54
-18.08
-36.01
-49.98
-56.51
-54.12
-43.89
-28.96
-13.34
-0.36
8.48
13.74
17.37
21.33
26.72
33.41
40.30
45.94
48.99
48.44
43.72
34.79
22.29
7.63
-7.17
-19.93
-28.77
-32.56
-31.10
-25.13
-16.27
-6.67
1.45
6.52
8.11
7.12
5.33
4.54
5.83
9.10
13.36
17.23
19.51
19.50
17.09
12.67
7.02
1.23
-3.50
-6.21
-6.42
-4.29
-0.50
4.13
8.86
13.18
16.78
19.42
20.86
20.89
19.53
17.11
14.15
11.14
8.40
6.05
4.11
2.65
1.74
1.34
1.11
0.38
-1.61
-5.29
-10.46
-16.25
-21.49
-25.12
-26.54
-25.63
-22.63
-18.00
-12.52
-7.26
-3.46
-2.01
-2.96
-5.40
-7.89
-9.21
-8.97
-7.55
-5.61
-3.44
-0.84
2.46
6.09
8.93
9.67
7.70
3.78
-0.22
-2.25
-1.19
2.60
7.60
12.01
14.61
15.25
14.69
14.10
14.52
16.60
20.42
25.44
30.43
33.65
33.13
27.49
16.90
3.55
-8.76
-15.77
-14.80
-6.41
5.23
13.38
11.12
-6.23
-39.27
-83.91
-132.11
-173.54
-197.98
-197.76
-169.71
-115.76
-42.29
41.14
123.55
194.05
243.11
264.04
254.10
214.92
152.40
75.92
-3.94
-77.05
-135.10
-172.02
-183.75
-168.29
-127.23
-65.99
6.80
79.75
140.38
177.78
185.00
160.62
108.98
37.42
-44.40
-124.80
-191.63
-234.39
-246.69
-228.61
-187.11
-134.29
-85.67
-53.00
-38.24
-34.70
-32.45
-25.23
-14.05
-4.61
-1.39
-5.73
-12.23
-9.21
13.66
59.21
121.09
184.03
228.05
251.90
261.31
255.65
235.61
200.84
150.18
83.72
4.88
-78.24
-146.82
-185.96
-194.16
-181.19
-160.31
-139.94
-121.04
-98.96
-67.74
-24.99
22.28
61.00
79.81
73.67
46.77
10.26
-23.03
-43.97
-50.54
-49.29
-49.75
-56.99
-68.91
-77.55
-73.33
-49.94
-7.41
47.08
100.23
137.88
151.84
140.55
109.53
69.01
30.13
1.76
-11.96
-11.84
-1.54
15.04
34.37
53.67
70.20
80.85
82.64
73.36
53.23
25.54
-3.99
-29.25
-44.89
-47.27
-35.01
-9.23
25.90
63.80
96.90
118.37
123.55
112.19
88.35
56.75
25.43
2.05
-8.42
-4.36
13.05
39.75
71.87
106.13
138.93
163.44
171.58
157.68
122.24
73.13
21.18
-19.61
-36.66
-23.38
12.94
56.49
89.59
99.47
81.42
34.35
-34.85
-113.63
-187.39
-251.58
-306.37
-352.71
-389.35
-413.97
-431.07
-444.53
-455.88
-462.79
-469.98
-479.94
-489.74
-491.36
-440.04
-325.30
-177.87
-62.34
18.54
72.82
111.97
140.60
161.00
172.90
169.22
148.70
120.51
103.35
106.97
133.32
177.00
227.96
273.69
298.96
295.80
266.05
220.26
164.41
102.69
41.07
-11.17
-44.18
-53.33
-37.52
0.27
53.88
108.78
146.94
155.03
129.64
76.57
7.59
-61.47
-115.61
-143.68
-144.63
-127.16
-101.86
-75.33
-49.74
-23.67
6.71
37.12
62.57
92.22
126.96
156.61
175.61
182.30
179.32
172.24
166.73
166.58
171.38
174.91
171.34
159.45
141.27
120.25
98.22
73.55
43.22
5.27
-39.75
-85.38
-120.41
-134.97
-124.82
-93.38
-49.83
-4.68
33.70
59.90
73.07
75.85
71.34
61.85
48.58
32.65
16.03
1.43
-8.90
-13.22
-10.74
-2.55
8.56
18.25
22.46
18.80
7.13
-10.56
-30.29
-46.95
-56.05
-55.15
-45.53
-29.64
-9.47
14.04
40.51
69.48
99.78
129.13
154.42
170.34
174.30
167.36
152.40
131.31
104.39
71.13
31.52
-12.90
-62.94
-116.32
-168.21
-214.62
-255.63
-294.35
-333.70
-373.55
-409.94
-442.11
-467.18
-481.14
-481.59
-469.64
-446.96
-413.29
-366.51
-276.35
-143.97
-1.83
111.17
176.80
198.61
191.88
173.55
156.60
149.73
147.79
144.54
135.98
120.25
95.47
61.75
21.00
-23.36
-64.36
-97.59
-117.23
-117.21
-93.62
-48.43
12.41
78.82
132.34
159.52
157.37
134.50
102.41
74.92
53.68
39.27
32.38
34.17
47.36
68.59
94.60
121.12
143.64
157.95
162.45
157.77
146.80
134.58
124.90
119.16
115.49
110.28
100.11
84.34
64.82
45.07
29.31
20.03
17.34
18.93
21.76
24.51
27.77
33.15
42.33
56.24
74.16
93.87
112.41
126.49
136.57
143.74
149.57
155.61
163.01
172.22
182.91
193.86
200.96
204.59
203.28
195.96
182.91
165.49
145.22
122.95
98.84
69.64
40.69
14.20
-9.49
-30.80
-50.29
-68.12
-83.59
-95.23
-106.50
-112.85
-117.65
-129.44
-154.67
-193.55
-240.09
-286.01
-294.48
-299.73
-298.15
-294.53
-298.67
-315.58
-342.60
-372.10
-397.09
-413.83
-426.33
-430.48
-427.74
-425.67
-428.40
-434.56
-440.09
-442.88
-443.13
-444.22
-439.19
-383.98
-264.10
-103.92
52.52
174.36
253.18
295.22
309.88
311.26
307.16
294.61
271.12
239.46
206.64
179.00
159.47
146.74
141.20
140.23
136.68
127.18
113.76
101.69
94.90
94.19
97.69
104.30
112.20
117.21
117.80
116.16
116.44
121.90
134.46
149.60
164.36
175.69
179.82
175.16
162.88
145.65
126.03
106.00
87.09
71.19
59.11
50.51
44.88
41.34
37.72
31.21
20.11
5.30
-9.64
-20.56
-23.44
-15.82
1.64
24.00
43.22
51.17
42.04
13.43
-34.17
-96.55
-167.97
-233.35
-275.67
-287.99
-276.32
-252.46
-226.26
-202.70
-182.89
-160.10
-128.83
-87.89
-40.28
9.37
57.40
102.97
142.02
173.24
198.01
218.28
234.46
244.58
246.11
237.96
221.26
199.03
175.81
155.67
139.98
127.15
113.55
97.09
78.79
61.99
50.12
45.40
47.30
52.14
54.52
48.89
33.05
9.15
-17.76
-42.34
-60.51
-70.55
-73.82
-74.10
-76.93
-85.33
-98.54
-113.27
-126.38
-136.08
-142.27
-146.45
-151.17
-160.44
-175.65
-194.36
-211.44
-220.94
-216.86
-194.17
-150.28
-78.41
11.91
98.02
158.68
185.96
183.61
160.22
124.55
83.61
42.35
3.43
-28.97
-48.89
-51.84
-38.46
-15.03
8.78
23.81
25.30
13.75
-4.28
-20.03
-27.61
-26.85
-21.36
-15.06
-8.57
-0.83
8.38
18.28
27.25
33.64
36.56
36.67
35.30
33.19
29.73
23.41
13.86
2.68
-7.03
-12.19
-11.06
-3.80
7.78
20.75
31.93
39.09
41.57
40.48
37.88
36.96
40.60
50.05
64.39
81.05
96.82
109.07
116.35
118.53
116.69
112.73
108.99
107.81
110.94
118.98
131.12
145.35
159.10
169.90
175.72
175.27
168.37
156.45
142.58
130.68
124.15
123.96
127.69
129.91
124.21
105.75
73.35
29.86
-19.31
-68.48
-113.95
-154.55
-191.19
-225.32
-257.80
-288.39
-316.27
-341.20
-363.94
-385.52
-405.29
-419.51
-422.13
-407.91
-376.76
-336.02
-299.15
-280.28
-287.67
-318.98
-361.78
-398.85
-415.41
-404.75
-369.25
-317.29
-258.20
-198.69
-141.68
-87.77
-37.08
9.81
52.07
89.77
124.40
158.50
193.73
229.12
260.31
280.85
285.13
271.06
241.41
202.99
164.31
132.67
112.30
103.91
105.48
113.51
124.08
133.70
139.77
141.15
138.31
133.18
128.35
125.79
125.86
126.94
126.31
121.46
111.66
98.45
85.07
74.85
69.66
69.06
70.91
72.73
73.01
71.68
69.70
68.02
66.90
65.90
64.34
61.83
58.47
54.54
50.21
45.34
39.87
34.12
28.92
25.22
23.36
22.72
21.77
18.85
12.94
4.44
-5.03
-13.31
-18.35
-18.84
-14.44
-5.85
5.49
17.54
28.17
35.68
39.03
38.14
33.74
26.96
18.90
10.62
3.37
-1.35
-2.08
1.40
7.83
14.73
19.56
20.92
19.46
17.51
17.79
22.16
29.95
39.26
48.20
55.87
62.19
67.19
70.57
71.94
71.44
68.28
62.63
55.54
48.45
42.44
37.92
34.97
33.77
34.57
33.92
27.57
11.75
-15.43
-53.84
-102.05
-157.74
-217.23
-274.90
-327.00
-368.53
-394.25
-401.38
-392.77
-377.78
-369.10
-377.14
-381.25
-362.62
-311.64
-234.94
-149.08
-69.44
-4.36
45.27
84.13
118.73
149.70
173.98
187.64
188.87
178.66
161.42
142.34
126.10
115.68
108.63
99.90
84.96
61.74
31.04
-4.15
-39.72
-71.35
-96.15
-109.23
-109.86
-98.94
-78.49
-51.29
-20.93
8.50
33.48
51.92
62.55
64.75
59.08
46.94
30.46
12.58
-3.07
-13.05
-15.44
-11.13
-4.50
-1.34
-6.70
-22.21
-44.78
-67.24
-81.25
-80.64
-64.22
-37.05
-7.95
13.83
22.94
20.60
14.12
12.52
22.65
46.60
81.48
121.71
160.86
194.21
219.56
237.30
247.66
252.02
253.64
257.44
268.02
285.56
305.55
320.77
325.73
315.46
289.40
251.73
209.62
168.97
129.72
89.08
46.71
10.05
-13.95
-19.22
-4.94
23.03
52.10
64.83
48.84
3.67
-56.60
-120.32
-178.96
-229.46
-271.76
-289.38
-270.56
-218.47
-168.83
-127.15
-97.18
-74.51
-60.02
-53.17
-52.92
-60.66
-77.20
-100.26
-122.11
-144.95
-172.15
-205.19
-241.17
-276.63
-311.12
-345.12
-377.49
-372.07
-314.03
-216.49
-109.27
-14.03
62.45
121.48
166.81
202.97
235.53
261.25
276.57
280.55
277.45
271.37
264.41
256.88
249.42
243.54
235.28
220.84
199.20
171.72
138.68
104.41
70.90
40.13
14.22
-8.54
-30.76
-54.10
-79.89
-110.25
-146.70
-187.93
-228.35
-259.80
-276.44
-276.98
-264.48
-246.69
-234.23
-237.26
-260.86
-303.54
-358.09
-413.81
-458.77
-479.47
-466.14
-417.39
-342.56
-256.74
-177.15
-117.83
-84.99
-75.95
-77.95
-76.85
-63.88
-39.53
-6.24
32.13
71.81
112.49
144.25
161.11
163.94
160.84
150.23
133.76
116.21
101.34
93.20
95.34
113.40
147.91
192.60
234.81
269.23
294.90
313.25
324.99
311.49
266.33
198.79
144.77
104.30
74.86
49.82
30.62
19.37
22.05
46.45
94.38
159.82
230.04
298.45
361.34
416.43
434.24
399.02
321.15
226.85
137.46
59.38
-4.98
-55.17
-89.05
-111.76
-123.20
-123.39
-117.42
-114.75
-125.51
-151.38
-185.29
-215.28
-232.56
-231.00
-211.45
-181.14
-149.59
-123.84
-105.08
-91.25
-79.83
-70.92
-63.25
-55.74
-47.74
-39.15
-29.78
-19.98
-11.08
-4.65
-2.80
-4.64
-6.83
-4.82
4.57
22.10
44.41
66.54
84.28
94.38
95.32
85.93
65.23
32.62
-10.19
-60.27
-112.43
-153.63
-171.29
-162.16
-134.08
-99.81
-74.34
-59.54
-54.94
-58.61
-67.31
-77.70
-84.51
-83.54
-71.02
-44.58
-3.64
48.18
102.08
143.79
163.19
160.80
143.69
119.63
94.20
70.98
50.85
33.89
20.62
11.81
7.68
6.87
7.22
6.82
5.12
1.46
-4.00
-10.20
-15.49
-18.76
-20.51
-22.15
-24.91
-29.12
-34.74
-40.87
-45.60
-46.97
-43.63
-36.20
-26.70
-17.45
-10.19
-5.90
-4.53
-4.51
-3.32
0.92
7.75
15.08
20.18
21.34
18.61
13.53
9.10
8.09
11.24
15.67
16.67
10.17
-5.77
-30.81
-63.59
-100.41
-136.66
-164.55
-176.36
-166.14
-131.43
-75.05
-5.17
60.85
102.13
107.03
80.70
38.23
-6.34
-45.50
-77.54
-100.63
-118.25
-130.28
-134.47
-128.72
-113.38
-90.52
-62.08
-32.53
-4.08
21.67
45.22
67.98
91.12
114.37
136.34
155.82
172.78
188.81
205.31
223.70
243.87
263.64
278.68
283.94
276.22
255.60
225.20
188.49
148.54
106.97
64.30
20.94
-22.19
-62.27
-94.48
-113.77
-117.60
-107.06
-86.50
-61.52
-37.08
-16.95
-1.89
10.81
25.86
47.18
76.08
110.93
147.89
181.24
202.87
204.95
182.69
135.52
66.41
-19.23
-114.20
-211.39
-292.71
-341.65
-354.09
-337.21
-301.25
-254.79
-204.54
-158.80
-119.71
-89.28
-70.02
-62.20
-61.72
-60.83
-51.62
-31.11
-0.62
34.18
65.43
85.74
92.27
88.86
84.35
87.50
102.10
125.30
150.00
168.04
171.62
155.44
118.43
64.32
-0.22
-68.34
-134.15
-191.67
-233.23
-250.98
-238.66
-193.36
-116.80
-16.87
93.26
193.09
257.18
272.92
249.17
206.73
163.25
127.47
100.88
81.17
65.08
50.24
37.57
25.32
11.18
-6.38
-25.85
-43.03
-53.44
-54.71
-47.13
-32.57
-14.53
3.76
17.90
24.68
22.30
9.88
-12.67
-43.40
-77.74
-110.57
-138.17
-159.76
-176.46
-189.88
-200.44
-206.22
-202.90
-185.42
-151.02
-100.87
-40.13
23.93
84.00
134.30
171.27
193.60
202.11
198.93
187.13
170.25
152.20
136.62
126.00
121.18
120.97
122.36
121.14
113.23
95.82
68.39
32.89
-7.06
-47.65
-86.13
-121.31
-153.12
-181.73
-206.70
-226.95
-241.16
-248.62
-249.84
-246.94
-243.40
-243.42
-250.58
-266.03
-287.10
-306.96
-316.41
-307.38
-276.32
-225.98
-163.89
-98.82
-36.91
19.77
71.96
120.16
162.35
194.02
210.56
210.48
197.22
178.06
160.88
150.68
147.77
148.57
148.37
144.34
136.73
127.98
120.49
114.80
109.32
101.82
91.44
79.75
70.15
66.02
68.59
75.92
83.61
86.71
81.67
67.51
45.82
19.65
-7.66
-33.50
-56.23
-74.94
-88.88
-97.34
-99.85
-96.74
-89.54
-80.96
-73.99
-70.88
-72.14
-76.56
-81.90
-86.01
-87.76
-87.22
-85.23
-82.64
-79.72
-76.09
-71.19
-64.55
-56.14
-46.37
-35.86
-25.06
-14.16
-3.02
8.67
21.01
33.71
46.15
57.57
67.31
75.05
80.71
84.55
86.94
88.24
88.70
88.23
86.28
81.95
74.28
62.71
47.69
30.85
14.67
1.83
-5.59
-6.74
-2.21
6.01
15.10
22.32
25.71
24.45
19.07
11.09
2.51
-4.73
-9.24
-10.33
-7.94
-2.42
5.38
14.37
23.09
29.97
33.73
33.66
30.02
24.02
17.52
12.41
9.94
10.25
12.56
15.79
18.75
20.57
21.21
21.55
23.01
26.85
33.45
42.20
51.96
60.64
65.83
66.24
62.54
57.04
52.55
51.31
54.60
63.04
75.26
88.24
98.71
104.50
104.87
100.44
93.33
86.97
85.81
91.61
102.00
111.18
112.27
99.22
68.63
20.87
-44.39
-116.09
-176.80
-213.80
-226.33
-221.95
-209.43
-194.39
-179.00
-163.11
-145.37
-126.49
-109.42
-97.31
-91.18
-89.61
-89.54
-87.52
-80.77
-67.72
-49.61
-30.18
-14.09
-3.65
0.46
-1.36
-8.45
-20.12
-34.71
-49.83
-61.34
-64.54
-55.98
-35.69
-7.80
20.85
43.77
57.65
62.82
62.19
58.88
55.01
51.10
46.95
42.64
39.05
37.45
38.37
41.14
44.06
45.61
44.91
42.40
39.41
37.38
37.08
38.26
39.78
40.10
38.14
33.72
27.67
21.45
16.78
14.97
16.40
20.37
24.59
26.40
23.68
15.98
4.84
-6.68
-15.39
-19.37
-18.78
-15.52
-11.93
-9.54
-8.42
-7.62
-6.03
-3.25
0.02
2.30
1.92
-2.26
-10.49
-21.76
-34.35
-46.10
-55.10
-60.38
-62.15
-61.48
-59.61
-57.14
-53.84
-49.11
-42.78
-35.66
-29.60
-26.51
-27.27
-31.36
-36.73
-40.78
-41.12
-36.87
-28.67
-18.35
-8.29
-0.57
2.83
1.14
-4.75
-11.76
-15.65
-11.87
2.11
24.90
51.03
71.74
78.67
67.39
39.51
1.82
-36.37
-66.90
-84.68
-87.50
-75.66
-50.14
-12.85
32.51
79.79
121.01
148.56
156.20
145.28
121.33
92.12
64.70
43.37
29.77
23.80
24.02
28.96
37.23
45.98
51.68
51.42
44.15
31.81
18.48
8.39
3.61
3.41
4.18
1.73
-6.49
-20.39
-37.26
-53.56
-65.42
-71.90
-73.39
-71.05
-65.82
-58.18
-48.47
-36.96
-24.29
-11.24
1.07
11.91
20.94
28.26
34.16
38.47
41.22
41.88
39.74
33.62
23.42
10.35
-3.20
-14.53
-21.84
-24.01
-21.04
-13.78
-4.98
3.09
9.47
14.52
19.40
24.32
29.49
35.05
41.17
45.80
47.61
46.90
45.33
44.38
43.56
41.68
37.60
30.56
17.52
-3.44
-32.28
-68.24
-104.95
-139.59
-171.05
-198.68
-205.54
-183.96
-139.31
-84.83
-31.37
16.14
56.21
88.98
115.85
138.75
157.37
171.08
180.54
189.47
199.66
209.51
215.39
214.51
206.03
189.01
162.20
127.54
88.97
47.69
6.12
-37.45
-85.72
-140.90
-204.42
-276.97
-350.69
-410.23
-440.45
-434.44
-397.04
-342.00
-286.81
-247.07
-235.21
-250.62
-281.05
-311.35
-330.47
-333.03
-316.66
-280.80
-199.31
-79.00
45.56
141.46
198.53
223.60
228.11
221.87
211.11
199.15
183.37
164.50
147.59
137.26
133.83
134.06
134.14
131.52
125.73
114.45
99.10
84.46
74.73
70.64
70.07
70.20
68.96
65.56
58.17
47.60
37.06
29.57
25.98
25.24
25.52
25.09
22.86
17.38
8.90
-0.64
-9.10
-15.34
-19.31
-21.71
-23.51
-25.40
-28.08
-31.04
-32.58
-30.93
-25.08
-15.16
-2.50
10.91
23.10
32.95
39.77
44.82
49.46
54.37
59.45
64.13
68.14
71.53
74.07
74.51
70.24
58.23
36.93
8.00
-23.58
-51.42
-70.74
-80.51
-83.20
-82.42
-79.69
-73.50
-60.53
-38.62
-9.62
20.52
43.73
54.52
52.21
40.66
25.81
12.78
3.64
-2.53
-7.80
-13.43
-18.65
-21.43
-19.92
-13.48
-3.33
8.41
19.21
27.47
32.82
35.55
36.95
37.70
37.65
35.93
31.64
24.30
14.48
3.71
-6.00
-12.51
-14.15
-10.43
-1.95
9.50
21.25
30.43
34.79
33.41
27.07
17.63
7.22
-2.59
-11.13
-18.49
-24.88
-30.24
-34.23
-36.28
-36.20
-34.18
-30.70
-26.16
-20.89
-15.10
-9.11
-3.37
1.68
5.58
8.03
8.82
7.94
5.57
2.18
-1.41
-4.21
-5.39
-4.68
-2.42
0.55
3.38
5.50
6.82
7.54
7.90
7.94
7.55
6.60
5.04
3.10
1.11
-0.63
-1.89
-2.60
-2.85
-2.88
-3.04
-3.84
-5.54
-8.06
-10.87
-13.11
-13.97
-13.00
-10.49
-6.84
-3.51
-2.31
-4.94
-12.38
-24.40
-39.36
-54.42
-66.32
-72.17
-70.33
-60.51
-43.76
-22.13
1.84
25.52
46.60
63.35
74.75
80.50
80.99
76.94
69.09
58.14
44.87
30.33
15.79
2.45
-8.92
-18.12
-25.60
-32.13
-38.32
-44.30
-49.69
-53.80
-56.03
-56.04
-53.80
-49.83
-45.12
-40.64
-36.66
-32.61
-27.20
-19.03
-6.95
9.63
30.27
53.40
76.88
98.75
117.35
131.23
139.25
140.78
136.11
125.87
110.47
89.95
64.26
32.81
-5.61
-52.16
-107.02
-164.52
-213.37
-242.17
-246.61
-230.98
-203.93
-173.39
-144.06
-117.31
-92.31
-68.55
-47.74
-34.31
-30.01
-34.51
-44.06
-51.81
-50.61
-35.85
-7.35
30.50
71.15
109.19
141.86
165.14
176.75
175.03
159.65
133.27
102.03
74.64
60.03
63.39
83.58
113.82
143.95
164.72
171.39
164.17
146.74
124.11
100.22
77.01
54.67
31.65
4.32
-27.51
-60.09
-87.13
-103.34
-107.88
-103.95
-96.26
-89.02
-83.58
-77.93
-68.79
-54.30
-35.18
-15.32
-0.78
4.96
0.84
-10.73
-24.01
-31.94
-28.59
-10.63
20.80
60.64
101.95
137.95
164.22
179.36
183.98
175.05
151.27
112.61
61.44
2.99
-55.82
-108.27
-150.41
-182.52
-208.28
-231.47
-254.03
-274.69
-289.66
-295.12
-289.32
-272.96
-248.23
-217.60
-182.82
-146.42
-112.77
-88.13
-78.87
-88.37
-114.17
-147.42
-175.65
-187.43
-177.43
-147.71
-105.65
-59.93
-17.08
20.92
57.06
96.92
144.70
199.61
256.00
305.47
340.83
358.21
358.93
349.26
336.89
326.74
317.43
303.31
278.26
239.73
188.55
128.84
66.80
8.24
-42.97
-85.68
-118.25
-137.73
-140.08
-122.71
-90.74
-57.33
-34.20
-19.12
-6.42
8.03
19.49
28.97
31.10
17.24
-14.58
-57.86
-99.25
-124.42
-122.33
-89.21
-29.40
44.66
118.48
181.21
227.65
257.13
270.14
267.42
249.90
220.12
181.57
140.19
103.85
79.72
71.38
76.58
88.33
97.96
98.89
87.96
66.54
39.28
11.86
-10.92
-26.64
-35.27
-38.50
-38.99
-40.46
-46.72
-60.84
-82.94
-108.97
-131.91
-144.41
-141.71
-123.34
-93.22
-57.55
-23.90
3.40
23.97
39.07
48.95
52.26
47.54
35.11
17.89
-3.31
-25.98
-46.13
-60.71
-69.93
-76.52
-83.99
-95.53
-113.63
-145.54
-193.18
-250.10
-304.76
-347.18
-372.73
-382.72
-383.51
-384.19
-401.09
-442.27
-502.42
-566.64
-619.18
-648.43
-648.72
-620.39
-522.02
-352.37
-152.68
24.40
152.37
232.85
279.09
302.92
311.32
308.11
288.89
254.52
213.89
178.56
155.09
143.70
141.05
141.82
142.46
135.87
120.52
101.53
86.59
79.95
81.75
88.92
97.63
105.22
107.12
102.78
96.69
96.08
101.53
113.28
130.35
151.52
175.75
199.84
220.65
235.64
242.70
239.91
227.39
207.18
182.93
158.52
135.59
113.89
92.07
68.87
43.87
18.35
-5.93
-27.72
-46.93
-64.42
-81.15
-97.36
-112.54
-126.15
-138.19
-149.88
-162.83
-177.61
-192.64
-204.45
-208.97
-203.21
-186.38
-159.72
-125.80
-87.58
-47.98
-9.87
23.78
50.42
68.90
80.16
87.16
93.52
101.75
112.00
122.14
129.10
130.62
126.33
117.68
106.84
95.62
85.00
75.66
68.77
66.13
69.51
79.45
94.41
111.01
125.46
135.41
140.80
143.35
145.06
146.92
148.54
148.79
146.69
142.01
134.92
125.39
113.08
97.93
81.24
66.16
56.80
56.36
65.14
79.85
94.61
103.58
103.30
93.74
77.26
56.49
32.33
3.49
-32.23
-75.91
-125.85
-177.75
-226.50
-268.32
-301.59
-325.79
-339.64
-340.03
-323.51
-288.98
-239.86
-183.96
-130.89
-88.25
-58.52
-38.59
-22.12
-4.00
16.88
37.88
55.50
67.96
76.09
82.82
91.48
103.79
117.68
127.49
126.25
109.00
74.55
25.52
-33.18
-96.05
-153.89
-195.55
-213.63
-209.72
-191.71
-167.66
-142.45
-118.37
-96.29
-76.50
-59.71
-46.74
-38.23
-33.56
-31.01
-28.56
-24.79
-19.34
-12.81
-6.69
-1.64
2.66
9.65
23.53
46.83
78.61
114.29
147.32
168.79
175.03
166.74
148.17
124.68
100.47
77.96
58.24
41.95
29.67
23.11
22.22
26.54
34.40
42.52
46.11
40.61
23.67
-3.89
-35.46
-63.08
-80.83
-87.60
-86.78
-83.07
-78.59
-71.08
-55.56
-28.37
8.16
45.40
71.71
78.30
63.76
34.65
2.02
-23.77
-37.38
-39.63
-34.94
-27.91
-21.04
-14.56
-8.17
-2.47
1.01
0.91
-3.13
-9.80
-16.74
-22.01
-24.80
-25.31
-24.22
-22.03
-18.97
-15.28
-10.85
-5.92
-1.16
2.19
2.57
-1.31
-9.42
-19.57
-27.55
-28.70
-20.44
-4.33
14.19
28.12
32.04
24.57
8.87
-8.80
-21.71
-25.32
-19.85
-9.43
-0.39
1.20
-7.85
-25.76
-45.92
-59.07
-58.02
-43.17
-22.35
-6.63
-4.74
-17.73
-38.05
-53.84
-54.87
-37.53
-7.98
22.86
45.25
53.37
45.70
23.90
-8.84
-47.29
-83.62
-110.54
-121.31
-111.31
-81.34
-37.14
13.66
59.28
86.31
99.64
106.27
107.33
107.28
110.16
117.85
129.15
139.70
144.05
137.75
116.71
80.89
36.04
-8.71
-43.12
-58.78
-51.65
-22.94
21.76
72.46
119.31
156.02
179.52
188.98
184.38
165.31
131.98
87.24
36.20
-13.93
-56.07
-86.37
-105.32
-115.64
-120.79
-123.30
-124.48
-126.21
-131.63
-145.00
-169.54
-205.03
-245.36
-281.47
-305.08
-311.16
-299.00
-271.27
-232.74
-187.84
-140.36
-91.40
-42.19
4.84
47.03
82.58
110.84
130.49
140.72
141.51
137.71
135.62
140.07
152.92
172.04
192.01
205.67
209.41
189.07
144.73
91.13
45.50
14.34
-7.06
-21.14
-33.17
-42.79
-47.35
-42.81
-28.32
-10.49
5.35
17.42
28.04
40.28
56.67
76.24
96.39
112.15
117.66
109.71
89.18
60.96
30.93
4.72
-14.51
-25.19
-28.37
-27.25
-25.05
-24.08
-25.34
-29.52
-36.51
-45.68
-54.90
-61.37
-62.45
-56.17
-42.12
-21.84
0.89
21.28
34.67
37.94
29.99
11.93
-13.03
-40.65
-66.98
-89.57
-107.67
-121.81
-132.70
-140.16
-143.01
-139.98
-130.95
-117.58
-102.61
-88.72
-77.16
-67.43
-57.95
-47.52
-36.44
-26.73
-21.15
-21.56
-27.89
-38.00
-48.32
-55.01
-54.96
-46.52
-29.51
-5.02
24.98
58.03
91.68
123.68
152.13
175.26
191.54
199.95
200.20
193.05
180.28
164.34
147.82
132.65
119.67
108.62
98.64
88.89
79.07
69.42
60.46
52.54
45.54
38.97
32.31
25.39
18.45
12.06
6.65
2.20
-1.78
-6.00
-10.94
-16.57
-22.30
-27.33
-31.00
-33.10
-33.87
-33.88
-33.68
-33.54
-33.40
-32.96
-31.85
-29.78
-26.57
-22.10
-16.31
-9.29
-1.48
6.19
12.36
15.53
14.60
9.35
0.65
-9.68
-19.48
-26.83
-30.52
-30.11
-25.80
-18.18
-7.92
4.23
17.46
30.91
43.78
55.40
65.33
73.45
79.90
84.98
89.05
92.46
95.45
98.12
100.28
101.57
101.56
99.87
96.51
91.77
86.13
79.96
73.41
66.49
59.20
51.70
44.00
35.60
25.25
11.21
-7.42
-29.33
-50.34
-64.51
-66.73
-55.48
-34.08
-9.55
10.57
21.46
22.57
16.56
6.74
-5.13
-19.23
-36.08
-54.66
-71.73
-83.23
-87.04
-84.83
-81.65
-83.22
-92.71
-108.84
-126.37
-139.10
-142.95
-138.06
-128.31
-118.97
-113.98
-114.22
-117.55
-120.41
-119.92
-115.27
-107.83
-99.98
-93.84
-90.23
-88.55
-87.17
-84.04
-77.44
-66.27
-50.19
-29.65
-5.73
19.96
45.47
68.65
87.21
99.03
102.59
97.59
85.32
68.67
51.34
36.56
25.90
18.91
13.74
8.49
2.38
-3.92
-8.90
-11.29
-10.89
-8.58
-5.77
-3.48
-1.93
-0.66
0.95
3.09
5.23
6.18
4.62
-0.12
-7.70
-16.83
-25.88
-33.42
-38.86
-42.47
-45.20
-48.19
-52.31
-57.98
-65.15
-73.33
-81.24
-86.73
-87.11
-80.60
-67.39
-50.28
-34.14
-24.56
-25.80
-38.77
-60.61
-85.83
-109.51
-128.78
-142.93
-152.56
-158.15
-159.66
-155.72
-144.23
-123.02
-92.81
-56.18
-15.97
25.35
65.74
102.54
133.64
158.50
179.83
200.53
224.34
254.43
290.57
327.14
352.57
354.30
323.97
262.48
176.30
76.95
-22.24
-106.81
-158.31
-168.75
-147.05
-119.85
-95.57
-76.79
-65.42
-60.99
-65.45
-79.08
-99.24
-113.64
-109.01
-77.78
-26.33
31.26
81.80
117.25
135.73
138.64
129.31
111.16
88.74
65.25
44.43
30.17
24.42
26.32
31.99
37.12
38.73
36.77
31.92
25.95
20.89
17.99
17.64
19.26
21.97
24.67
26.11
25.14
21.90
18.00
15.53
15.97
19.49
25.03
30.60
33.19
30.47
22.62
11.49
-0.44
-11.10
-19.19
-24.24
-26.79
-30.07
-38.08
-54.13
-79.51
-112.75
-150.06
-186.26
-216.56
-228.96
-217.54
-186.43
-148.51
-116.42
-95.22
-82.46
-71.82
-56.86
-33.45
-4.28
28.96
63.51
95.85
122.35
139.80
146.65
143.73
134.02
120.26
102.72
83.48
64.72
48.03
34.32
24.21
18.31
16.92
18.84
22.16
24.92
25.53
23.36
18.84
13.21
8.10
5.01
4.41
6.08
9.33
13.10
16.37
18.39
18.79
17.51
14.60
10.02
3.96
-3.05
-10.22
-16.62
-21.38
-24.01
-24.46
-23.11
-20.55
-17.31
-13.80
-10.25
-6.69
-2.94
1.14
5.43
9.50
12.70
14.62
15.48
16.20
18.08
22.07
28.05
34.58
39.32
40.09
35.84
27.26
16.49
6.32
-0.88
-3.82
-2.51
1.90
7.58
12.25
13.56
9.51
-0.61
-15.51
-31.77
-44.90
-51.10
-48.95
-39.87
-27.20
-14.33
-3.12
6.46
15.45
24.27
32.00
36.72
36.78
32.22
25.01
18.12
13.80
12.63
13.61
15.46
17.81
21.49
27.37
34.43
38.76
34.91
19.33
-6.48
-35.46
-57.92
-66.56
-60.34
-44.87
-28.92
-19.70
-19.89
-27.97
-40.78
-55.87
-71.68
-85.82
-93.59
-88.74
-66.40
-26.58
24.52
76.66
119.41
146.18
155.73
150.98
136.71
117.68
97.92
80.92
69.53
64.93
66.02
69.38
70.11
63.33
45.83
17.22
-19.78
-59.86
-96.58
-122.59
-130.79
-116.62
-80.65
-29.59
25.47
72.96
105.08
118.03
113.99
99.34
81.05
63.21
46.64
31.43
19.27
14.28
17.31
28.80
49.28
78.25
111.96
143.43
165.23
172.38
163.78
135.40
87.05
24.69
-41.53
-102.91
-155.20
-197.70
-231.61
-259.27
-292.32
-340.52
-405.64
-481.30
-559.29
-633.91
-702.19
-762.75
-761.62
-669.57
-503.26
-313.99
-145.36
-14.29
80.80
148.18
196.66
233.38
254.91
258.32
246.78
229.22
213.87
204.61
201.77
204.28
210.98
214.44
209.46
196.65
181.99
171.33
167.10
168.82
174.67
182.61
186.38
181.71
168.18
149.43
129.57
111.05
94.85
81.27
70.48
59.63
46.80
32.03
17.85
6.92
0.74
-0.24
3.81
12.33
21.57
28.56
31.98
32.97
33.05
32.90
32.66
31.65
28.19
16.05
-5.27
-35.26
-70.27
-105.56
-136.79
-160.63
-175.16
-180.31
-181.86
-185.16
-193.06
-205.36
-221.94
-243.96
-272.63
-307.33
-318.50
-287.77
-218.16
-129.50
-41.13
34.26
89.97
124.78
142.48
149.91
149.78
143.57
132.81
119.93
107.18
96.41
89.41
87.34
90.10
93.10
92.16
85.71
75.51
64.32
54.61
48.11
45.61
46.80
48.45
47.61
43.28
36.48
28.95
22.26
17.48
15.09
14.90
15.22
14.40
11.81
7.85
3.31
-1.11
-4.99
-8.16
-10.79
-13.57
-17.10
-21.49
-26.31
-30.87
-34.45
-36.46
-36.45
-34.36
-30.35
-24.82
-18.29
-11.36
-4.57
1.61
6.84
10.95
13.88
15.65
16.36
16.16
15.23
13.79
12.18
10.64
9.53
8.93
8.74
8.67
8.36
7.59
6.30
4.70
3.07
2.07
1.97
2.71
3.86
4.90
5.42
5.37
5.04
4.86
5.80
8.30
12.17
16.76
21.22
24.89
27.53
29.35
30.85
33.57
38.84
47.67
60.37
76.22
93.38
109.45
122.56
126.93
121.18
106.86
87.55
67.32
49.20
34.33
22.18
11.42
0.94
-8.83
-17.16
-23.36
-27.31
-29.39
-30.32
-30.77
-31.24
-32.07
-33.02
-34.19
-35.94
-38.63
-42.35
-46.67
-50.72
-53.44
-54.02
-51.88
-47.28
-41.17
-34.80
-29.34
-25.48
-23.34
-22.42
-21.89
-20.78
-18.50
-15.13
-11.43
-8.48
-7.15
-7.68
-9.54
-11.63
-12.77
-12.26
-10.15
-7.10
-4.01
-1.66
-0.37
-0.07
-0.31
-0.48
0.20
2.41
6.53
12.18
18.17
22.72
24.37
22.80
19.15
15.68
14.47
16.26
19.89
22.80
22.44
17.57
9.01
-0.86
-9.24
-14.15
-15.08
-12.80
-8.67
-3.93
0.68
4.94
8.81
12.21
14.93
16.69
17.24
16.37
13.88
9.65
3.89
-2.52
-7.92
-10.13
-7.09
2.15
16.83
34.54
51.95
66.02
74.97
78.61
77.92
74.30
68.85
62.18
54.74
47.19
40.62
36.14
34.26
34.36
34.68
32.85
26.65
14.80
-2.87
-25.27
-50.09
-74.11
-94.04
-107.43
-113.88
-115.69
-117.45
-124.64
-141.75
-170.86
-210.91
-257.89
-305.54
-346.33
-372.58
-377.79
-357.99
-312.48
-244.33
-160.11
-69.02
18.76
93.49
147.62
177.50
184.20
173.22
152.81
131.51
115.99
109.67
112.08
119.16
124.60
121.57
105.09
74.30
33.52
-8.70
-42.63
-61.06
-62.19
-50.13
-33.13
-20.15
-17.41
-26.25
-42.91
-60.41
-71.28
-70.14
-55.66
-30.70
-0.56
29.47
56.01
77.94
95.29
107.93
115.28
116.77
112.96
106.19
99.91
96.96
97.99
100.97
101.95
97.03
84.32
65.18
43.86
25.73
14.95
12.80
17.24
24.16
29.33
30.03
25.70
17.41
6.86
-4.52
-15.71
-25.77
-33.60
-38.03
-38.32
-34.57
-27.96
-20.37
-13.77
-9.76
-9.10
-11.65
-16.34
-21.37
-24.63
-24.40
-20.08
-12.54
-3.98
3.00
6.40
5.74
2.14
-2.13
-4.63
-3.55
1.82
11.10
23.05
35.86
47.38
55.24
57.20
51.71
38.57
19.31
-3.01
-24.50
-41.65
-52.13
-55.26
-51.75
-43.16
-31.36
-18.31
-5.80
4.67
12.21
16.69
18.67
18.98
18.17
16.26
12.89
7.72
0.86
-7.05
-15.01
-21.94
-26.82
-28.66
-26.68
-20.59
-10.98
0.58
11.86
20.66
25.67
26.80
24.99
21.49
17.24
12.58
7.48
1.98
-3.51
-8.18
-11.22
-12.16
-11.14
-8.73
-5.67
-2.56
0.31
2.85
5.04
6.79
7.94
8.40
8.20
7.57
6.83
6.31
6.25
6.77
7.78
9.04
10.22
10.95
10.96
10.11
8.46
6.19
3.57
0.91
-1.49
-3.34
-4.47
-4.91
-4.91
-4.81
-4.89
-5.17
-5.40
-5.24
-4.42
-2.95
-1.07
0.82
2.35
3.28
3.61
3.47
3.10
2.72
2.53
2.69
3.34
4.48
5.84
6.88
6.83
5.08
1.43
-3.66
-9.12
-13.61
-15.92
-15.35
-11.89
-6.15
0.85
7.96
14.10
18.49
20.72
20.81
19.07
15.98
11.98
7.45
2.76
-1.72
-5.54
-8.30
-9.79
-10.05
-9.40
-8.28
-7.12
-6.11
-5.23
-4.24
-2.93
-1.21
0.71
2.44
3.56
3.84
3.43
2.71
2.13
1.94
2.10
2.37
2.53
2.51
2.44
2.47
2.64
2.84
2.87
2.65
2.29
2.05
2.15
2.63
3.29
3.86
4.18
4.29
4.36
4.54
4.82
5.01
4.83
4.13
2.97
1.61
0.28
-0.91
-2.08
-3.46
-5.15
-7.05
-8.83
-10.16
-10.80
-10.71
-10.04
-9.01
-7.86
-6.87
-6.29
-6.29
-6.73
-7.16
-6.92
-5.49
-2.81
0.56
3.73
5.86
6.65
6.37
5.67
5.13
5.04
5.30
5.62
5.66
5.08
3.56
0.91
-2.82
-7.13
-11.14
-13.78
-14.21
-12.13
-8.02
-2.86
2.20
6.25
8.85
10.12
10.49
10.52
10.58
10.72
10.71
10.24
9.18
7.69
6.14
4.86
3.93
3.05
1.79
-0.23
-3.01
-6.21
-9.23
-11.58
-13.01
-13.61
-13.65
-13.44
-13.16
-12.86
-12.44
-11.77
-10.72
-9.24
-7.41
-5.39
-3.37
-1.53
0.03
1.20
1.96
2.26
2.10
1.56
0.81
0.08
-0.37
-0.32
0.37
1.66
3.40
5.24
6.83
7.86
8.19
7.95
7.45
6.99
6.73
6.59
6.35
5.88
5.25
4.75
4.66
5.04
5.64
5.95
5.48
4.07
1.99
-0.23
-1.97
-2.93
-3.18
-3.13
-3.30
-4.01
-5.22
-6.59
-7.62
-7.97
-7.54
-6.61
-5.59
-4.88
-4.70
-5.10
-6.01
-7.28
-8.65
-9.74
-10.12
-9.47
-7.79
-5.45
-3.08
-1.24
-0.20
0.13
0.09
0.00
0.07
0.36
0.88
1.67
2.80
4.17
5.53
6.52
6.88
6.60
5.94
5.24
4.68
4.25
3.80
3.23
2.64
2.27
2.34
2.86
3.59
4.17
4.26
3.80
2.92
1.90
0.97
0.24
-0.26
-0.58
-0.79
-0.97
-1.19
-1.52
-1.90
-2.19
-2.19
-1.76
-0.94
0.01
0.72
0.88
0.36
-0.73
-2.14
-3.62
-4.98
-6.18
-7.17
-7.94
-8.44
-8.73
-8.89
-9.00
-9.03
-8.78
-7.98
-6.51
-4.57
-2.60
-1.07
-0.19
0.20
0.48
0.95
1.59
2.08
2.08
1.54
0.81
0.41
0.72
1.71
3.00
4.07
4.66
4.80
4.76
4.74
4.79
4.78
4.59
4.23
3.82
3.49
3.26
3.06
2.81
2.44
1.94
1.26
0.35
-0.86
-2.28
-3.68
-4.75
-5.27
-5.26
-5.01
-4.85
-4.97
-5.31
-5.64
-5.78
-5.74
-5.69
-5.82
-6.26
-6.92
-7.62
-8.12
-8.18
-7.58
-6.22
-4.19
-1.82
0.38
1.93
2.56
2.36
1.70
1.04
0.71
0.78
1.17
1.75
2.47
3.35
4.42
5.61
6.72
7.49
7.72
7.39
6.64
5.76
5.04
4.64
4.61
4.82
5.07
5.16
4.96
4.49
3.81
3.08
2.45
1.99
1.70
1.44
1.09
0.57
0.01
-0.37
-0.40
-0.12
0.18
0.08
-0.69
-2.02
-3.49
-4.53
-4.80
-4.30
-3.35
-2.46
-2.03
-2.25
-3.06
-4.24
-5.37
-5.96
-5.45
-3.48
-0.16
3.79
7.20
9.00
8.76
6.93
4.64
3.26
3.74
6.16
9.72
13.07
14.89
14.51
12.14
8.67
5.67
4.60
5.95
9.21
13.18
16.71
19.25
21.20
23.21
26.31
31.01
36.54
41.14
42.98
41.09
36.07
30.34
26.86
29.18
39.59
57.40
78.55
96.89
105.94
100.58
78.52
40.67
-7.10
-55.79
-96.26
-122.38
-133.06
-132.70
-129.56
-127.38
-131.57
-142.64
-153.45
-153.85
-138.55
-110.56
-79.04
-53.75
-39.63
-34.82
-30.81
-19.23
1.90
26.65
44.28
45.29
26.89
-4.16
-34.32
-48.41
-37.02
-0.85
50.62
103.63
144.93
164.91
160.20
129.51
84.07
39.27
7.59
-5.15
-0.52
13.65
27.66
33.69
27.06
8.33
-19.25
-51.79
-85.28
-115.64
-135.59
-141.68
-135.29
-121.27
-106.52
-92.08
-78.47
-64.85
-48.78
-27.73
-0.87
30.49
60.14
82.13
93.72
95.35
90.14
81.74
72.35
62.00
50.20
37.56
26.71
20.90
21.39
27.03
34.87
41.34
43.41
40.19
33.16
25.66
21.25
21.63
26.34
33.32
39.77
43.31
43.01
39.56
34.95
31.44
30.28
31.56
34.56
38.06
40.34
39.52
33.63
21.41
3.14
-18.80
-41.13
-59.87
-71.89
-76.30
-74.39
-68.96
-62.86
-57.76
-54.05
-51.44
-49.78
-49.32
-50.64
-53.53
-57.34
-60.86
-62.93
-62.95
-60.40
-56.64
-51.58
-44.60
-34.00
-18.41
2.88
29.27
58.55
87.16
110.93
126.23
128.43
117.96
97.56
71.34
43.46
17.05
-6.32
-26.08
-42.19
-55.03
-64.03
-68.74
-69.03
-65.33
-58.68
-50.72
-43.25
-38.24
-37.52
-41.81
-50.82
-62.52
-73.26
-78.59
-74.81
-60.11
-35.97
-6.74
22.32
46.80
64.71
77.01
86.48
93.67
99.50
103.85
105.87
104.96
101.31
96.03
90.47
85.37
80.41
74.88
67.85
58.95
48.85
38.87
30.28
23.63
18.41
13.22
6.78
-1.88
-12.83
-25.15
-37.22
-47.18
-53.45
-55.13
-52.22
-45.34
-35.87
-25.49
-15.86
-8.31
-3.63
-2.14
-3.83
-8.42
-15.24
-23.41
-31.70
-38.73
-43.26
-44.60
-42.88
-38.94
-34.07
-29.44
-25.80
-23.32
-21.68
-20.34
-18.71
-16.43
-13.37
-9.64
-5.53
-1.48
2.01
4.51
5.72
5.56
4.20
1.95
-0.81
-3.73
-6.64
-9.45
-12.24
-15.05
-17.88
-20.60
-22.96
-24.62
-25.16
-24.12
-21.18
-16.26
-9.63
-2.02
5.56
12.09
16.84
19.58
20.58
20.38
19.50
18.23
16.57
14.44
11.82
8.88
5.88
3.10
0.60
-1.70
-3.89
-6.04
-8.05
-9.80
-11.17
-12.11
-12.64
-12.75
-12.38
-11.40
-9.79
-7.59
-5.04
-2.46
-0.13
1.77
3.22
4.28
5.06
5.59
5.84
5.75
5.31
4.59
3.79
3.15
2.87
3.06
3.62
4.43
5.30
6.12
6.79
7.32
7.71
7.97
8.10
8.16
8.21
8.35
8.59
8.91
9.20
9.35
9.27
8.94
8.39
7.68
6.87
6.02
5.18
4.40
3.70
3.10
2.58
2.14
1.81
1.66
1.76
2.11
2.69
3.35
3.97
4.44
4.72
4.84
4.83
4.69
4.38
3.82
2.93
1.71
0.20
-1.46
-3.09
-4.56
-5.72
-6.54
-6.99
-7.09
-6.88
-6.49
-6.05
-5.66
-5.37
-5.17
-5.04
-4.99
-5.10
-5.43
-6.01
-6.73
-7.36
-7.66
-7.48
-6.84
-5.88
-4.73
-3.51
-2.19
-0.70
1.00
2.88
4.80
6.58
7.99
8.90
9.18
8.84
7.96
6.73
5.30
3.85
2.41
0.90
-0.81
-2.83
-5.14
-7.59
-9.95
-12.01
-13.61
-14.69
-15.22
-15.19
-14.61
-13.55
-12.17
-10.74
-9.45
-8.39
-7.35
-5.88
-3.51
-0.03
4.26
8.55
11.79
13.14
12.20
9.21
4.85
0.00
-4.52
-8.10
-10.29
-10.77
-9.37
-6.19
-1.72
3.22
7.57
10.43
11.33
10.34
8.03
5.24
2.70
0.77
-0.50
-1.36
-1.98
-2.38
-2.46
-2.03
-1.03
0.47
2.29
4.28
6.34
8.46
10.62
12.76
14.74
16.41
17.62
18.29
18.35
17.78
16.64
15.05
13.24
11.44
9.88
8.58
7.51
6.54
5.55
4.51
3.48
2.60
1.96
1.61
1.52
1.63
1.83
1.98
1.87
1.29
0.08
-1.76
-4.04
-6.45
-8.60
-10.23
-11.21
-11.53
-11.24
-10.41
-9.12
-7.48
-5.68
-3.94
-2.42
-1.22
-0.29
0.46
1.11
1.63
1.89
1.77
1.18
0.19
-1.02
-2.17
-3.07
-3.63
-3.93
-4.08
-4.20
-4.27
-4.24
-4.02
-3.63
-3.16
-2.73
-2.43
-2.20
-1.93
-1.53
-1.01
-0.54
-0.31
-0.44
-0.91
-1.53
-2.06
-2.31
-2.26
-2.00
-1.64
-1.24
-0.76
-0.16
0.58
1.33
1.93
2.18
2.04
1.55
0.91
0.30
-0.12
-0.30
-0.25
-0.03
0.34
0.80
1.35
1.94
2.48
2.89
3.09
3.06
2.81
2.43
2.05
1.78
1.65
1.61
1.56
1.39
1.09
0.71
0.39
0.22
0.24
0.38
0.53
0.59
0.50
0.30
0.03
-0.20
-0.38
-0.50
-0.63
-0.82
-1.10
-1.44
-1.77
-2.00
-2.08
-2.03
-1.94
-1.93
-2.11
-2.49
-3.01
-3.55
-4.00
-4.25
-4.27
-4.07
-3.70
-3.29
-2.96
-2.83
-2.96
-3.39
-4.08
-4.96
-5.93
-6.94
-7.94
-8.89
-9.80
-10.65
-11.48
-12.31
-13.18
-14.13
-15.10
-15.99
-16.54
-16.50
-15.65
-13.97
-11.60
-8.83
-6.00
-3.34
-1.01
0.99
2.65
3.98
5.06
5.97
6.84
7.66
8.43
9.03
9.30
9.15
8.61
7.76
6.68
5.36
3.73
1.73
-0.60
-3.12
-5.54
-7.57
-8.93
-9.43
-9.02
-7.74
-5.81
-3.52
-1.22
0.85
2.56
3.91
4.92
5.68
6.25
6.73
7.29
8.20
9.68
11.75
14.17
16.46
18.14
18.93
18.82
18.01
16.80
15.40
14.00
12.75
11.85
11.46
11.57
11.89
12.00
11.50
10.32
8.79
7.44
6.77
6.93
7.71
8.70
9.53
10.12
10.57
11.00
11.39
11.49
10.97
9.64
7.58
5.13
2.75
0.78
-0.68
-1.81
-2.85
-4.00
-5.29
-6.63
-7.90
-9.09
-10.36
-11.93
-13.91
-16.22
-18.58
-20.60
-21.91
-22.29
-21.70
-20.19
-17.86
-14.80
-11.12
-7.05
-2.90
0.91
3.98
6.02
6.94
6.88
6.14
5.07
3.93
2.88
1.96
1.24
0.85
1.01
1.90
3.53
5.62
7.69
9.21
9.83
9.51
8.48
7.09
5.68
4.42
3.37
2.51
1.82
1.28
0.80
0.28
-0.46
-1.48
-2.75
-4.04
-5.06
-5.47
-5.09
-3.89
-2.08
-0.00
1.90
3.27
3.85
3.62
2.78
1.65
0.62
0.02
0.02
0.69
1.92
3.53
5.22
6.72
7.73
8.09
7.79
7.01
6.08
5.35
5.05
5.27
5.92
6.79
7.66
8.36
8.81
9.02
9.02
8.86
8.54
8.02
7.23
6.13
4.69
2.92
0.86
-1.45
-3.99
-6.69
-9.43
-12.02
-14.25
-15.97
-17.13
-17.81
-18.20
-18.42
-18.55
-18.54
-18.27
-17.60
-16.42
-14.74
-12.63
-10.22
-7.69
-5.17
-2.73
-0.40
1.90
4.26
6.68
9.09
11.35
13.25
14.64
15.47
15.81
15.80
15.53
14.96
13.98
12.42
10.25
7.60
4.75
2.03
-0.31
-2.16
-3.53
-4.46
-4.97
-5.03
-4.57
-3.56
-2.07
-0.26
1.58
3.15
4.22
4.64
4.44
3.78
2.87
1.90
1.08
0.51
0.29
0.43
0.84
1.41
1.99
2.44
2.76
3.04
3.36
3.73
4.08
4.27
4.19
3.84
3.31
2.71
2.13
1.57
1.00
0.39
-0.27
-0.93
-1.59
-2.29
-3.15
-4.31
-5.84
-7.67
-9.61
-11.36
-12.62
-13.20
-13.04
-12.27
-11.07
-9.63
-8.11
-6.58
-5.05
-3.57
-2.19
-1.02
-0.15
0.36
0.54
0.50
0.39
0.41
0.66
1.11
1.65
2.12
2.47
2.78
3.26
4.20
5.84
8.12
10.70
13.05
14.79
15.89
16.63
17.56
19.24
22.06
25.87
30.00
33.49
35.63
36.29
35.94
35.52
36.08
38.55
42.88
48.05
52.46
54.70
54.25
51.58
47.81
44.28
42.02
40.67
38.62
33.58
23.62
7.79
-13.97
-41.27
-73.70
-107.30
-136.46
-155.53
-162.04
-157.89
-146.83
-131.80
-113.82
-92.45
-67.24
-39.52
-12.71
9.07
22.86
28.43
27.92
24.24
19.57
17.27
20.33
31.42
51.98
80.36
110.42
132.96
139.80
129.12
107.80
87.99
80.60
88.77
105.81
118.50
114.19
86.47
37.84
-21.44
-79.06
-126.89
-164.26
-196.63
-231.53
-273.40
-321.33
-369.14
-408.33
-432.18
-437.93
-426.87
-402.12
-366.66
-322.41
-272.17
-221.72
-180.50
-159.52
-166.23
-199.43
-247.76
-293.39
-319.14
-315.62
-284.14
-234.15
-177.80
-124.51
-78.13
-37.69
-0.77
34.05
66.27
94.47
117.89
137.25
