1530145803.000000, IBI
12.563075,0.906291
13.531869,0.968794
14.516289,0.984420
15.360078,0.843789
16.391375,1.031297
17.375795,0.984420
18.282087,0.906291
19.297758,1.015671
20.172798,0.875040
21.141593,0.968794
22.141639,1.000046
22.938550,0.796911
24.032350,1.093800
25.001144,0.968794
26.016816,1.015671
26.938733,0.921917
27.876276,0.937543
28.891948,1.015671
29.813865,0.921917
30.782659,0.968794
31.782705,1.000046
45.970854,0.937543
47.002151,1.031297
47.939694,0.937543
48.908489,0.968794
49.877283,0.968794
50.799200,0.921917
51.736743,0.937543
58.596432,0.984420
59.612104,1.015671
60.612149,1.000046
61.580944,0.968794
68.753147,0.750034
74.300276,0.875040
75.222193,0.921917
76.175362,0.953169
77.019150,0.843789
77.909816,0.890666
78.847359,0.937543
79.722399,0.875040
80.691194,0.968794
81.722491,1.031297
82.628782,0.906291
83.581951,0.953169
102.832832,0.968794
103.692246,0.859414
104.598538,0.906291
105.536081,0.937543
106.426747,0.890666
107.364290,0.937543
108.301832,0.937543
109.192498,0.890666
110.036287,0.843789
110.973830,0.937543
111.786367,0.812537
112.661407,0.875040
113.552073,0.890666
114.380236,0.828163
115.317779,0.937543
116.224070,0.906291
117.052233,0.828163
117.896022,0.843789
118.739810,0.843789
119.583599,0.843789
120.458639,0.875040
121.411808,0.953169
122.271222,0.859414
123.208765,0.937543
124.099431,0.890666
124.958845,0.859414
125.849511,0.890666
126.724551,0.875040
127.583965,0.859414
128.490257,0.906291
129.365297,0.875040
130.240337,0.875040
131.209131,0.968794
132.209177,1.000046
133.240474,1.031297
134.303023,1.062549
135.303068,1.000046
136.271863,0.968794
137.303160,1.031297
138.209451,0.906291
139.178246,0.968794
140.131414,0.953169
141.022080,0.890666
141.959623,0.937543
142.975295,1.015671
143.881586,0.906291
144.866006,0.984420
145.803549,0.937543
146.662963,0.859414
147.616132,0.953169
148.475546,0.859414
149.381838,0.906291
150.288129,0.906291
151.210047,0.921917
152.085087,0.875040
153.022629,0.937543
153.866418,0.843789
154.741458,0.875040
155.616498,0.875040
156.522790,0.906291
157.413455,0.890666
158.350998,0.937543
159.179161,0.828163
160.132330,0.953169
161.069873,0.937543
161.944913,0.875040
162.866830,0.921917
163.804373,0.937543
164.679413,0.875040
165.554453,0.875040
166.460745,0.906291
167.351410,0.890666
168.257702,0.906291
169.148368,0.890666
170.039033,0.890666
170.992202,0.953169
171.882868,0.890666
172.789159,0.906291
173.773579,0.984420
174.679871,0.906291
175.633039,0.953169
176.601834,0.968794
177.555002,0.953169
178.570674,1.015671
179.445714,0.875040
180.367631,0.921917
190.727480,0.765660
191.508766,0.781286
192.274426,0.765660
193.008835,0.734409
193.758869,0.750034
194.462026,0.703157
195.165184,0.703157
195.852715,0.687531
199.931027,0.656280
200.618558,0.687531
201.290464,0.671906
202.009247,0.718783
202.696778,0.687531
203.368684,0.671906
210.118993,0.656280
210.837776,0.718783
211.665939,0.828163
212.259716,0.593777
213.103505,0.843789
213.994170,0.890666
222.791448,0.750034
223.494605,0.703157
245.058092,0.718783
245.901881,0.843789
246.589412,0.687531
253.589733,0.796911
254.371019,0.781286
255.308562,0.937543
262.558893,0.718783
263.293302,0.734409
264.027711,0.734409
264.777745,0.750034
265.543405,0.765660
266.293439,0.750034
267.059099,0.765660
267.824759,0.765660
276.497031,0.765660
277.278317,0.781286
278.012726,0.734409
278.747134,0.734409
279.481543,0.734409
283.106709,0.734409
283.887995,0.781286
284.653655,0.765660
285.372438,0.718783
286.138098,0.765660
286.903758,0.765660
287.606915,0.703157
288.356949,0.750034
289.091358,0.734409
295.310393,0.734409
296.091678,0.781286
296.872964,0.781286
297.685501,0.812537
298.419910,0.734409
299.169944,0.750034
299.966856,0.796911
300.701264,0.734409
301.435673,0.734409
302.201333,0.765660
302.904490,0.703157
303.623273,0.718783
304.310805,0.687531
305.076465,0.765660
305.732745,0.656280
306.529656,0.796911
307.232813,0.703157
307.998473,0.765660
308.748508,0.750034
309.561045,0.812537
310.357956,0.796911
311.154868,0.796911
311.998657,0.843789
312.826819,0.828163
313.623731,0.796911
314.405017,0.781286
315.201928,0.796911
315.951962,0.750034
316.748874,0.796911
317.545785,0.796911
318.327071,0.781286
325.155509,0.437520
325.514900,0.359391
329.311949,0.781286
330.093235,0.781286
330.718263,0.625029
331.358918,0.640654
332.124578,0.765660
332.843361,0.718783
333.640272,0.796911
334.390306,0.750034
335.155967,0.765660
338.843635,0.718783
339.624921,0.781286
340.406207,0.781286
341.124990,0.718783
348.547204,0.828163
349.265987,0.718783
350.031647,0.765660
350.844185,0.812537
351.641096,0.796911
356.375688,0.796911
357.141348,0.765660
357.907008,0.765660
358.735171,0.828163
367.532449,0.703157
368.298109,0.765660
369.048143,0.750034
369.845054,0.796911
370.579463,0.734409
371.345123,0.765660
372.079532,0.734409
372.845192,0.765660
373.595226,0.750034
382.580012,0.734409
383.314421,0.734409
387.127095,0.765660
387.924007,0.796911
388.736544,0.812537
389.549081,0.812537
394.002410,0.734409
394.768070,0.765660
395.518105,0.750034
402.502799,0.796911
403.237208,0.734409
403.955991,0.718783
404.752902,0.796911
405.456059,0.703157
406.206094,0.750034
406.971754,0.765660
410.581294,0.750034
411.393831,0.812537
412.175117,0.781286
412.956403,0.781286
413.753314,0.796911
414.581477,0.828163
415.347137,0.765660
416.159674,0.812537
416.972212,0.812537
417.784749,0.812537
418.597286,0.812537
419.409823,0.812537
420.175483,0.765660
420.988020,0.812537
428.238352,0.781286
429.050889,0.812537
429.863427,0.812537
430.644712,0.781286
431.504127,0.859414
432.316664,0.812537
433.113575,0.796911
433.910487,0.796911
434.769901,0.859414
460.411700,0.765660
461.146109,0.734409
461.958646,0.812537
462.771183,0.812537
463.661849,0.890666
464.521263,0.859414
465.427555,0.906291
466.396349,0.968794
467.240138,0.843789
468.162055,0.921917
469.068346,0.906291
469.912135,0.843789
470.740298,0.828163
471.505958,0.765660
472.255992,0.750034
473.006027,0.750034
473.724809,0.718783
474.506095,0.781286
475.240504,0.734409
476.006164,0.765660
476.709321,0.703157
477.365601,0.656280
478.131261,0.765660
478.787541,0.656280
479.490698,0.703157
480.178230,0.687531
480.912638,0.734409
481.662673,0.750034
482.412707,0.750034
483.209619,0.796911
483.897150,0.687531
484.647184,0.750034
485.319090,0.671906
486.006622,0.687531
486.694153,0.687531
487.397310,0.703157
488.069216,0.671906
488.772373,0.703157
489.459905,0.687531
490.178688,0.718783
490.897470,0.718783
507.741992,0.828163
508.585780,0.843789
509.367066,0.781286
510.132726,0.765660
510.851509,0.718783
511.570292,0.718783
512.335952,0.765660
513.101612,0.765660
513.882898,0.781286
514.586055,0.703157
515.289212,0.703157
516.007995,0.718783
529.133596,0.812537
529.742999,0.609403
530.446156,0.703157
535.008865,0.843789
535.837028,0.828163
536.649565,0.812537
537.508979,0.859414
538.305891,0.796911
580.464070,0.875040
581.323484,0.859414
582.198524,0.875040
583.026687,0.828163
583.854850,0.828163
584.683013,0.828163
585.604930,0.921917
586.433093,0.828163
587.245631,0.812537
588.105045,0.859414
588.948833,0.843789
589.745745,0.796911
590.589534,0.843789
591.370819,0.781286
592.214608,0.843789
593.042771,0.828163
593.824057,0.781286
594.683471,0.859414
595.480382,0.796911
596.324171,0.843789
597.199211,0.875040
597.964871,0.765660
620.294018,0.703157
621.122181,0.828163
642.341902,0.750034
643.029434,0.687531
643.795094,0.765660
655.420626,0.875040
656.233163,0.812537
665.405458,0.703157
669.515021,0.703157
670.233804,0.718783
670.936961,0.703157
696.453754,0.781286
697.250666,0.796911
698.094455,0.843789
698.906992,0.812537
699.610149,0.703157
700.328932,0.718783
701.141469,0.812537
701.922755,0.781286
702.672789,0.750034
703.579081,0.906291
704.360366,0.781286
736.611843,0.718783
737.393128,0.781286
738.049408,0.656280
738.830694,0.781286
739.533851,0.703157
745.377869,0.765660
762.909921,0.640654
763.581827,0.671906
774.019805,0.937543
774.816716,0.796911
779.316922,0.890666
841.741655,0.843789
842.522941,0.781286
843.319852,0.796911
844.101138,0.781286
938.074189,0.890666
938.761721,0.687531
1278.246010,0.656280
1279.089799,0.843789
1279.933588,0.843789
1280.699248,0.765660
1312.653835,0.765660
1313.435121,0.781286
1314.278910,0.843789
1315.091447,0.812537
1315.935236,0.843789
1316.857153,0.921917
1317.700941,0.843789
1318.529104,0.828163
1319.482273,0.953169
1320.279184,0.796911
1350.264932,0.765660
1351.093095,0.828163
1432.315563,0.718783
1433.081223,0.765660
1446.409958,0.843789
1447.378752,0.968794
1448.175664,0.796911
1449.206961,1.031297
1450.113252,0.906291
1450.957041,0.843789
1451.957087,1.000046
1460.441850,0.875040
1461.113756,0.671906
1462.082550,0.968794
1462.988842,0.906291
1463.910759,0.921917
1464.754548,0.843789
1465.754593,1.000046
1466.551505,0.796911
1467.442171,0.890666
1482.911629,0.843789
1483.692914,0.781286
1495.115312,0.875040
1495.802844,0.687531
1496.646632,0.843789
1497.506047,0.859414
1498.287333,0.781286
1499.193624,0.906291
1500.006161,0.812537
1500.787447,0.781286
1501.599984,0.812537
1502.303141,0.703157
1503.146930,0.843789
1503.943841,0.796911
1504.834507,0.890666
1505.772050,0.937543
1506.600213,0.828163
1507.537756,0.937543
1508.272165,0.734409
1509.053450,0.781286
1509.865988,0.812537
1510.584770,0.718783
1511.537939,0.953169
1512.334851,0.796911
1513.178639,0.843789
1514.241188,1.062549
1515.022474,0.781286
1515.944391,0.921917
1516.881934,0.937543
1517.678845,0.796911
1518.647640,0.968794
1519.460177,0.812537
1520.335217,0.875040
1521.272760,0.937543
1536.429703,0.906291
1537.210989,0.781286
1635.981135,0.953169
1636.809298,0.828163
1637.668713,0.859414
1638.543753,0.875040
1639.403167,0.859414
1640.309458,0.906291
1641.168873,0.859414
1642.028287,0.859414
1642.903327,0.875040
1643.809619,0.906291
1644.637782,0.828163
1645.528447,0.890666
1646.403487,0.875040
1647.278527,0.875040
1648.216070,0.937543
1649.122362,0.906291
1649.981776,0.859414
1650.950571,0.968794
1651.888113,0.937543
1652.778779,0.890666
1653.669445,0.890666
1654.591362,0.921917
1655.450777,0.859414
1656.357068,0.906291
1657.278985,0.921917
1673.264092,0.718783
1674.061003,0.796911
1728.626001,0.578151
1729.376035,0.750034
1729.922935,0.546900
1874.007656,1.109426
1881.492373,1.093800
1882.711179,1.218806
1883.820605,1.109426
1885.008159,1.187554
